revisions	files	functions	lines	addLines	deleteLines	pos	time	rf	ibf	isComponent	distance
a8fad3442db5	0.06763153833293722	0.2310675454387666	0.3529655854182781	0.35028587083897605	0.13229220389380872	0.012987012987012988	0.02702702702702703	1.0	0.634308476282975	0	1.0
a616678f3854	0.06763153833293722	0.14167841682498472	0.1866744280298992	0.1444816272328475	0.185695584875566	0.011764705882352941	0.5	1.0	0.8240638416904769	0	0.06666666666666667
943d4a809b1b	0.06763153833293722	0.11816600049205804	0.3022869412151867	0.28896325446569493	0.20967818230944416	0.013333333333333334	0.03125	1.0	0.6021980603764571	0	0.3333333333333333
2f12a69d0350	0.45717183411277906	0.5393224246657808	0.6054766491069599	0.5875857418462572	0.5468157052941017	0.012658227848101266	0.022727272727272728	1.0	0.763493463340568	1	0.2
2011122f1e63	0.0	0.29694425771962174	0.26665833602805705	0.24604927197391604	0.20967818230944416	0.011627906976744186	0.03571428571428571	1.0	0.8240638416904769	0	0.1
59d90e78441e	0.06763153833293722	0.14167841682498472	0.30533033178017055	0.2941941407259178	0.19843830584071306	0.020833333333333332	0.125	1.0	1.0	1	1.0
805e2dbf1d5a	0.23123375686324976	0.20755512910583993	0.3253622461067884	0.24604927197391604	0.363264674787245	0.015384615384615385	0.041666666666666664	1.0	0.634308476282975	0	0.1
11ad72e8d021	0.06763153833293722	0.08938912861378186	0.11246231544070878	0.0986240537385567	0.06614610194690436	0.015873015873015872	0.047619047619047616	1.0	0.763493463340568	0	0.5
1d997c9cd906	0.06763153833293722	0.19396770503618765	0.3165664053379244	0.3111242496074288	0.15358649247780087	0.06666666666666667	0.2	1.0	1.0	1	1.0
8c23756b7c1e	0.0	0.052289288211202906	0.2852984174535528	0.2754236600741	0.17098519310162644	0.01282051282051282	0.022222222222222223	1.0	0.763493463340568	0	0.2
c5dd7af990ed	0.0	0.0	0.2733111142076621	0.21925311390470442	0.2858786963716096	0.01639344262295082	0.05555555555555555	1.0	0.89990684473683	1	1.0
f0c413954535	0.2089607343063329	0.3356461218611724	0.43199664145782707	0.3972250415423424	0.4181709002654183	0.015873015873015872	0.043478260869565216	1.0	0.763493463340568	0	1.0
36ee008cf2ad	0.1156168784316249	0.25094701019234067	0.34072646875661666	0.3191688659342263	0.2858786963716096	0.5	0.16666666666666666	1.0	0.89990684473683	1	1.0
4e3f11acd75b	0.0	0.052289288211202906	0.1350231695040073	0.0986240537385567	0.13229220389380872	0.011363636363636364	0.04	1.0	0.3306059703306862	0	0.1
870bdb7ff9c8	0.1156168784316249	0.2413899532786789	0.35384141113454926	0.346583429312739	0.20967818230944416	0.011494252873563218	0.02	1.0	0.3306059703306862	0	1.0
67fa86f2ed04	0.23123375686324976	0.17877825722756366	0.2110863048643623	0.18088083104991842	0.185695584875566	0.012048192771084338	0.058823529411764705	1.0	0.8240638416904769	1	0.16666666666666666
6619a82e64d0	0.4212912781155082	0.5403031233277195	0.6764063721682093	0.6755878565816299	0.3392820773533669	0.05263157894736842	0.05263157894736842	1.0	0.89990684473683	1	1.0
1b8a3e40ee3b	0.33608561660650377	0.40435726148239093	0.4618365650087258	0.4049465448062133	0.4855024665657926	0.012658227848101266	0.023255813953488372	1.0	0.763493463340568	1	0.1
2b8fca1b97d6	0.06763153833293722	0.17877825722756366	0.32169759753390653	0.18667454976445727	0.3858229375220214	0.012658227848101266	0.08333333333333333	1.0	0.763493463340568	1	1.0
2ddbcd35497d	0.0	0.17877825722756366	0.2619324331157728	0.22307375358152826	0.2518416868224704	0.011627906976744186	0.027777777777777776	1.0	0.7134105145446993	0	0.25
8aac0154970d	0.2089607343063329	0.3032362984035436	0.35892416986625436	0.3111242496074288	0.3653620922553896	0.013157894736842105	0.02857142857142857	1.0	0.634308476282975	0	0.04
fff70558a434	0.1156168784316249	0.14167841682498472	0.32655128897148417	0.3138866670219051	0.22882791652472703	0.012195121951219513	0.06666666666666667	1.0	0.89990684473683	1	0.14285714285714285
f2a0a4315195	0.5558113696012077	0.5269326231991397	0.5256181432578809	0.47008315751417046	0.5513535801688276	0.011627906976744186	0.02127659574468085	1.0	0.763493463340568	1	0.07692307692307693
5b2f5b265733	0.18324841676456208	0.3830683701036636	0.47675268136453164	0.47008315751417046	0.32457168557942734	0.015151515151515152	0.05	1.0	0.5737380979330663	0	1.0
a6b6e3cf36a4	0.9011660316653285	1.0	1.0	1.0	0.06614610194690436	0.011363636363636364	0.019230769230769232	1.0	0.30863597710586976	0	1.0
ad188193a916	0.18324841676456208	0.19396770503618765	0.49884436724308107	0.45891072178060205	0.49919765032625535	0.014492753623188406	0.07692307692307693	1.0	0.5737380979330663	0	1.0
2bc794b05dce	0.06763153833293722	0.21984644927517105	0.3950483989694681	0.39053089920676354	0.20967818230944416	0.011363636363636364	0.03225806451612903	1.0	0.3306059703306862	0	0.5
bb5436a892c1	0.0	0.0	0.0	0.0	0.0	0.0	0.0	0.0	0.0	0	0.0
430a69c99a3d	0.3569628159789997	0.3356461218611724	0.362950469051838	0.3253624582827659	0.35202479831851397	0.012658227848101266	0.09090909090909091	1.0	0.763493463340568	1	0.16666666666666666
cee0ef87cf7d	0.06763153833293722	0.17877825722756366	0.20670634235651703	0.18088083104991842	0.17098519310162644	0.012658227848101266	0.024390243902439025	1.0	0.763493463340568	1	0.3333333333333333
8870deb3cd89	0.7360543015010115	0.7432839736633603	0.733626838882853	0.6902862430604149	0.7544408310102046	0.011363636363636364	0.02040816326530612	1.0	0.3229228352208153	0	0.08333333333333333
a4775e530f17	0.0	0.2310675454387666	0.44676847422840404	0.3826670915662682	0.47751985692637283	0.015384615384615385	0.029411764705882353	1.0	0.634308476282975	0	1.0
988ce607c302	0.31221641060425004	0.26816738584134553	0.35726168857966106	0.32169780732008496	0.3419703862032529	0.012345679012345678	0.025	1.0	0.8240638416904769	1	1.0
95da06f756f9	0.06763153833293722	0.11816600049205804	0.2975191965758062	0.29248415602632033	0.13229220389380872	0.011494252873563218	0.038461538461538464	1.0	0.3306059703306862	0	0.3333333333333333
894fe07157c0	0.28435180646288283	0.32045667405254846	0.4693637168858254	0.4572735065108259	0.3694234989423395	0.014084507042253521	0.034482758620689655	1.0	0.5737380979330663	0	1.0
c7885ebf562b	0.06763153833293722	0.2413899532786789	0.31251587961762084	0.1921169119349664	0.371391169751132	0.01282051282051282	0.045454545454545456	1.0	0.763493463340568	0	0.16666666666666666
bbac3d3dec30	0.15283719984194166	0.3492335459308247	0.43731011071919407	0.422781507587797	0.35202479831851397	0.011363636363636364	0.0196078431372549	1.0	0.3306059703306862	0	0.1111111111111111
9e8471cd2292	0.0	0.2759856130067989	0.3733488560597984	0.33227136503274113	0.3694234989423395	0.011904761904761904	0.02631578947368421	1.0	0.763493463340568	0	1.0
9c1a07318794	0.0	0.0	0.08225672366991757	0.0822567773113617	0.0	0.015384615384615385	0.037037037037037035	1.0	0.634308476282975	0	0.2
9ec001189148	0.18324841676456208	0.32572112959789795	0.4829610456471109	0.4429750398501211	0.4825107277201893	0.011764705882352941	0.1	1.0	0.7134105145446993	0	1.0
610c1756da93	0.23123375686324976	0.42262468958867977	0.6082854859346631	0.5312271337204609	0.6602417670186419	0.5	0.1111111111111111	1.0	0.89990684473683	1	1.0
4c6dfd082e65	0.1156168784316249	0.17877825722756366	0.2852984174535528	0.27748746320483414	0.15358649247780087	0.012048192771084338	0.023809523809523808	1.0	0.763493463340568	0	1.0
7606620a81fa	0.15283719984194166	0.20755512910583993	0.3165664053379244	0.3082741218954018	0.185695584875566	0.014925373134328358	0.030303030303030304	1.0	0.6021980603764571	0	1.0
526fbc656da7	0.28435180646288283	0.3797185388412312	0.4929350419574071	0.4078583075926847	0.5436659588732772	0.013157894736842105	0.02564102564102564	1.0	0.6021980603764571	0	1.0
2d7b8d4d6f95	0.32457761273795777	0.11816600049205804	0.25947278819060676	0.21108644251844974	0.26458440778761744	0.012195121951219513	1.0	1.0	0.8240638416904769	1	0.3333333333333333
e2fe8fffc58a	0.33608561660650377	0.43862267454460646	0.5484358542170414	0.493304793901436	0.5750402745648338	0.011627906976744186	0.14285714285714285	1.0	0.634308476282975	1	1.0
69ff652bd805	0.06763153833293722	0.2598444173170428	0.39882312900784195	0.3484537361784948	0.41073113535744094	0.5	0.25	1.0	1.0	1	1.0
4d36a0faa1b4	0.0	0.19396770503618765	0.2460491115198026	0.18088083104991842	0.2703697338015283	0.011363636363636364	0.03333333333333333	1.0	0.3306059703306862	0	0.05
7fb5ef1cea79	0.0	0.0	0.03639918008035379	0.036399203817070964	0.0	0.011363636363636364	0.0625	1.0	0.3306059703306862	0	0.0625
c0014dbb11c4	0.06763153833293722	0.052289288211202906	0.14448153301321734	0.0986240537385567	0.15358649247780087	0.011627906976744186	0.07142857142857142	1.0	0.8240638416904769	0	0.02857142857142857
f2258c95c059	0.0	0.0	0.03639918008035379	0.0	0.06614610194690436	0.011363636363636364	0.021739130434782608	1.0	0.3306059703306862	0	0.043478260869565216
d7e97044f027	0.18324841676456208	0.2759856130067989	0.33971209159248816	0.3355361423614212	0.15358649247780087	0.01282051282051282	0.3333333333333333	1.0	0.763493463340568	0	0.16666666666666666
