revisions	files	functions	lines	addLines	deleteLines	pos	time	rf	ibf	isComponent	distance
1e631be686a4	0.0	0.0	0.1866744280298992	0.0822567773113617	0.23713129504853078	0.022556390977443608	0.0625	0.9565217391304347	0.7674432176298361	0	0.25
4bcceb38adf6	0.23123375686324976	0.37274596226375134	0.530010353725887	0.5297654219305522	0.10483909115472208	0.0510948905109489	0.02	1.0	1.0	0	0.5
b294bac27cbb	0.15283719984194166	0.4071307286455093	0.5329025692018798	0.4967405771095386	0.5276659710788189	0.023809523809523808	0.027777777777777776	0.9565217391304347	0.7674432176298361	1	0.5
be0dd134b91e	0.15283719984194166	0.26816738584134553	0.342721471388412	0.2941941407259178	0.3496087539992568	0.5	1.0	1.0	0.7674432176298361	0	0.2
d9ffd10e8555	0.1156168784316249	0.14167841682498472	0.25166165298624243	0.24604927197391604	0.10483909115472208	0.023255813953488372	0.14285714285714285	0.9565217391304347	0.7674432176298361	1	0.034482758620689655
9d2d76c28ffc	0.1156168784316249	0.29694425771962174	0.3322711483513144	0.27748746320483414	0.3471299483142037	0.07692307692307693	0.1111111111111111	0.9130434782608695	1.0	1	1.0
44a4cf43ec91	0.5587636572410989	0.5213969556662159	0.5879072357574254	0.4747355706819476	0.6593884499774104	0.03553299492385787	0.0196078431372549	1.0	0.7674432176298361	0	1.0
f485e04961fe	0.06763153833293722	0.3615248661001558	0.4376534053014468	0.40244578470528286	0.42507236360232326	0.023809523809523808	0.037037037037037035	0.9565217391304347	0.7674432176298361	1	1.0
c287e495f29f	0.15283719984194166	0.3575565144551274	0.5666948461767176	0.5151252751203745	0.5897506663387734	0.04142011834319527	0.03125	1.0	0.7674432176298361	0	1.0
be1f70b531e4	0.39996868489450776	0.515612970475485	0.5487345946719675	0.51263349849696	0.5443042800041326	0.03125	0.013157894736842105	0.9565217391304347	1.0	0	1.0
18c67f102f36	0.06763153833293722	0.19396770503618765	0.3022869412151867	0.2754236600741	0.26458440778761744	0.01910828025477707	0.01818181818181818	0.9565217391304347	0.7674432176298361	0	0.5
622a772c8f47	0.0	0.0	0.2110863048643623	0.1921169119349664	0.15358649247780087	0.2	0.014285714285714285	1.0	1.0	0	0.06666666666666667
57157b6e2100	0.4624675137264996	0.5958085695553254	0.5829535283987878	0.5155579096078485	0.6250243496084569	0.2	0.01694915254237288	1.0	0.4732317041869031	0	1.0
ba502b52fbfd	0.06763153833293722	0.21984644927517105	0.31251587961762084	0.3082741218954018	0.13229220389380872	1.0	0.015873015873015872	1.0	1.0	0	1.0
e6b3c494955b	0.1156168784316249	0.2759856130067989	0.342721471388412	0.3417297347099609	0.06614610194690436	0.07692307692307693	0.041666666666666664	0.9130434782608695	1.0	1	1.0
33462ce6832a	0.0	0.32045667405254846	0.3520811307382998	0.28340860774971316	0.38241440900252793	0.046296296296296294	0.09090909090909091	0.9130434782608695	0.634764624204745	0	0.2
5cf2b9c71921	0.0	0.2598444173170428	0.29913674347060804	0.24604927197391604	0.31091576479143906	1.0	0.016129032258064516	1.0	1.0	0	0.09090909090909091
a6120fb2cc09	0.0	0.0	0.16084879876695327	0.11246238877989302	0.17098519310162644	0.020270270270270268	0.3333333333333333	0.9565217391304347	0.7674432176298361	0	0.045454545454545456
77d364292802	0.1156168784316249	0.17877825722756366	0.2619324331157728	0.24006228842175747	0.20967818230944416	0.04142011834319527	0.038461538461538464	1.0	0.7674432176298361	0	0.022727272727272728
d31f25ca302d	0.0	0.17877825722756366	0.240062131871887	0.18667454976445727	0.2518416868224704	0.25	0.01639344262295082	1.0	0.7674432176298361	0	0.1
178fa6c7734d	0.0	0.14167841682498472	0.32044203267738586	0.2733112924399355	0.32457168557942734	0.04142011834319527	0.03333333333333333	1.0	0.7674432176298361	0	0.04
a4f1b8f9b5a3	0.0	0.0	0.03639918008035379	0.0	0.06614610194690436	0.2	0.014492753623188406	1.0	1.0	0	0.043478260869565216
9bf9ea30f520	0.06763153833293722	0.08938912861378186	0.1746871247840085	0.16803445618334878	0.06614610194690436	0.14285714285714285	0.023255813953488372	1.0	1.0	1	1.0
8ed8451a1ce5	0.2684540782735666	0.42016821050624265	0.5621030239880463	0.5521487281879607	0.4494241245652586	0.05384615384615384	0.02631578947368421	1.0	1.0	1	1.0
69a54bef1d54	0.1156168784316249	0.2413899532786789	0.33971209159248816	0.2666585099219055	0.37331908690250615	0.2	0.014084507042253521	1.0	1.0	0	0.3333333333333333
b8c63a046f4e	0.2089607343063329	0.38951777658204884	0.48759673934798464	0.4705593999170489	0.4181709002654183	0.01910828025477707	0.015151515151515152	0.9565217391304347	0.7674432176298361	0	1.0
e1dc9716e5c3	0.06763153833293722	0.0	0.1866744280298992	0.18088083104991842	0.06614610194690436	0.16666666666666666	0.02127659574468085	1.0	1.0	1	1.0
207c90b59860	0.0	0.0	0.03639918008035379	0.0	0.06614610194690436	0.1	0.05	1.0	1.0	1	0.16666666666666666
613e74a06a11	0.23123375686324976	0.3956599494367154	0.43199664145782707	0.40244578470528286	0.4054281793002713	0.03211009174311927	0.0136986301369863	1.0	0.7674432176298361	0	1.0
4e3f11acd75b	0.0	0.052289288211202906	0.1350231695040073	0.0986240537385567	0.13229220389380872	0.019444444444444445	0.058823529411764705	1.0	0.020171391671138444	0	0.1
9655b7e53263	0.06763153833293722	0.20755512910583993	0.3152364339923866	0.2795048847884751	0.2992159903084853	0.08333333333333333	0.5	1.0	0.7674432176298361	1	0.2
6bc1d6a24f5a	0.1156168784316249	0.16155788157855885	0.28147778026825165	0.2431056809714042	0.2703697338015283	0.1	0.047619047619047616	1.0	1.0	1	0.5
870bdb7ff9c8	0.1156168784316249	0.2413899532786789	0.35384141113454926	0.346583429312739	0.20967818230944416	0.019830028328611898	0.014925373134328358	1.0	0.020171391671138444	0	1.0
f30dd140c551	0.23123375686324976	0.20755512910583993	0.3851606530447835	0.2754236600741	0.44320796868524776	0.2	0.03225806451612903	1.0	1.0	0	0.030303030303030304
cdd84d647c31	0.0	0.11816600049205804	0.23691193412730824	0.23691208862286453	0.0	0.2	0.034482758620689655	1.0	1.0	0	0.2
4b264603f7ce	0.06763153833293722	0.17877825722756366	0.24310552243687084	0.21925311390470442	0.19843830584071306	0.07142857142857142	0.125	0.9130434782608695	1.0	1	0.5
493703d05279	0.6949993308151405	0.8309406848429126	0.8581113098000227	0.8580960291375812	0.17098519310162644	0.022058823529411763	0.012658227848101266	0.9565217391304347	0.5428657229282136	0	1.0
8fcd37001b8b	0.0	0.19396770503618765	0.2192529709249519	0.1921169119349664	0.185695584875566	0.06666666666666667	0.05555555555555555	0.0	1.0	1	1.0
3e3a94b944ec	0.0	0.14167841682498472	0.1808807130935711	0.16803445618334878	0.10483909115472208	0.03125	0.030303030303030304	0.9565217391304347	1.0	0	0.1111111111111111
c2acfc81ca00	0.23123375686324976	0.2903294102274493	0.43199664145782707	0.3916818314124518	0.4294107767341494	0.125	0.021739130434782608	1.0	1.0	1	1.0
c069957da7d0	0.1156168784316249	0.3032362984035436	0.3502856424098959	0.3191688659342263	0.32457168557942734	0.3333333333333333	0.022727272727272728	1.0	1.0	0	0.5
a6b6e3cf36a4	0.9011660316653285	1.0	1.0	1.0	0.06614610194690436	1.0	0.013888888888888888	1.0	0.0	0	1.0
2bc794b05dce	0.06763153833293722	0.21984644927517105	0.3950483989694681	0.39053089920676354	0.20967818230944416	0.019444444444444445	0.043478260869565216	1.0	0.020171391671138444	0	0.5
8d26dcc79a94	0.06763153833293722	0.20755512910583993	0.3520811307382998	0.32044224164478247	0.3277007742118277	0.05384615384615384	0.2	1.0	1.0	1	0.5
b3dcb286377d	0.1156168784316249	0.26816738584134553	0.4097480361401522	0.3572619215579765	0.42507236360232326	0.021582733812949638	0.013513513513513514	0.9565217391304347	0.7674432176298361	0	0.3333333333333333
dbba4c07441e	0.28435180646288283	0.45476387023436265	0.5723714889591941	0.5376379444413129	0.5663589602866366	0.2	0.013333333333333334	1.0	1.0	0	0.07142857142857142
93690409b747	0.18324841676456208	0.2413899532786789	0.3022869412151867	0.2941941407259178	0.17098519310162644	0.023255813953488372	0.04	0.9565217391304347	0.7674432176298361	1	0.0625
8870deb3cd89	0.7360543015010115	0.7432839736633603	0.733626838882853	0.6902862430604149	0.7544408310102046	0.020114942528735632	0.015625	1.0	0.013117246229326307	0	0.16666666666666666
bb276c9cffeb	0.28435180646288283	0.46910766745501303	0.5121861686322841	0.5093026398385373	0.2858786963716096	0.022556390977443608	0.017241379310344827	0.9565217391304347	0.7674432176298361	0	1.0
247164ffe1a0	0.0	0.14167841682498472	0.25434159599462464	0.2431056809714042	0.15358649247780087	0.07692307692307693	0.07142857142857142	1.0	1.0	1	1.0
2f67696be3ea	0.15283719984194166	0.14167841682498472	0.4059273989548512	0.346583429312739	0.4294107767341494	0.08333333333333333	0.023809523809523808	1.0	1.0	1	0.3333333333333333
a10190edcf3f	0.0	0.0	0.08225672366991757	0.06222484992148576	0.06614610194690436	0.023255813953488372	0.16666666666666666	0.9565217391304347	0.7674432176298361	1	0.027777777777777776
95da06f756f9	0.06763153833293722	0.11816600049205804	0.2975191965758062	0.29248415602632033	0.13229220389380872	0.019830028328611898	0.05263157894736842	1.0	0.020171391671138444	0	0.3333333333333333
2813f1091c45	0.15283719984194166	0.2413899532786789	0.4219688152624057	0.42196909043768166	0.0	0.03825136612021858	0.018867924528301886	1.0	0.7674432176298361	0	1.0
58783ba01bdf	0.0	0.0	0.11246231544070878	0.0986240537385567	0.06614610194690436	0.03825136612021858	0.019230769230769232	1.0	0.7674432176298361	0	1.0
f15277be8b1c	0.427833289035875	0.37274596226375134	0.5071164607072851	0.4413457486232843	0.5430233392512496	0.03317535545023697	0.015384615384615385	1.0	0.299010904108951	0	0.0625
1b71dee63500	0.4073832343197421	0.3575565144551274	0.45699741263083815	0.39668587185911636	0.48431700221232266	0.021582733812949638	0.07692307692307693	0.9565217391304347	0.7674432176298361	0	1.0
163a7bedfc33	0.28435180646288283	0.4250352504749542	0.4492113848029093	0.43486985578298376	0.363264674787245	0.023255813953488372	0.02857142857142857	0.9565217391304347	0.7674432176298361	1	0.5
30580395cd29	0.3755152404765367	0.49788453933328924	0.6344433656865298	0.6026320294330519	0.6252970030889439	0.16666666666666666	0.020833333333333332	1.0	1.0	1	0.5
eaf43055f658	0.8352165233556171	0.7015815654631168	0.7270539814176639	0.653475242730424	0.7836107559258334	1.0	0.016666666666666666	1.0	0.7674432176298361	0	1.0
b4085d2e2003	0.33608561660650377	0.4621350908775332	0.4700828509626587	0.4247809551034229	0.4781581780572282	0.020270270270270268	0.017857142857142856	0.9565217391304347	0.634764624204745	0	1.0
bbac3d3dec30	0.15283719984194166	0.3492335459308247	0.43731011071919407	0.422781507587797	0.35202479831851397	0.019444444444444445	0.014705882352941176	1.0	0.020171391671138444	0	0.1111111111111111
a8c1ae3cd394	0.0	0.20755512910583993	0.2689311516998168	0.2021018020798915	0.2949740184716314	0.5	0.017543859649122806	1.0	1.0	0	0.3333333333333333
b9924e84dced	0.06763153833293722	0.11816600049205804	0.3807499416331062	0.3407266909519464	0.37520882495625035	0.02631578947368421	0.03571428571428571	0.9565217391304347	0.7674432176298361	1	1.0
ad4ffa86ba49	0.23123375686324976	0.42740157838101095	0.492378030301539	0.4914422482030313	0.17098519310162644	0.023255813953488372	0.1	0.9565217391304347	0.7674432176298361	1	0.058823529411764705
0c32760951f5	0.06763153833293722	0.2903294102274493	0.35556783787757956	0.3520813603382579	0.15358649247780087	0.2	0.012987012987012988	1.0	1.0	0	0.02631578947368421
b24896172a9b	0.15283719984194166	0.17877825722756366	0.22673825668313485	0.21526261328334842	0.13229220389380872	0.14285714285714285	0.025	1.0	1.0	1	1.0
b8daf74e121a	0.1156168784316249	0.3032362984035436	0.32169759753390653	0.23691208862286453	0.363264674787245	0.020689655172413793	0.08333333333333333	0.9565217391304347	0.7674432176298361	0	1.0
77eb4a376b4e	0.18324841676456208	0.25094701019234067	0.4712687522751903	0.4504086485754743	0.4181709002654183	0.1	0.022222222222222223	1.0	0.7674432176298361	1	1.0
699d16592612	0.0	0.052289288211202906	0.1350231695040073	0.06222484992148576	0.17098519310162644	0.1	0.02564102564102564	1.0	1.0	1	1.0
4d36a0faa1b4	0.0	0.19396770503618765	0.2460491115198026	0.18088083104991842	0.2703697338015283	0.019444444444444445	0.045454545454545456	1.0	0.020171391671138444	0	0.05
7012373d248c	0.15283719984194166	0.38951777658204884	0.4696040689005133	0.4676632944921593	0.20967818230944416	0.25	0.02040816326530612	1.0	0.24339919713832855	0	0.25
7fb5ef1cea79	0.0	0.0	0.03639918008035379	0.036399203817070964	0.0	0.019444444444444445	0.06666666666666667	1.0	0.020171391671138444	0	0.0625
8c31110375c5	0.9350472081371242	0.829080634531919	0.8781007659745617	0.8689093554294399	0.7772911508282873	0.2	0.01282051282051282	1.0	0.299010904108951	0	0.5
62d6b5467170	0.0	0.17877825722756366	0.28147778026825165	0.2643266520013773	0.20967818230944416	0.020270270270270268	0.25	0.9565217391304347	0.7674432176298361	0	0.05263157894736842
146fc2bcd9d1	0.15283719984194166	0.2310675454387666	0.3311559610431165	0.2975193905947101	0.31091576479143906	0.0510948905109489	0.02702702702702703	1.0	1.0	0	1.0
f2258c95c059	0.0	0.0	0.03639918008035379	0.0	0.06614610194690436	0.019444444444444445	0.018518518518518517	1.0	0.020171391671138444	0	0.043478260869565216
0c63f9e1047d	0.18324841676456208	0.3830683701036636	0.4413454608120656	0.42196909043768166	0.3806633754110706	0.023255813953488372	0.029411764705882353	0.9565217391304347	0.7674432176298361	1	0.1
e0a7b28e0d7c	0.6023007364691415	0.5774029637302984	0.7532572953223963	0.690634790991892	0.8011691048210341	0.022727272727272728	0.024390243902439025	0.13043478260869565	1.0	0	1.0
