revisions	files	functions	lines	addLines	deleteLines	pos	time	rf	ibf	isComponent	distance
8cd0c69c485d	0.18324841676456208	0.26816738584134553	0.37193510363131554	0.35641899064740357	0.2905346760302881	0.5	0.03125	0.16666666666666669	1.0	1	0.5
999c1c6445d2	0.0	0.0	0.11246231544070878	0.0986240537385567	0.06614610194690436	0.16	0.043478260869565216	0.8333333333333334	1.0	0	0.3333333333333333
aad2e4534db2	0.25087995509749933	0.35346216255331403	0.5118869302756786	0.5106802343765315	0.20967818230944416	0.038461538461538464	0.017857142857142856	0.5	1.0	0	1.0
05bbc6538b65	0.2089607343063329	0.2759856130067989	0.32415724245907257	0.31251608341619624	0.21973259442470527	0.030303030303030304	0.01639344262295082	0.16666666666666669	0.8187919729325676	0	0.1
acb14eef2d73	0.1156168784316249	0.32045667405254846	0.3893647654986319	0.3407266909519464	0.3983561553223356	0.043478260869565216	0.019230769230769232	0.16666666666666669	0.7154089371698258	0	0.5
fa830bae6051	0.0	0.0	0.03639918008035379	0.0	0.06614610194690436	0.0625	0.045454545454545456	0.16666666666666669	1.0	0	0.02857142857142857
aea28a7dd94d	0.0	0.0	0.06222480934329974	0.06222484992148576	0.0	0.0625	0.02564102564102564	0.16666666666666669	1.0	0	0.027777777777777776
cd1c20933a2c	0.0	0.08938912861378186	0.1866744280298992	0.11246238877989302	0.21973259442470527	0.030303030303030304	0.0136986301369863	0.16666666666666669	0.8187919729325676	0	0.030303030303030304
92975340a7bc	0.18324841676456208	0.14167841682498472	0.2569438484539261	0.1972481074771134	0.2758242842563485	0.06666666666666667	0.25	0.5	1.0	0	1.0
e362b7085285	0.0	0.11816600049205804	0.1746871247840085	0.15303776336186264	0.13229220389380872	0.01829268292682927	0.058823529411764705	0.6666666666666667	0.4308178743396518	0	0.5
4f5bd7469d77	0.2089607343063329	0.29694425771962174	0.4512957237649573	0.4507054140768145	0.10483909115472208	0.043478260869565216	0.014285714285714285	0.16666666666666669	0.7154089371698258	0	0.3333333333333333
8e0f33f0ae33	0.0	0.11816600049205804	0.1350231695040073	0.1350232575556277	0.0	0.03225806451612903	0.012658227848101266	0.16666666666666669	0.7154089371698258	0	0.25
f390253677ba	0.0	0.2310675454387666	0.43089513777496785	0.3826670915662682	0.4413549269031547	0.5	0.011494252873563218	0.8333333333333334	1.0	0	0.5
2160fbaa2114	0.0	0.3863333863334036	0.4700828509626587	0.4251755556614198	0.47751985692637283	0.03125	0.05	0.16666666666666669	0.7154089371698258	0	0.2
1e2ebab6719b	0.06763153833293722	0.052289288211202906	0.2192529709249519	0.1972481074771134	0.17098519310162644	0.05263157894736842	0.01098901098901099	0.16666666666666669	1.0	0	0.125
4e3f11acd75b	0.0	0.052289288211202906	0.1350231695040073	0.0986240537385567	0.13229220389380872	0.03508771929824561	0.05263157894736842	0.33333333333333337	0.2365184658562752	0	0.1
180776201731	0.298865295196187	0.4741003394381032	0.5813088150871166	0.5764055357755102	0.4054281793002713	0.030303030303030304	0.02	0.16666666666666669	0.7154089371698258	0	0.009523809523809525
a73bda53b112	0.31221641060425004	0.40435726148239093	0.5247133120310459	0.5240617161041363	0.17098519310162644	0.08333333333333333	0.01694915254237288	0.16666666666666669	1.0	0	1.0
334514863909	0.25087995509749933	0.25094701019234067	0.4348695721948365	0.41948677147946223	0.35438118108330957	0.03125	0.012195121951219513	0.16666666666666669	0.8187919729325676	0	0.5
7678cdb12f38	0.06763153833293722	0.0	0.16803434660440356	0.16084890366004248	0.06614610194690436	0.045454545454545456	0.014705882352941176	0.16666666666666669	0.8187919729325676	0	0.5
1fd4d0cd328f	0.0	0.17877825722756366	0.4054381801753935	0.35384164188242545	0.4193563646188883	0.09090909090909091	0.037037037037037035	0.5	1.0	0	1.0
9c88049532dd	0.0	0.11816600049205804	0.23364715892766083	0.23025930610483455	0.06614610194690436	0.3333333333333333	0.05555555555555555	0.16666666666666669	1.0	1	1.0
a6b6e3cf36a4	0.9011660316653285	1.0	1.0	1.0	0.06614610194690436	0.22727272727272727	0.011627906976744186	1.0	0.22080093635368098	0	1.0
1ede45ab9729	0.0	0.3149681328686091	0.4054381801753935	0.3555680697512972	0.4169705240198557	0.041666666666666664	0.025	0.5	1.0	0	1.0
97515a8cea01	0.0	0.0	0.1350231695040073	0.0822567773113617	0.15358649247780087	0.05263157894736842	0.014925373134328358	0.16666666666666669	1.0	0	1.0
e04b56dad3ce	0.0	0.052289288211202906	0.16803434660440356	0.15303776336186264	0.10483909115472208	0.03225806451612903	0.010869565217391304	0.16666666666666669	0.7154089371698258	0	1.0
5cda33da0063	0.06763153833293722	0.19396770503618765	0.3288831453713568	0.30681439083211687	0.2758242842563485	0.058823529411764705	0.030303030303030304	0.16666666666666669	1.0	1	0.5
f1fe33ceb2aa	0.427833289035875	0.5422424268285017	0.6162671596095013	0.6009807600242009	0.5446218465309849	0.058823529411764705	0.16666666666666666	0.5	1.0	0	0.5
5951a50a6f9a	0.8119042457410665	0.6835996448509287	0.6021394373337365	0.5498219072421794	0.6283777745268857	0.0625	1.0	0.16666666666666669	0.5895426371438677	1	0.2
7a6fa0f8e860	0.4073832343197421	0.4789069051958307	0.49030556541181364	0.422781507587797	0.526905579380307	0.038461538461538464	0.013333333333333334	0.33333333333333337	0.8187919729325676	0	0.16666666666666666
a87acbe31c0a	0.0	0.052289288211202906	0.12444961868659946	0.12444969984297151	0.0	0.0625	0.14285714285714285	0.16666666666666669	1.0	0	0.1111111111111111
a8bcd0e69be4	0.3755152404765367	0.2310675454387666	0.3386861212955405	0.3300269610717857	0.20967818230944416	0.034482758620689655	0.017543859649122806	0.16666666666666669	0.7154089371698258	0	1.0
e79e3029b1e8	0.1156168784316249	0.3149681328686091	0.47675268136453164	0.47630857807875054	0.10483909115472208	0.03125	0.027777777777777776	0.16666666666666669	0.7154089371698258	0	0.058823529411764705
bc857e7522a0	0.25087995509749933	0.3403361388061225	0.40833428371166935	0.4059276636691618	0.17098519310162644	0.030303030303030304	0.02127659574468085	0.16666666666666669	0.8187919729325676	0	0.022727272727272728
95da06f756f9	0.06763153833293722	0.11816600049205804	0.2975191965758062	0.29248415602632033	0.13229220389380872	0.03636363636363636	0.047619047619047616	0.33333333333333337	0.2365184658562752	0	0.3333333333333333
dcf9aa9e74c0	0.0	0.16155788157855885	0.32655128897148417	0.285298603503014	0.3213365061598323	0.058823529411764705	0.016666666666666666	0.16666666666666669	1.0	0	1.0
57637df59335	0.15283719984194166	0.17877825722756366	0.21526247290588865	0.18667454976445727	0.185695584875566	0.03125	0.0625	0.16666666666666669	0.8187919729325676	0	0.038461538461538464
89cc8dfb1b14	0.1156168784316249	0.2759856130067989	0.3386861212955405	0.29587216121567017	0.3365158357484327	0.01829268292682927	0.034482758620689655	0.6666666666666667	0.4308178743396518	0	0.2
d6efe74b0919	0.4144821736278119	0.39862470650273474	0.626903160115591	0.4691230255554443	0.7145443487704111	0.05	0.024390243902439025	0.5	1.0	0	1.0
0c30b6632f78	0.0	0.2310675454387666	0.2941939488754821	0.21526261328334842	0.3307305097345218	0.03225806451612903	0.03333333333333333	0.16666666666666669	0.7154089371698258	0	0.3333333333333333
8559551465d2	1.0	0.9192997660272638	0.9469898526770555	0.9469904702302598	0.0	0.5	0.023809523809523808	0.16666666666666669	0.5462100471445852	1	1.0
4d36a0faa1b4	0.0	0.19396770503618765	0.2460491115198026	0.18088083104991842	0.2703697338015283	0.03508771929824561	0.04	0.33333333333333337	0.2365184658562752	0	0.05
b85903a583be	0.3755152404765367	0.5651116435609672	0.6267365309747392	0.5921129943351309	0.6237876758879125	0.06666666666666667	0.125	0.5	1.0	0	1.0
7012373d248c	0.15283719984194166	0.38951777658204884	0.4696040689005133	0.4676632944921593	0.20967818230944416	0.22727272727272727	0.0196078431372549	1.0	0.4104573628561324	0	0.14285714285714285
7fb5ef1cea79	0.0	0.0	0.03639918008035379	0.036399203817070964	0.0	0.03508771929824561	0.07142857142857142	0.33333333333333337	0.2365184658562752	0	0.0625
78e10891a932	0.9624157703013159	0.7652006926941957	0.6945972537553731	0.6102611881517791	0.7572482682376325	0.05555555555555555	0.02631578947368421	0.16666666666666669	0.8187919729325676	1	0.125
a436501eca32	0.1156168784316249	0.14167841682498472	0.16803434660440356	0.11246238877989302	0.185695584875566	0.030303030303030304	0.013888888888888888	0.16666666666666669	0.8187919729325676	0	0.017241379310344827
e6af3b069eac	0.392209151070895	0.49923493128011215	0.5716812311246705	0.5423494267650008	0.5522358236167595	0.14285714285714285	0.011111111111111112	0.16666666666666669	1.0	0	1.0
493cced1d40e	0.0	0.11816600049205804	0.2110863048643623	0.15303776336186264	0.22882791652472703	0.125	0.02040816326530612	0.16666666666666669	1.0	0	1.0
dd3cab7eb25e	0.0	0.0	0.2110863048643623	0.17468723870137876	0.19843830584071306	0.030303030303030304	0.1	0.16666666666666669	0.8187919729325676	0	0.011363636363636364
26d33cd5b236	0.34685063529487464	0.47732453868615715	0.6303728218094125	0.5750810144666298	0.6622036586508541	0.125	0.021739130434782608	0.16666666666666669	1.0	0	1.0
8ee726b771ea	0.1156168784316249	0.08938912861378186	0.30827392086310235	0.30072585581844824	0.17098519310162644	0.045454545454545456	0.015625	0.16666666666666669	0.8187919729325676	0	0.3333333333333333
abafffb7abb6	0.0	0.14167841682498472	0.25434159599462464	0.25166181710041935	0.06614610194690436	0.03125	0.015151515151515152	0.16666666666666669	0.8187919729325676	0	0.08333333333333333
01c927aaf8b2	0.298865295196187	0.4449147152285283	0.47675268136453164	0.4049465448062133	0.5164260946100878	0.0625	0.014492753623188406	0.16666666666666669	0.8187919729325676	0	0.0625
fb2f7e80dcf1	0.15283719984194166	0.20755512910583993	0.3704987302064021	0.36136178846583605	0.24476966284453472	0.0625	0.015384615384615385	0.16666666666666669	0.8187919729325676	0	0.3333333333333333
60d57bf5df89	0.06763153833293722	0.2598444173170428	0.3386861212955405	0.33764850999558577	0.06614610194690436	0.03225806451612903	0.015873015873015872	0.16666666666666669	0.7154089371698258	0	0.16666666666666666
f9df73321192	0.5402112327435618	0.46033140759385666	0.5463163629614769	0.5207290586343	0.514271857459852	0.16	0.023255813953488372	0.8333333333333334	1.0	0	1.0
57157b6e2100	0.4624675137264996	0.5958085695553254	0.5829535283987878	0.5155579096078485	0.6250243496084569	0.3333333333333333	0.014084507042253521	0.8333333333333334	0.5895426371438677	0	1.0
3024c07c9bff	0.18324841676456208	0.20755512910583993	0.4445749969832488	0.42156010803370686	0.3983561553223356	0.0625	0.010752688172043012	0.16666666666666669	1.0	0	0.05263157894736842
622b14c530f6	0.4144821736278119	0.4741003394381032	0.5900031618668092	0.589436765824515	0.21973259442470527	0.045454545454545456	0.010416666666666666	0.16666666666666669	0.8187919729325676	0	1.0
8c9fc70d3cfe	0.06763153833293722	0.11816600049205804	0.32044203267738586	0.31251608341619624	0.185695584875566	0.037037037037037035	0.011363636363636364	0.16666666666666669	1.0	0	1.0
3a226e374228	0.0	0.0	0.08225672366991757	0.036399203817070964	0.10483909115472208	0.06666666666666667	0.022222222222222223	0.16666666666666669	1.0	0	1.0
843687183d39	0.0	0.0	0.1746871247840085	0.06222484992148576	0.22882791652472703	0.045454545454545456	0.018867924528301886	0.16666666666666669	0.8187919729325676	0	0.03571428571428571
6a1015c34aa9	0.2089607343063329	0.32572112959789795	0.3712197896963522	0.33971231312631994	0.3471299483142037	0.06666666666666667	0.3333333333333333	0.5	1.0	0	1.0
c3d0231161db	0.0	0.0	0.16084879876695327	0.12444969984297151	0.15358649247780087	0.0625	0.03225806451612903	0.16666666666666669	0.8187919729325676	0	0.16666666666666666
450dbb91ce98	0.28435180646288283	0.17877825722756366	0.32772478834659746	0.3265515019228631	0.06614610194690436	0.030303030303030304	0.08333333333333333	0.16666666666666669	0.8187919729325676	0	0.011627906976744186
efe0d828766c	0.0	0.14167841682498472	0.37193510363131554	0.3111242496074288	0.39537376718501016	0.030303030303030304	0.0125	0.16666666666666669	0.8187919729325676	0	1.0
2f9556adf482	0.0	0.20755512910583993	0.29913674347060804	0.29587216121567017	0.10483909115472208	0.03125	0.018518518518518517	0.16666666666666669	0.8187919729325676	0	0.1
9a50e99d67a7	0.0	0.32045667405254846	0.4452071927217556	0.3826670915662682	0.47426259009706156	0.05263157894736842	0.013513513513513514	0.16666666666666669	1.0	0	0.3333333333333333
09651e9eb739	0.46760022322744493	0.5675072775124996	0.6473917161955948	0.6362994888809371	0.5492627279136644	0.08333333333333333	0.1111111111111111	0.5	1.0	0	1.0
870bdb7ff9c8	0.1156168784316249	0.2413899532786789	0.35384141113454926	0.346583429312739	0.20967818230944416	0.03636363636363636	0.012048192771084338	0.33333333333333337	0.2365184658562752	0	1.0
eee397a7bf7e	0.0	0.21984644927517105	0.29248396529100307	0.24604927197391604	0.2949740184716314	0.0625	0.041666666666666664	0.16666666666666669	0.8187919729325676	0	1.0
2b25de3ee40c	0.1156168784316249	0.2598444173170428	0.3966856131715804	0.3961434443332668	0.06614610194690436	0.0625	0.013157894736842105	0.16666666666666669	0.8187919729325676	0	0.5
b80cd8d87227	0.06763153833293722	0.16155788157855885	0.41021438224790097	0.36528256366046225	0.4145235014002931	0.5	0.02702702702702703	0.16666666666666669	1.0	1	0.030303030303030304
bc09d5a2d071	0.2089607343063329	0.2598444173170428	0.32293584370148376	0.29587216121567017	0.2858786963716096	0.030303030303030304	0.07692307692307693	0.16666666666666669	0.8187919729325676	0	0.045454545454545456
730bce4598f8	0.18324841676456208	0.2413899532786789	0.43199664145782707	0.41159932732424326	0.37520882495625035	0.09090909090909091	0.017241379310344827	0.16666666666666669	1.0	0	1.0
2bc794b05dce	0.06763153833293722	0.21984644927517105	0.3950483989694681	0.39053089920676354	0.20967818230944416	0.03508771929824561	0.03571428571428571	0.33333333333333337	0.2365184658562752	0	0.5
dfd114b082c8	0.0	0.14167841682498472	0.1808807130935711	0.17468723870137876	0.06614610194690436	0.043478260869565216	0.011904761904761904	0.16666666666666669	0.7154089371698258	0	0.034482758620689655
8870deb3cd89	0.7360543015010115	0.7432839736633603	0.733626838882853	0.6902862430604149	0.7544408310102046	0.03508771929824561	0.012987012987012988	0.33333333333333337	0.23102188233319024	0	0.08333333333333333
44728f9b507e	0.6870549771419744	0.6184711557779058	0.6727607037051548	0.579209999168733	0.7398359046954281	1.0	0.038461538461538464	1.0	1.0	1	1.0
452dba809a58	0.15283719984194166	0.28335683364996944	0.32169759753390653	0.2643266520013773	0.3392820773533669	0.5	0.5	0.16666666666666669	1.0	1	0.1
54c36381c65d	0.0	0.11816600049205804	0.29248396529100307	0.2754236600741	0.21973259442470527	0.06666666666666667	0.020833333333333332	0.16666666666666669	1.0	0	0.3333333333333333
a50cdaf71385	0.0	0.17877825722756366	0.2834084229327595	0.2431056809714042	0.2758242842563485	0.03125	0.012345679012345678	0.16666666666666669	0.8187919729325676	0	1.0
f15277be8b1c	0.427833289035875	0.37274596226375134	0.5071164607072851	0.4413457486232843	0.5430233392512496	0.22727272727272727	0.01282051282051282	1.0	0.45378995285541485	0	0.0625
65a8a41581c4	0.06763153833293722	0.25094701019234067	0.3344608038282807	0.32888335984339123	0.17098519310162644	0.05555555555555555	0.2	0.5	1.0	0	1.0
1f74053488c5	0.1156168784316249	0.3403361388061225	0.3916815759881601	0.3417297347099609	0.40266193769533704	0.03225806451612903	0.02857142857142857	0.16666666666666669	0.7154089371698258	0	0.3333333333333333
bbac3d3dec30	0.15283719984194166	0.3492335459308247	0.43731011071919407	0.422781507587797	0.35202479831851397	0.03508771929824561	0.011764705882352941	0.33333333333333337	0.2365184658562752	0	0.1111111111111111
313ca82fe335	0.0	0.0	0.0	0.0	0.0	0.0	0.0	0.0	0.0	0	0.0
949724cb4301	0.1156168784316249	0.14167841682498472	0.4138604234160401	0.2795048847884751	0.4825107277201893	0.030303030303030304	0.06666666666666667	0.16666666666666669	0.8187919729325676	0	0.3333333333333333
fed9bb19a86b	0.06763153833293722	0.16155788157855885	0.26665833602805705	0.21108644251844974	0.28098384636729934	0.030303030303030304	0.09090909090909091	0.16666666666666669	0.8187919729325676	0	1.0
324ace413314	0.0	0.29694425771962174	0.346583203298102	0.2975193905947101	0.35438118108330957	0.03125	0.01818181818181818	0.16666666666666669	0.8187919729325676	0	0.3333333333333333
8c31110375c5	0.9350472081371242	0.829080634531919	0.8781007659745617	0.8689093554294399	0.7772911508282873	0.16666666666666666	0.010309278350515464	0.8333333333333334	0.45378995285541485	0	1.0
1f0b4d315d7a	0.0	0.14167841682498472	0.3733488560597984	0.3333728694339155	0.3674144004562074	0.05263157894736842	0.010638297872340425	0.16666666666666669	1.0	0	0.125
716f1b30e29d	0.1156168784316249	0.20755512910583993	0.3972247825032021	0.3719353461784922	0.35668077797719244	0.05263157894736842	0.011235955056179775	0.16666666666666669	1.0	0	0.5
f0206fe5103b	0.0	0.0	0.16803434660440356	0.12444969984297151	0.17098519310162644	0.0625	0.029411764705882353	0.16666666666666669	0.8187919729325676	0	1.0
f2258c95c059	0.0	0.0	0.03639918008035379	0.0	0.06614610194690436	0.03508771929824561	0.016129032258064516	0.33333333333333337	0.2365184658562752	0	0.043478260869565216
5bafad827a5e	0.3755152404765367	0.43645520751459366	0.5194980176560676	0.5061634569731308	0.4304652477201007	0.043478260869565216	0.010526315789473684	0.16666666666666669	0.7154089371698258	0	1.0
