revisions	files	functions	lines	addLines	deleteLines	pos	time	rf	ibf	isComponent	distance
74f0ffa558a8	0.06763153833293722	0.19396770503618765	0.24889923737319897	0.18667454976445727	0.2703697338015283	0.09090909090909091	0.018518518518518517	0.3333333333333333	1.0	1	0.1111111111111111
2cef8857d873	0.0	0.052289288211202906	0.1921167866513249	0.16803445618334878	0.15358649247780087	0.08333333333333333	0.037037037037037035	0.5	0.713775290446869	0	0.125
dbfceea3e7ee	0.0	0.0	0.14448153301321734	0.12444969984297151	0.10483909115472208	0.037037037037037035	0.014492753623188406	0.5	0.8177103493587502	0	0.02040816326530612
c93e4113b2e0	0.1156168784316249	0.17877825722756366	0.2889630660264346	0.2795048847884751	0.17098519310162644	0.016666666666666666	0.00847457627118644	0.5	1.0	0	0.013333333333333334
dc4b9333f202	0.43412837186206144	0.5460356783073758	0.6198943175057641	0.6132177061443633	0.47426259009706156	0.1111111111111111	0.014705882352941176	0.5	0.8177103493587502	1	1.0
4b361b475588	0.4212912781155082	0.5044993868254617	0.6118989097279184	0.5794221414078315	0.6030106170430595	0.2	0.029411764705882353	1.0	0.8177103493587502	1	1.0
f52771c37c5c	0.25087995509749933	0.3492335459308247	0.4969174919757604	0.4745085883046332	0.4511282529440474	0.125	0.014925373134328358	0.5	0.8177103493587502	1	0.5
2ccd83e5265e	0.0	0.0	0.1866744280298992	0.1350232575556277	0.19843830584071306	0.05	0.024390243902439025	0.16666666666666666	1.0	0	0.02127659574468085
dd1d0aec0638	0.23123375686324976	0.3797185388412312	0.4518824671861192	0.40974830334598555	0.45362871005364097	0.125	0.017241379310344827	0.5	0.8177103493587502	1	1.0
6346862a21a8	0.15283719984194166	0.26816738584134553	0.346583203298102	0.28340860774971316	0.371391169751132	0.1111111111111111	0.015151515151515152	0.5	0.8177103493587502	1	0.125
85a3e43952a0	0.1156168784316249	0.37627936829392306	0.41113986904127436	0.354709005947806	0.431508194202294	0.017241379310344827	0.009259259259259259	0.5	0.8177103493587502	0	1.0
d83f17cfc533	0.15283719984194166	0.28335683364996944	0.3712197896963522	0.36295070573993404	0.23713129504853078	0.14285714285714285	0.01639344262295082	0.5	0.8177103493587502	1	1.0
e362b7085285	0.0	0.11816600049205804	0.1746871247840085	0.15303776336186264	0.13229220389380872	0.019230769230769232	1.0	1.0	0.3320253463209903	0	0.5
b5f286bdebec	0.6404202508773412	0.6277233396120825	0.7319119797818076	0.7118256008544538	0.6908970168317423	0.1	0.014084507042253521	0.5	0.8177103493587502	1	0.5
e92edc1d7133	0.0	0.08938912861378186	0.2302591559477033	0.22673840454420918	0.06614610194690436	0.07692307692307693	0.03571428571428571	0.16666666666666666	1.0	0	0.1
f8f783416d40	0.0	0.0	0.1921167866513249	0.18088083104991842	0.10483909115472208	0.037037037037037035	0.013888888888888888	0.5	0.8177103493587502	0	0.021739130434782608
abdd15a33101	0.31221641060425004	0.11816600049205804	0.42556815177430574	0.4039545846314467	0.37331908690250615	0.08333333333333333	0.022727272727272728	0.5	0.713775290446869	0	0.07142857142857142
a77871517756	0.2089607343063329	0.2310675454387666	0.40737925955721355	0.16084890366004248	0.49341232431234444	0.07692307692307693	0.045454545454545456	0.16666666666666666	1.0	0	0.02127659574468085
0ddb6cc8cd64	0.2089607343063329	0.3092355778889529	0.4504083548541403	0.40244578470528286	0.4615198691319145	0.016666666666666666	0.007874015748031496	0.5	1.0	0	0.017857142857142856
38e5ee5223ce	0.0	0.3149681328686091	0.2689311516998168	0.22307375358152826	0.2703697338015283	0.023809523809523808	0.2	1.0	0.5873416120983475	0	0.25
39d44102a83a	0.06763153833293722	0.08938912861378186	0.20210167028488468	0.18088083104991842	0.15358649247780087	0.09090909090909091	0.041666666666666664	0.16666666666666666	1.0	1	0.041666666666666664
493703d05279	0.6949993308151405	0.8309406848429126	0.8581113098000227	0.8580960291375812	0.17098519310162644	0.025	0.007692307692307693	0.5	0.6418276759850835	0	1.0
55358d9f848d	0.0	0.11816600049205804	0.2619324331157728	0.18088083104991842	0.2992159903084853	0.08333333333333333	0.16666666666666666	0.5	0.713775290446869	0	0.16666666666666666
23a32c3576cd	0.0	0.052289288211202906	0.12444961868659946	0.0822567773113617	0.13229220389380872	0.06666666666666667	0.011494252873563218	0.3333333333333333	1.0	0	0.017543859649122806
1ef73d2bef94	0.06763153833293722	0.0	0.31787696034860546	0.2643266520013773	0.3307305097345218	0.016666666666666666	0.009174311926605505	0.5	1.0	0	0.04
a6b6e3cf36a4	0.9011660316653285	1.0	1.0	1.0	0.06614610194690436	0.075	0.008771929824561403	1.0	0.2136607528022833	0	1.0
3f40a1f5c949	0.0	0.0	0.0	0.0	0.0	0.02127659574468085	0.008264462809917356	0.5	0.713775290446869	0	0.5
27c5384bea49	0.0	0.0	0.06222480934329974	0.036399203817070964	0.06614610194690436	0.05	0.05263157894736842	0.16666666666666666	1.0	0	0.03225806451612903
548bd1c1de7b	0.2089607343063329	0.19396770503618765	0.30827392086310235	0.28714962748127176	0.2518416868224704	0.0625	0.007936507936507936	0.16666666666666666	1.0	0	1.0
f7e9ce28320e	0.06763153833293722	0.11816600049205804	0.28147778026825165	0.24006228842175747	0.2758242842563485	0.06666666666666667	0.008620689655172414	0.3333333333333333	1.0	0	0.025
7a6fa0f8e860	0.4073832343197421	0.4789069051958307	0.49030556541181364	0.422781507587797	0.526905579380307	0.016666666666666666	0.01	0.5	0.713775290446869	0	0.05
b3dcb286377d	0.1156168784316249	0.26816738584134553	0.4097480361401522	0.3572619215579765	0.42507236360232326	0.017241379310344827	0.008333333333333333	0.5	0.8177103493587502	0	0.5
b516dee066b2	0.0	0.052289288211202906	0.24889923737319897	0.1921169119349664	0.26458440778761744	0.0196078431372549	0.011764705882352941	0.5	0.713775290446869	0	0.07692307692307693
15ff2e7bbfe0	0.18324841676456208	0.3092355778889529	0.3851606530447835	0.2941941407259178	0.4335605024031118	0.10344827586206898	0.3333333333333333	1.0	0.8177103493587502	1	0.5
185434522b7f	0.32457761273795777	0.26816738584134553	0.29913674347060804	0.2711480195124297	0.26458440778761744	0.016666666666666666	0.25	0.5	1.0	0	0.015384615384615385
bb276c9cffeb	0.28435180646288283	0.46910766745501303	0.5121861686322841	0.5093026398385373	0.2858786963716096	0.07692307692307693	0.01098901098901099	0.16666666666666666	0.8177103493587502	0	0.08333333333333333
dc3751f2a9bd	0.0	0.0	0.16084879876695327	0.0986240537385567	0.185695584875566	0.016666666666666666	0.013513513513513514	0.5	1.0	0	0.013513513513513514
afa073274618	0.7840396415996993	0.8441891019595081	0.8869796960717886	0.8733079103306942	0.8222778310389222	0.03636363636363636	0.007751937984496124	0.5	0.713775290446869	0	1.0
7ab00d2ec62b	0.23123375686324976	0.39862470650273474	0.5417063155164193	0.5417066687751898	0.0	0.08333333333333333	0.008403361344537815	0.5	0.5873416120983475	0	1.0
d7d94a7af738	0.0	0.16155788157855885	0.20210167028488468	0.1444816272328475	0.21973259442470527	0.125	0.015873015873015872	0.5	0.8177103493587502	1	0.04
89cc8dfb1b14	0.1156168784316249	0.2759856130067989	0.3386861212955405	0.29587216121567017	0.3365158357484327	0.019230769230769232	0.1	1.0	0.3320253463209903	0	0.2
9eca54b3d126	0.06763153833293722	0.20755512910583993	0.2711478426908739	0.2569440160127405	0.185695584875566	0.038461538461538464	0.010309278350515464	0.5	0.8177103493587502	0	1.0
e482f2c5d40e	0.06763153833293722	0.11816600049205804	0.16084879876695327	0.12444969984297151	0.15358649247780087	0.05714285714285714	0.012658227848101266	0.5	0.8177103493587502	0	0.125
fa6e1c5e2ec9	0.06763153833293722	0.2598444173170428	0.3253622461067884	0.32044224164478247	0.15358649247780087	0.04	0.013157894736842105	0.5	0.8177103493587502	0	0.3333333333333333
157b3680f06d	0.2089607343063329	0.3356461218611724	0.4778541850473909	0.4156296467452772	0.5084320474859952	0.16666666666666666	0.01694915254237288	1.0	0.8177103493587502	1	1.0
163a7bedfc33	0.28435180646288283	0.4250352504749542	0.4492113848029093	0.43486985578298376	0.363264674787245	0.1	0.05555555555555555	0.5	1.0	1	0.1111111111111111
24aa5016f019	0.15283719984194166	0.26816738584134553	0.31787696034860546	0.268931327075819	0.32457168557942734	0.125	0.02631578947368421	0.5	0.8177103493587502	1	0.5
d45bee7247ab	0.298865295196187	0.37627936829392306	0.4726714593116125	0.4719731532674713	0.13229220389380872	0.1	0.125	0.5	0.8177103493587502	1	0.16666666666666666
b4085d2e2003	0.33608561660650377	0.4621350908775332	0.4700828509626587	0.4247809551034229	0.4781581780572282	0.07692307692307693	0.011904761904761904	0.5	0.8177103493587502	0	1.0
c6bac0dafb19	0.0	0.17877825722756366	0.2619324331157728	0.2021018020798915	0.28098384636729934	0.125	0.015625	0.5	0.8177103493587502	1	0.3333333333333333
f6d25d29fc2b	0.15283719984194166	0.28335683364996944	0.41990501347752274	0.4049465448062133	0.3365158357484327	0.125	0.015384615384615385	0.5	0.8177103493587502	1	0.3333333333333333
8001beb426ce	0.06763153833293722	0.11816600049205804	0.2958719682709606	0.27748746320483414	0.22882791652472703	0.08333333333333333	0.047619047619047616	0.5	0.713775290446869	0	0.07692307692307693
61a028247a37	0.0	0.0	0.23691193412730824	0.18088083104991842	0.2518416868224704	0.016666666666666666	0.009433962264150943	0.5	1.0	0	0.02127659574468085
fc2f87a798bb	0.1156168784316249	0.14167841682498472	0.26665833602805705	0.23691208862286453	0.23713129504853078	0.016666666666666666	0.018867924528301886	0.5	0.713775290446869	0	0.015625
7012373d248c	0.15283719984194166	0.38951777658204884	0.4696040689005133	0.4676632944921593	0.20967818230944416	0.0234375	0.012987012987012988	1.0	0.37310038899081155	0	1.0
7a1b3683b834	0.7038134512738744	0.722456260133335	0.5635475551142567	0.5469274119381303	0.49608557063307707	0.125	0.14285714285714285	1.0	0.713775290446869	1	0.06666666666666667
dbf9595a813a	0.06763153833293722	0.08938912861378186	0.223073608110253	0.21925311390470442	0.06614610194690436	0.016666666666666666	0.012345679012345678	0.5	1.0	0	0.5
10de2eb0ab7f	0.06763153833293722	0.14167841682498472	0.2795047025172246	0.27748746320483414	0.06614610194690436	0.029411764705882353	0.5	0.5	0.8177103493587502	0	0.3333333333333333
c31b1a730e25	0.0	0.0	0.08225672366991757	0.06222484992148576	0.06614610194690436	0.045454545454545456	0.009615384615384616	0.16666666666666666	0.8177103493587502	0	0.015151515151515152
a4352177a723	0.31221641060425004	0.45285329821471976	0.5384216287221778	0.5292728474030863	0.4169705240198557	0.1	0.0625	0.5	0.8177103493587502	1	0.125
e51b7dfa0f83	0.0	0.052289288211202906	0.19724797884730702	0.18667454976445727	0.10483909115472208	0.06666666666666667	0.00819672131147541	0.3333333333333333	1.0	0	0.037037037037037035
8283fb8f9371	0.15283719984194166	0.11816600049205804	0.30971029428801583	0.2431056809714042	0.3365158357484327	0.016666666666666666	0.1111111111111111	0.5	1.0	0	0.013888888888888888
01c927aaf8b2	0.298865295196187	0.4449147152285283	0.47675268136453164	0.4049465448062133	0.5164260946100878	0.09090909090909091	0.011235955056179775	0.5	0.713775290446869	0	0.3333333333333333
a75f2a45660a	0.23123375686324976	0.28335683364996944	0.3950483989694681	0.37334909952891454	0.3419703862032529	0.125	0.05	0.5	0.8177103493587502	1	0.014925373134328358
565be3214153	0.1156168784316249	0.3575565144551274	0.45699741263083815	0.4039545846314467	0.47557886825203427	0.027777777777777776	0.043478260869565216	0.5	0.8177103493587502	0	0.14285714285714285
18c67f102f36	0.06763153833293722	0.19396770503618765	0.3022869412151867	0.2754236600741	0.26458440778761744	0.045454545454545456	0.012048192771084338	0.16666666666666666	0.8177103493587502	0	0.04
479e8e84888c	0.4624675137264996	0.4151102582116798	0.604145889134063	0.5304992528484446	0.6530898408335047	0.06666666666666667	0.09090909090909091	0.3333333333333333	1.0	0	0.01818181818181818
622b14c530f6	0.4144821736278119	0.4741003394381032	0.5900031618668092	0.589436765824515	0.21973259442470527	0.016666666666666666	0.0078125	0.5	0.5873416120983475	0	0.05263157894736842
4c2898b78af5	0.33608561660650377	0.3691130106843987	0.5099171828811231	0.501575594611989	0.37887961033129613	0.1111111111111111	0.02	0.5	0.8177103493587502	1	0.25
66cb4688e5d5	0.15283719984194166	0.2310675454387666	0.44200072958902353	0.4059276636691618	0.431508194202294	0.05	0.02040816326530612	0.16666666666666666	1.0	0	0.037037037037037035
944995cf3646	0.28435180646288283	0.29694425771962174	0.3916815759881601	0.36903924075360267	0.3419703862032529	0.3333333333333333	0.08333333333333333	1.0	0.8177103493587502	1	0.2
0da9e77846b8	0.15283719984194166	0.4469456430689092	0.5043886115000714	0.44068566121983893	0.5380605926569154	0.07692307692307693	0.02857142857142857	0.16666666666666666	0.8177103493587502	0	1.0
d31f25ca302d	0.0	0.17877825722756366	0.240062131871887	0.18667454976445727	0.2518416868224704	0.0196078431372549	0.010101010101010102	0.5	0.4281669231828002	0	0.2
f3c31ad3f132	0.06763153833293722	0.16155788157855885	0.23691193412730824	0.21108644251844974	0.19843830584071306	0.14285714285714285	0.016666666666666666	0.5	0.8177103493587502	1	0.5
5d7d33143ebd	0.0	0.0	0.12444961868659946	0.11246238877989302	0.06614610194690436	0.07692307692307693	0.012195121951219513	0.3333333333333333	1.0	0	0.14285714285714285
1ac2425635fb	0.0	0.11816600049205804	0.20210167028488468	0.18667454976445727	0.13229220389380872	0.09090909090909091	0.019230769230769232	0.16666666666666666	1.0	1	0.029411764705882353
cda6af679d60	0.06763153833293722	0.19396770503618765	0.28147778026825165	0.24889939968594305	0.25842558363252294	0.07692307692307693	0.010752688172043012	0.16666666666666666	1.0	0	0.16666666666666666
3915a9571923	0.0	0.0	0.03639918008035379	0.0	0.06614610194690436	0.045454545454545456	0.01282051282051282	0.16666666666666666	0.8177103493587502	0	0.021739130434782608
8cc54be85825	0.0	0.08938912861378186	0.20210167028488468	0.1921169119349664	0.10483909115472208	0.027777777777777776	0.009345794392523364	0.5	0.8177103493587502	0	0.2
030f1ee28e08	0.25087995509749933	0.42740157838101095	0.48337378855285384	0.46441668401215025	0.4228268799240968	0.125	0.017857142857142856	0.5	1.0	1	0.5
195251261c65	0.3840709567051914	0.4741003394381032	0.6188078119724443	0.5723718622154081	0.637544964575518	0.1	0.058823529411764705	0.5	0.8177103493587502	1	0.25
b8c63a046f4e	0.2089607343063329	0.38951777658204884	0.48759673934798464	0.4705593999170489	0.4181709002654183	0.05	0.009523809523809525	0.16666666666666666	0.8177103493587502	0	0.125
2f8be79c7016	0.1156168784316249	0.21984644927517105	0.32169759753390653	0.2569440160127405	0.3471299483142037	0.09090909090909091	0.038461538461538464	0.16666666666666666	1.0	1	0.07142857142857142
03112f82b9e4	0.31221641060425004	0.4250352504749542	0.5702845861614818	0.5699716192311545	0.15358649247780087	0.14285714285714285	0.017543859649122806	0.5	1.0	1	1.0
17b598dd527f	0.15283719984194166	0.2413899532786789	0.32415724245907257	0.32169780732008496	0.10483909115472208	0.09090909090909091	0.04	0.16666666666666666	1.0	1	0.047619047619047616
c6f3b6a7a339	0.18324841676456208	0.25094701019234067	0.38758705545008815	0.36373474113755194	0.3419703862032529	0.037037037037037035	0.02702702702702703	0.5	0.8177103493587502	0	0.14285714285714285
d2ac505725f8	0.0	0.0	0.20210167028488468	0.16084890366004248	0.19843830584071306	0.05	0.009009009009009009	0.16666666666666666	1.0	0	0.02857142857142857
72c230829c7f	0.0	0.052289288211202906	0.1808807130935711	0.16084890366004248	0.13229220389380872	0.06666666666666667	0.008064516129032258	0.3333333333333333	1.0	0	0.027777777777777776
332c539581e1	0.06763153833293722	0.16155788157855885	0.19724797884730702	0.18667454976445727	0.10483909115472208	0.08333333333333333	0.011627906976744186	0.5	0.713775290446869	0	1.0
2b25de3ee40c	0.1156168784316249	0.2598444173170428	0.3966856131715804	0.3961434443332668	0.06614610194690436	0.09090909090909091	0.009900990099009901	0.5	0.713775290446869	0	1.0
162f03d3cdac	0.28435180646288283	0.2759856130067989	0.28147778026825165	0.22307375358152826	0.2992159903084853	0.016666666666666666	0.06666666666666667	0.5	1.0	0	0.016129032258064516
1edb54b5ee04	0.23123375686324976	0.3356461218611724	0.3475232267968525	0.3386863421603142	0.21973259442470527	0.1	0.01818181818181818	0.5	1.0	1	0.024390243902439025
ef856b0e7ef1	0.06763153833293722	0.14167841682498472	0.2192529709249519	0.06222484992148576	0.2858786963716096	0.1	0.02564102564102564	0.5	1.0	1	0.018867924528301886
9b5a9026b384	0.0	0.11816600049205804	0.2958719682709606	0.2666585099219055	0.26458440778761744	0.07692307692307693	0.008849557522123894	0.16666666666666666	1.0	0	0.2
a2f859f65852	0.5466274044296261	0.6495717166950754	0.5951273785451796	0.5314684550550342	0.6342560958249983	0.02040816326530612	0.011111111111111112	0.5	0.713775290446869	0	0.5
f084174cf4ce	0.5700764593352821	0.6119123905882309	0.5998624031791463	0.5319491602593552	0.6434640181189136	0.027777777777777776	0.010638297872340425	0.5	0.8177103493587502	0	1.0
2196b0b99744	0.25087995509749933	0.29694425771962174	0.36373450393816925	0.33971231312631994	0.3179877887693747	0.125	0.034482758620689655	0.5	0.8177103493587502	1	0.015625
b2982a88f41f	0.2089607343063329	0.4151102582116798	0.5124844128396937	0.44068566121983893	0.5542632157199807	0.2	0.03225806451612903	1.0	0.8177103493587502	1	0.3333333333333333
99483a77658b	0.3569628159789997	0.41250489177089955	0.4610479383511417	0.4312640906750884	0.43655850769999305	0.125	0.021739130434782608	0.5	1.0	1	1.0
5767c4e94002	0.2684540782735666	0.3403361388061225	0.47541278449254676	0.43968633940806773	0.4659592115732578	0.125	0.022222222222222223	1.0	0.8177103493587502	1	0.027777777777777776
a95ee2ef402c	0.1156168784316249	0.21984644927517105	0.2733111142076621	0.1921169119349664	0.31091576479143906	0.1	0.0196078431372549	0.5	1.0	1	0.023255813953488372
713c95e8d8e4	0.06763153833293722	0.20755512910583993	0.38877609831478394	0.36295070573993404	0.3496087539992568	0.016666666666666666	0.008130081300813009	0.5	1.0	0	0.06666666666666667
2006fd7dc0fa	0.1156168784316249	0.19396770503618765	0.2834084229327595	0.2643266520013773	0.21973259442470527	0.016666666666666666	0.008695652173913044	0.5	1.0	0	0.01639344262295082
8870deb3cd89	0.7360543015010115	0.7432839736633603	0.733626838882853	0.6902862430604149	0.7544408310102046	0.05	0.00980392156862745	0.16666666666666666	0.2662380880842	0	0.5
499f688cc11a	0.298865295196187	0.43862267454460646	0.5445631605363066	0.5422426195157545	0.2992159903084853	0.3333333333333333	0.03333333333333333	1.0	1.0	1	1.0
8bf899308b10	0.1156168784316249	0.2903294102274493	0.3972247825032021	0.3851609042166359	0.2949740184716314	0.16666666666666666	0.016129032258064516	1.0	0.8177103493587502	1	0.5
33fb4550f8fc	0.0	0.0	0.0	0.0	0.0	0.06666666666666667	0.025	0.3333333333333333	1.0	0	0.016666666666666666
83b00d564f7c	0.36649683352912416	0.4098458026663303	0.5655481153157846	0.5344314792175746	0.5504631041592271	0.1	0.02127659574468085	0.5	1.0	1	0.3333333333333333
d0bc44447e65	0.5806704888778166	0.6874022177069344	0.6181220070797211	0.5580739452023848	0.6548038722324655	0.017241379310344827	0.010869565217391304	0.5	0.713775290446869	0	0.3333333333333333
f1871c539a47	0.06763153833293722	0.16155788157855885	0.4138604234160401	0.3740477138126567	0.4094327663051299	0.05263157894736842	0.008928571428571428	0.16666666666666666	1.0	0	1.0
c68289aa2a47	0.3755152404765367	0.41766402983178363	0.4267365599017862	0.36373474113755194	0.4552600088072411	0.05263157894736842	0.011363636363636364	0.16666666666666666	1.0	0	0.2
d0fe7f117db0	0.0	0.052289288211202906	0.1866744280298992	0.0986240537385567	0.22882791652472703	0.016666666666666666	0.07692307692307693	0.5	1.0	0	0.012658227848101266
f15277be8b1c	0.427833289035875	0.37274596226375134	0.5071164607072851	0.4413457486232843	0.5430233392512496	0.019230769230769232	0.009708737864077669	0.5	0.5438505905298742	0	0.3333333333333333
eaf43055f658	0.8352165233556171	0.7015815654631168	0.7270539814176639	0.653475242730424	0.7836107559258334	0.023809523809523808	0.010526315789473684	0.5	0.713775290446869	0	0.5
b7d468d849f3	0.298865295196187	0.4098458026663303	0.5067998063265485	0.45672106487571257	0.5241954557736104	0.125	0.020833333333333332	0.5	1.0	1	0.2
bbac3d3dec30	0.15283719984194166	0.3492335459308247	0.43731011071919407	0.422781507587797	0.35202479831851397	0.045454545454545456	0.00909090909090909	0.16666666666666666	0.2662380880842	0	0.011111111111111112
313ca82fe335	0.0	0.0	0.0	0.0	0.0	0.0	0.0	0.0	0.0	0	0.0
8c82958ed72c	0.0	0.11816600049205804	0.1746871247840085	0.16084890366004248	0.10483909115472208	0.07692307692307693	0.023255813953488372	0.3333333333333333	1.0	0	0.5
70361f1cb799	0.2684540782735666	0.3448615593629846	0.43236082623258804	0.399349909557005	0.4145235014002931	0.06666666666666667	0.008	0.16666666666666666	1.0	0	0.5
85aeef9e43eb	0.06763153833293722	0.21984644927517105	0.35726168857966106	0.3555680697512972	0.10483909115472208	0.06666666666666667	0.008547008547008548	0.3333333333333333	1.0	0	0.5
8ccc842a4d51	0.06763153833293722	0.28335683364996944	0.3961431859994597	0.35641899064740357	0.39071778752633163	0.037037037037037035	0.013333333333333334	0.5	0.8177103493587502	0	0.1
801601ae75cc	0.0	0.052289288211202906	0.30382153283792823	0.2431056809714042	0.32457168557942734	0.016666666666666666	0.01020408163265306	0.5	1.0	0	1.0
36e3d320abde	0.06763153833293722	0.052289288211202906	0.2110863048643623	0.18088083104991842	0.185695584875566	0.125	0.07142857142857142	1.0	0.8177103493587502	1	0.02631578947368421
ce650300429b	0.06763153833293722	0.0	0.03639918008035379	0.0	0.06614610194690436	0.02631578947368421	0.03125	0.5	0.6418276759850835	0	0.5
788967d7f08c	0.0	0.11816600049205804	0.16803434660440356	0.11246238877989302	0.185695584875566	0.07692307692307693	0.023809523809523808	0.3333333333333333	1.0	0	0.3333333333333333
b13c3c93d6ed	0.15283719984194166	0.17877825722756366	0.20670634235651703	0.17468723870137876	0.185695584875566	0.017241379310344827	0.0125	0.5	1.0	0	0.06666666666666667
9506818a964f	0.06763153833293722	0.16155788157855885	0.1350231695040073	0.12444969984297151	0.06614610194690436	0.038461538461538464	0.010416666666666666	0.5	0.8177103493587502	0	1.0
8434ada9d206	0.2684540782735666	0.4757225149471854	0.5778542861715955	0.5272750685488992	0.6002190862758591	0.16666666666666666	0.030303030303030304	1.0	0.8177103493587502	1	0.25
d5ffd3552fdc	0.06763153833293722	0.16155788157855885	0.2711478426908739	0.24889939968594305	0.21973259442470527	0.06666666666666667	0.014285714285714285	0.3333333333333333	1.0	0	0.01694915254237288
dabaacb8e0c2	0.1156168784316249	0.19396770503618765	0.4064139661289901	0.4059276636691618	0.06614610194690436	0.02631578947368421	0.027777777777777776	0.5	0.6418276759850835	0	1.0
