revisions	files	functions	lines	addLines	deleteLines	pos	time	rf	ibf	isComponent	distance
2752cebc89d6	0.06763153833293722	0.28335683364996944	0.30533033178017055	0.23364731129418437	0.3365158357484327	0.1	0.16666666666666666	0.0	1.0	1	0.5
a6b6e3cf36a4	0.9011660316653285	1.0	1.0	1.0	0.06614610194690436	0.09090909090909091	0.027777777777777776	1.0	0.0	0	1.0
87c475ec04d2	0.0	0.3492335459308247	0.42750713479501035	0.3767890407812703	0.4413549269031547	0.14285714285714285	0.034482758620689655	0.0	0.7681793814935769	1	0.5
2bc794b05dce	0.06763153833293722	0.21984644927517105	0.3950483989694681	0.39053089920676354	0.20967818230944416	0.08333333333333333	0.07142857142857142	1.0	0.0765560236769618	0	0.5
c93e959d04e2	0.06763153833293722	0.20755512910583993	0.34172951186052436	0.3097104962570064	0.3179877887693747	0.125	0.05555555555555555	0.0	1.0	1	1.0
b64ed0b91d7e	0.0	0.19396770503618765	0.3520811307382998	0.2569440160127405	0.4012481540110343	0.14285714285714285	0.125	0.0	1.0	1	1.0
e9ef23c1fdcb	0.0	0.0	0.09862398942365351	0.0822567773113617	0.06614610194690436	0.14285714285714285	0.058823529411764705	0.0	0.7681793814935769	1	0.1
dc7862524137	0.06763153833293722	0.17877825722756366	0.3807499416331062	0.3712200317770567	0.25842558363252294	0.5	0.09090909090909091	1.0	1.0	1	1.0
6888ba6198f1	0.23123375686324976	0.2903294102274493	0.41736414319077336	0.35296581559500884	0.44680947735797494	0.16666666666666666	0.1	1.0	1.0	1	0.1111111111111111
91c97e1ad654	0.15283719984194166	0.08938912861378186	0.25166165298624243	0.18088083104991842	0.28098384636729934	0.14285714285714285	0.5	0.0	0.7681793814935769	1	0.02564102564102564
ba4b1fcc88c8	0.06763153833293722	0.17877825722756366	0.41021438224790097	0.3998733599170715	0.2949740184716314	0.16666666666666666	0.06666666666666667	1.0	1.0	1	0.3333333333333333
8870deb3cd89	0.7360543015010115	0.7432839736633603	0.733626838882853	0.6902862430604149	0.7544408310102046	0.08333333333333333	0.030303030303030304	1.0	0.06686342500299583	0	0.08333333333333333
4f0a34c170f2	0.2089607343063329	0.42016821050624265	0.5483360527349893	0.5483364103171593	0.0	0.14285714285714285	0.03333333333333333	0.0	0.7681793814935769	1	0.5
f67af6661015	0.0	0.19396770503618765	0.30072565970853826	0.22673840454420918	0.3336670076794491	0.1111111111111111	0.1111111111111111	0.0	1.0	1	0.3333333333333333
1557fb4dbd96	0.0	0.0	0.08225672366991757	0.036399203817070964	0.10483909115472208	0.14285714285714285	0.03571428571428571	0.0	0.7681793814935769	1	0.07142857142857142
95da06f756f9	0.06763153833293722	0.11816600049205804	0.2975191965758062	0.29248415602632033	0.13229220389380872	0.09090909090909091	0.08333333333333333	1.0	0.0765560236769618	0	0.3333333333333333
8de1c33cb253	0.6292961364697458	0.4320078270524341	0.7114039779960277	0.2431056809714042	0.8218795978519384	0.1111111111111111	0.2	0.0	1.0	1	0.5
342c8dc0fb10	0.06763153833293722	0.44075431402818516	0.41990501347752274	0.39110820976487704	0.39071778752633163	0.14285714285714285	0.04	0.0	0.7681793814935769	1	0.2
8ce0d6255b77	0.1156168784316249	0.16155788157855885	0.31388646232954215	0.28340860774971316	0.2858786963716096	0.16666666666666666	0.0625	1.0	0.7681793814935769	1	1.0
93cdfa82d55e	0.1156168784316249	0.08938912861378186	0.2689311516998168	0.268931327075819	0.0	0.16666666666666666	1.0	1.0	1.0	1	0.3333333333333333
bbac3d3dec30	0.15283719984194166	0.3492335459308247	0.43731011071919407	0.422781507587797	0.35202479831851397	0.08333333333333333	0.02857142857142857	1.0	0.06686342500299583	0	0.1111111111111111
18df6fd7caa4	0.0	0.052289288211202906	0.12444961868659946	0.0822567773113617	0.13229220389380872	0.14285714285714285	0.043478260869565216	0.0	0.7681793814935769	1	0.09090909090909091
4e3f11acd75b	0.0	0.052289288211202906	0.1350231695040073	0.0986240537385567	0.13229220389380872	0.08333333333333333	0.25	1.0	0.0765560236769618	0	0.1
08d9b257a9a7	0.06763153833293722	0.052289288211202906	0.1350231695040073	0.11246238877989302	0.10483909115472208	0.14285714285714285	0.045454545454545456	0.0	0.7681793814935769	1	0.08333333333333333
8559551465d2	1.0	0.9192997660272638	0.9469898526770555	0.9469904702302598	0.0	0.1111111111111111	0.03225806451612903	0.0	0.22367276465019534	1	1.0
870bdb7ff9c8	0.1156168784316249	0.2413899532786789	0.35384141113454926	0.346583429312739	0.20967818230944416	0.09090909090909091	0.029411764705882353	1.0	0.0765560236769618	0	1.0
ad12fa8b3011	0.0	0.28335683364996944	0.42114897920955413	0.3740477138126567	0.4294107767341494	0.1	0.05	0.0	1.0	1	1.0
4d36a0faa1b4	0.0	0.19396770503618765	0.2460491115198026	0.18088083104991842	0.2703697338015283	0.08333333333333333	0.07692307692307693	1.0	0.0765560236769618	0	0.05
afb30d8941c1	0.06763153833293722	0.37627936829392306	0.44425722169971277	0.4156296467452772	0.41575485594616113	0.14285714285714285	0.038461538461538464	0.0	0.7681793814935769	1	0.25
22c31058ea9b	0.06763153833293722	0.33077908189246075	0.30382153283792823	0.23364731129418437	0.3336670076794491	0.08333333333333333	0.14285714285714285	0.0	1.0	1	0.5
58aba1254249	0.06763153833293722	0.46566849690770495	0.6025770807299853	0.5535729486849468	0.6242016837097372	0.14285714285714285	0.037037037037037035	0.0	0.7681793814935769	1	0.16666666666666666
7bcada1eac48	0.0	0.0	0.16803434660440356	0.11246238877989302	0.185695584875566	0.14285714285714285	0.047619047619047616	0.0	0.7681793814935769	1	0.2
2de93fde6975	0.06763153833293722	0.14167841682498472	0.20670634235651703	0.1350232575556277	0.23713129504853078	0.5	0.3333333333333333	1.0	1.0	1	0.3333333333333333
f2258c95c059	0.0	0.0	0.03639918008035379	0.0	0.06614610194690436	0.08333333333333333	0.03125	1.0	0.0765560236769618	0	0.043478260869565216
3d4cfe5940f5	0.1156168784316249	0.2413899532786789	0.3993496491321918	0.3955977193554013	0.19843830584071306	0.14285714285714285	0.041666666666666664	0.0	0.7681793814935769	1	0.01818181818181818
18329536a967	0.0	0.08938912861378186	0.1746871247840085	0.16084890366004248	0.10483909115472208	0.09090909090909091	0.05263157894736842	0.0	1.0	1	0.0625
