revisions	files	functions	lines	addLines	deleteLines	pos	time	rf	ibf	isComponent	distance
98215e88bcc1	0.24514081807895213	0.3691130106843987	0.5132257170013834	0.44361856577719777	0.5775944303887263	0.3333333333333333	0.3333333333333333	1.0	0.6239426073894736	1	1.0
b576a93e4507	0.11297202341832605	0.052289288211202906	0.33971209159248816	0.29913693854435036	0.34843740006704066	0.3333333333333333	0.2	1.0	1.0	1	0.25
8559551465d2	0.9771239714375873	0.9192997660272638	0.9469898526770555	0.9469904702302598	0.0	0.25	0.16666666666666666	1.0	0.32004795996593227	1	0.3333333333333333
b18dcbf17740	0.0	0.0	0.0	0.0	0.0	0.0	0.0	0.0	0.0	0	0.0
4a4f7dd5a2c1	0.2920284441669651	0.3403361388061225	0.4483030658511456	0.43308507567618726	0.38367868412432304	1.0	0.125	1.0	0.8353423914104244	0	0.0625
313ca82fe335	0.0	0.0	0.0	0.0	0.0	0.0	0.0	0.0	0.0	0	0.0
262f99e8fc54	0.2920284441669651	0.28335683364996944	0.2889630660264346	0.22673840454420918	0.3246790309812732	0.2	0.5	1.0	0.6239426073894736	1	0.125
a63df0cc43aa	0.0	0.08938912861378186	0.12444961868659946	0.12444969984297151	0.0	0.2	1.0	1.0	0.6744523947580044	1	0.25
4dd4a82959b2	0.06608439733031304	0.08938912861378186	0.3437025896115514	0.343702813747676	0.0	0.2	0.25	1.0	0.6744523947580044	1	1.0
