revisions	files	functions	lines	addLines	deleteLines	pos	time	rf	ibf	isComponent	distance
c8a4967de00c	0.11297202341832605	0.16155788157855885	0.3605564225394263	0.27748746320483414	0.4204865193363897	0.045454545454545456	0.041666666666666664	0.004784688995215311	0.7406022510826102	1	1.0
89ef0fb628d9	0.3980639238155956	0.35346216255331403	0.5082160369513866	0.43765369070499377	0.5729441474833649	0.1	0.037037037037037035	0.33014354066985646	1.0	0	1.0
2bbacd6640a5	0.2778469664164643	0.37274596226375134	0.5407334669652365	0.401425643245588	0.645755754787872	0.09090909090909091	0.043478260869565216	0.019138755980861243	1.0	0	1.0
4b8d81912431	0.22594404683665206	0.26816738584134553	0.5932701790820125	0.481291145304825	0.6939968708340412	0.125	0.013888888888888888	0.41626794258373206	1.0	0	1.0
68aa1ab9bed8	0.11297202341832605	0.38951777658204884	0.4586396186176395	0.44645867379141857	0.37481480202904494	0.09090909090909091	0.047619047619047616	0.06698564593301436	0.7406022510826102	0	1.0
d40e9820b090	0.06608439733031304	0.11816600049205804	0.2754234804643054	0.23691208862286453	0.276296730051184	0.04	0.003115264797507788	0.004784688995215311	1.0	0	0.5
4232134976f9	0.0	0.0	0.1350231695040073	0.12444969984297151	0.069074182512796	0.04	0.006535947712418301	0.004784688995215311	1.0	0	0.25
05bbc6538b65	0.20418054257991852	0.2759856130067989	0.32415724245907257	0.31251608341619624	0.2294594675206344	0.04	0.004975124378109453	0.004784688995215311	0.6744523947580044	0	1.0
355e1f63f5f7	0.0	0.20755512910583993	0.2795047025172246	0.23364731129418437	0.29342212036472987	0.06382978723404256	0.03225806451612903	0.06698564593301436	0.6239426073894736	0	0.09090909090909091
6a59b3dc1388	0.06608439733031304	0.21984644927517105	0.362950469051838	0.33227136503274113	0.3514123368235937	0.08333333333333333	0.1111111111111111	0.03827751196172249	0.8353423914104244	0	1.0
b7b9418c5943	0.0	0.11816600049205804	0.16803434660440356	0.16084890366004248	0.069074182512796	0.037037037037037035	0.014492753623188406	0.009569377990430622	0.8353423914104244	0	0.5
8da828b2d656	0.0	0.19396770503618765	0.25434159599462464	0.1921169119349664	0.2880341606142974	0.1111111111111111	0.017543859649122806	0.06698564593301436	0.7406022510826102	0	0.06666666666666667
672e33693439	0.14934089169295822	0.3403361388061225	0.4476923735378234	0.43592393617986547	0.35983873256935345	0.09090909090909091	0.0625	0.06698564593301436	0.7406022510826102	0	0.05263157894736842
27c683716d8b	0.06608439733031304	0.11816600049205804	0.14448153301321734	0.0986240537385567	0.16038528500783836	0.07692307692307693	0.006711409395973154	0.004784688995215311	1.0	1	0.25
0085a5c5f382	0.14934089169295822	0.26816738584134553	0.3621595262801692	0.36136178846583605	0.069074182512796	0.04	0.005076142131979695	0.004784688995215311	0.6744523947580044	0	0.045454545454545456
85a3e43952a0	0.11297202341832605	0.37627936829392306	0.41113986904127436	0.354709005947806	0.4506097091862146	0.01694915254237288	0.0035714285714285713	0.019138755980861243	0.6239426073894736	0	1.0
258ab9b1bfc3	0.5991788428887306	0.5005713292762338	0.5989578975538007	0.47008315751417046	0.7069616472221439	0.08333333333333333	0.005025125628140704	0.02392344497607656	1.0	1	1.0
405bc54f9208	0.3980639238155956	0.4673995464228827	0.49867089583864815	0.4745085883046332	0.47954851403953624	0.11214953271028036	0.011235955056179775	0.07177033492822966	0.8353423914104244	0	1.0
9df5d9a9dc74	0.0	0.14167841682498472	0.1530376635625889	0.1444816272328475	0.069074182512796	0.1111111111111111	0.005988023952095809	0.02392344497607656	0.8353423914104244	0	0.3333333333333333
c8f135eb8bc6	0.0	0.0	0.24889923737319897	0.2067064771543332	0.2556048484684772	0.1111111111111111	0.003875968992248062	0.33014354066985646	1.0	0	1.0
f8f6a08506d6	0.0	0.0	0.1808807130935711	0.1350232575556277	0.19391574626440314	0.125	0.0049261083743842365	0.009569377990430622	1.0	0	0.5
0c34ab992486	0.0	0.08938912861378186	0.1350231695040073	0.11246238877989302	0.10947998905075071	0.16666666666666666	0.0045871559633027525	0.009569377990430622	1.0	0	0.5
303396aa6118	0.0	0.0	0.1350231695040073	0.0822567773113617	0.16038528500783836	0.04	0.0070921985815602835	0.004784688995215311	1.0	0	0.16666666666666666
af5d23c92a0c	0.0	0.0	0.2689311516998168	0.22307375358152826	0.2823381543107977	0.125	0.003236245954692557	0.4066985645933014	0.7406022510826102	0	0.5
1f70f13bd8f8	0.0	0.14167841682498472	0.34563323227605924	0.29248415602632033	0.37481480202904494	0.125	0.007633587786259542	0.02392344497607656	0.8353423914104244	0	0.3333333333333333
81b36e9b2544	0.2623129151112843	0.37274596226375134	0.4550427476424354	0.449512420009539	0.29853365003343035	0.09090909090909091	0.027777777777777776	0.06698564593301436	0.7406022510826102	0	0.045454545454545456
f64ab851da28	0.45690338716510337	0.4865399761879694	0.6278553215660712	0.6278145419776997	0.069074182512796	0.07692307692307693	0.0040650406504065045	0.009569377990430622	1.0	0	1.0
334514863909	0.24514081807895213	0.25094701019234067	0.4348695721948365	0.41948677147946223	0.3700685249887856	0.037037037037037035	0.0036231884057971015	0.004784688995215311	0.6744523947580044	0	1.0
fe24cebec2fe	0.11297202341832605	0.25094701019234067	0.425959313281469	0.3417297347099609	0.4931586731750738	0.09090909090909091	0.125	0.06698564593301436	0.7406022510826102	0	1.0
63e25a9ed0fb	0.0	0.19396770503618765	0.1921167866513249	0.16084890366004248	0.1785541715635467	0.06666666666666667	0.0058823529411764705	0.009569377990430622	1.0	0	1.0
7fb41f2fe832	0.0	0.052289288211202906	0.20670634235651703	0.18667454976445727	0.16038528500783836	0.09090909090909091	1.0	0.06698564593301436	0.7406022510826102	0	0.045454545454545456
e84b4b9c4e32	0.46649345769120276	0.4865399761879694	0.6626758797062939	0.6626763118520153	0.0	0.06382978723404256	0.008130081300813009	0.06698564593301436	0.5494652828006168	0	0.25
facf9082a784	0.20418054257991852	0.39862470650273474	0.5115866911200311	0.4369657832591678	0.5802838794497504	0.03225806451612903	0.005376344086021506	0.004784688995215311	1.0	0	0.1
27c5384bea49	0.0	0.0	0.06222480934329974	0.036399203817070964	0.069074182512796	0.022727272727272728	0.06666666666666667	0.004784688995215311	1.0	0	0.08333333333333333
aaf60d045017	0.06608439733031304	0.2598444173170428	0.3869865754596095	0.386382303770726	0.069074182512796	0.04716981132075472	0.009708737864077669	0.1722488038277512	1.0	0	1.0
98443a04525a	0.39081898983479035	0.5107914275093834	0.6828808555049759	0.6501324690663322	0.7090889673269722	0.05263157894736842	0.0031746031746031746	0.004784688995215311	0.7406022510826102	1	1.0
76d6ad608510	0.0	0.08938912861378186	0.20210167028488468	0.16084890366004248	0.20722254753838798	0.038461538461538464	0.006369426751592357	0.009569377990430622	1.0	0	0.25
647ad6056049	0.5310181859142654	0.41250489177089955	0.5575344119385337	0.4383363668648766	0.6574252324124064	0.02857142857142857	0.009259259259259259	0.004784688995215311	1.0	1	1.0
6301667fb54d	0.0	0.0	0.12444961868659946	0.12444969984297151	0.0	0.03225806451612903	0.019230769230769232	0.004784688995215311	1.0	0	0.5
b3dcb286377d	0.11297202341832605	0.26816738584134553	0.4097480361401522	0.3572619215579765	0.4438889845418409	0.01973684210526316	0.003125	0.014354066985645933	0.6239426073894736	0	1.0
a4c4e1dad89f	0.2920284441669651	0.39862470650273474	0.4691227196300556	0.4607838161910305	0.3514123368235937	0.09090909090909091	0.05	0.03349282296650718	1.0	0	0.5
9744ec677e72	0.17905642074863906	0.3092355778889529	0.3972247825032021	0.36604658088821196	0.3898447525284727	0.06382978723404256	0.015625	0.06698564593301436	0.520586676751911	0	0.022222222222222223
7f71a708d272	0.06608439733031304	0.4320078270524341	0.5338462985118493	0.5300106993574599	0.34843740006704066	0.1111111111111111	0.01	0.06698564593301436	0.7406022510826102	0	1.0
bb276c9cffeb	0.2778469664164643	0.46910766745501303	0.5121861686322841	0.5093026398385373	0.29853365003343035	0.027777777777777776	0.00411522633744856	0.004784688995215311	0.7406022510826102	0	1.0
00b2b938e7dd	0.11297202341832605	0.2759856130067989	0.36373450393816925	0.3311561769973047	0.3571083431270934	0.029411764705882353	0.0035335689045936395	0.004784688995215311	1.0	0	0.05
e3b5eb90906b	0.0	0.052289288211202906	0.24310552243687084	0.1921169119349664	0.2629899287771991	0.03225806451612903	0.005917159763313609	0.004784688995215311	1.0	0	0.16666666666666666
26d2a0f4d858	0.14934089169295822	0.40435726148239093	0.48023094399858596	0.46131188525726446	0.43791995620300284	0.1111111111111111	0.25	0.06698564593301436	0.7406022510826102	0	0.5
4744febc1937	0.17905642074863906	0.20755512910583993	0.26432647962818445	0.23364731129418437	0.2476283540763427	0.05	0.0049504950495049506	0.004784688995215311	0.8353423914104244	1	0.01694915254237288
1c041126d929	0.0	0.0	0.26665833602805705	0.21925311390470442	0.2823381543107977	0.011235955056179775	0.003003003003003003	0.009569377990430622	0.7406022510826102	0	0.08333333333333333
948998d3bc93	0.2920284441669651	0.3032362984035436	0.4636501908104431	0.46235879487610865	0.1785541715635467	0.044444444444444446	0.0030211480362537764	0.014354066985645933	0.8353423914104244	0	1.0
d021c0d5fc50	0.06608439733031304	0.2413899532786789	0.42556815177430574	0.3928181944644745	0.4247887549402079	0.045454545454545456	0.003355704697986577	0.019138755980861243	1.0	0	1.0
e79e3029b1e8	0.11297202341832605	0.3149681328686091	0.47675268136453164	0.47630857807875054	0.10947998905075071	0.037037037037037035	0.023809523809523808	0.009569377990430622	0.7406022510826102	0	0.1111111111111111
bc857e7522a0	0.24514081807895213	0.3403361388061225	0.40833428371166935	0.4059276636691618	0.1785541715635467	0.04	0.006896551724137931	0.004784688995215311	0.6744523947580044	0	0.038461538461538464
2813f1091c45	0.14934089169295822	0.2413899532786789	0.4219688152624057	0.42196909043768166	0.0	0.1	0.005	0.02392344497607656	0.8353423914104244	0	1.0
768e0c8e4b3d	0.11297202341832605	0.3149681328686091	0.44676847422840404	0.4429750398501211	0.2556048484684772	0.0392156862745098	0.007874015748031496	0.014354066985645933	1.0	0	0.14285714285714285
0d3ae76501bc	0.0	0.0	0.11246231544070878	0.11246238877989302	0.0	0.04901960784313726	0.005208333333333333	0.3397129186602871	1.0	0	0.14285714285714285
e482f2c5d40e	0.06608439733031304	0.11816600049205804	0.16084879876695327	0.12444969984297151	0.16038528500783836	0.023809523809523808	0.0056179775280898875	0.004784688995215311	0.7406022510826102	0	0.16666666666666666
7d0f50c09bd2	0.0	0.21984644927517105	0.2460491115198026	0.18667454976445727	0.276296730051184	0.029411764705882353	0.0035842293906810036	0.004784688995215311	1.0	0	0.5
843eb014e939	0.11297202341832605	0.35346216255331403	0.48337378855285384	0.43731039589887094	0.5152541410674739	0.04672897196261683	0.005714285714285714	0.3397129186602871	1.0	0	0.1
2e31831b0630	0.0	0.20755512910583993	0.359744005919106	0.3417297347099609	0.30339573531515385	0.042735042735042736	0.00546448087431694	0.3397129186602871	1.0	0	1.0
1eef92810bb8	0.0	0.21984644927517105	0.30533033178017055	0.2619326039277545	0.3167025365891387	0.14285714285714285	0.006097560975609756	0.014354066985645933	1.0	1	1.0
bb936de3ef52	0.46649345769120276	0.6050020990892669	0.7282866223713642	0.6990289367844208	0.7500598388572413	0.03225806451612903	0.003215434083601286	0.004784688995215311	1.0	0	1.0
218bfde6d4ca	0.11297202341832605	0.0	0.5227431212387064	0.0822567773113617	0.6487666478791339	0.05	0.006666666666666667	0.004784688995215311	0.8353423914104244	1	0.023255813953488372
fd97ba319ab6	0.5145411184125728	0.5422424268285017	0.6308520298362688	0.599128578712235	0.6487666478791339	0.03225806451612903	0.005649717514124294	0.004784688995215311	1.0	0	0.2
cec9cc7b00cc	0.11297202341832605	0.11816600049205804	0.3675551411234703	0.2619326039277545	0.4415441003407458	0.06382978723404256	0.00819672131147541	0.06698564593301436	0.6239426073894736	0	0.017241379310344827
909805c2e1b0	0.0	0.0	0.14448153301321734	0.11246238877989302	0.138148365025592	0.125	0.004901960784313725	0.009569377990430622	1.0	0	1.0
67096b484868	0.0	0.052289288211202906	0.03639918008035379	0.0	0.069074182512796	0.027777777777777776	0.007751937984496124	0.004784688995215311	1.0	0	1.0
2e0dcf5f412d	0.43012458941657056	0.49923493128011215	0.6253075549171714	0.6098595253680459	0.5796924653663378	0.04901960784313726	0.02702702702702703	0.3397129186602871	0.8353423914104244	0	0.07142857142857142
6ab499d9f28e	0.06608439733031304	0.16155788157855885	0.2302591559477033	0.2067064771543332	0.19391574626440314	0.03225806451612903	0.0064516129032258064	0.004784688995215311	1.0	0	0.07692307692307693
315136e13a9f	0.0	0.0	0.14448153301321734	0.1350232575556277	0.069074182512796	0.037037037037037035	0.003663003663003663	0.004784688995215311	0.7406022510826102	0	0.125
3a77553061f9	0.0	0.11816600049205804	0.1530376635625889	0.11246238877989302	0.16038528500783836	0.08333333333333333	0.013157894736842105	0.009569377990430622	1.0	0	0.5
af9ec0b1a918	0.5110359472339217	0.6444467541352686	0.7433484767356713	0.7433489614897925	0.0	0.07692307692307693	0.006578947368421052	0.004784688995215311	0.8353423914104244	1	1.0
d6cc1f98a1d9	0.6240079706522478	0.48801383511651664	0.6713259413102264	0.6117516177775985	0.7422486694791892	0.14285714285714285	0.014705882352941176	0.4066985645933014	0.8353423914104244	1	0.045454545454545456
033e269f5d46	0.0	0.08938912861378186	0.2619324331157728	0.21108644251844974	0.2823381543107977	0.04310344827586207	0.005747126436781609	0.1722488038277512	1.0	0	1.0
06ac45994868	0.24514081807895213	0.2759856130067989	0.36830013646847753	0.34752345342449975	0.3246790309812732	0.011235955056179775	0.0029850746268656717	0.009569377990430622	0.7406022510826102	1	0.1111111111111111
892f1d1fa8d6	0.3487969244049448	0.4071307286455093	0.6142295048414614	0.5071167914092398	0.7149826622049894	0.09090909090909091	0.014285714285714285	0.5119617224880383	1.0	0	1.0
acd7b58e970f	0.06608439733031304	0.20755512910583993	0.34467310094345616	0.24889939968594305	0.41128124266067956	0.037037037037037035	0.005434782608695652	0.019138755980861243	1.0	0	0.5
7012373d248c	0.14934089169295822	0.38951777658204884	0.4696040689005133	0.4676632944921593	0.21895997810150142	0.1986301369863014	0.00625	1.0	0.32004795996593227	0	0.25
16449c8e4b82	0.22594404683665206	0.14167841682498472	0.4931199471182676	0.0986240537385567	0.6154435810378307	0.06666666666666667	0.03333333333333333	0.4497607655502392	1.0	0	0.07142857142857142
c8dba40d8480	0.06608439733031304	0.14167841682498472	0.21526247290588865	0.16084890366004248	0.23895741101628998	0.125	0.004878048780487805	0.009569377990430622	1.0	0	0.1111111111111111
0f355f91abee	0.5246258302225686	0.49651985725929115	0.588675064448563	0.5355898369977246	0.642335191886539	0.06382978723404256	0.018867924528301886	0.06698564593301436	0.5833054849228712	0	1.0
dbf9595a813a	0.06608439733031304	0.08938912861378186	0.223073608110253	0.21925311390470442	0.069074182512796	0.03125	0.005235602094240838	0.009569377990430622	1.0	0	0.5
b65aad72cb1f	0.14934089169295822	0.19396770503618765	0.3300267458539839	0.2733112924399355	0.3624963028775259	0.025	0.004694835680751174	0.004784688995215311	1.0	0	0.07692307692307693
c31b1a730e25	0.0	0.0	0.08225672366991757	0.06222484992148576	0.069074182512796	0.023809523809523808	0.0037593984962406013	0.004784688995215311	0.7406022510826102	0	0.07692307692307693
e5cfed4dd402	0.0	0.0	0.1530376635625889	0.15303776336186264	0.0	0.09090909090909091	0.3333333333333333	0.06698564593301436	0.7406022510826102	0	1.0
52dae4e20ee6	0.0	0.11816600049205804	0.20210167028488468	0.1444816272328475	0.2294594675206344	0.1	0.009900990099009901	0.06698564593301436	0.7406022510826102	0	0.16666666666666666
4bcceb38adf6	0.22594404683665206	0.37274596226375134	0.530010353725887	0.5297654219305522	0.10947998905075071	0.15517241379310345	0.006211180124223602	0.05741626794258373	1.0	0	1.0
3950f713a120	0.06608439733031304	0.08938912861378186	0.22673825668313485	0.18667454976445727	0.2294594675206344	0.03225806451612903	0.003257328990228013	0.004784688995215311	1.0	0	0.01639344262295082
4f8f2e69c0f7	0.06608439733031304	0.11816600049205804	0.20210167028488468	0.18667454976445727	0.138148365025592	0.06382978723404256	0.009523809523809525	0.06698564593301436	0.6239426073894736	0	0.037037037037037035
885fb0553609	0.11297202341832605	0.2759856130067989	0.3437025896115514	0.3386863421603142	0.1785541715635467	0.058823529411764705	0.006756756756756757	0.019138755980861243	0.6744523947580044	0	0.08333333333333333
1ebbaff6f1a6	0.0	0.0	0.03639918008035379	0.036399203817070964	0.0	0.045454545454545456	0.010309278350515464	0.019138755980861243	1.0	0	0.14285714285714285
abafffb7abb6	0.0	0.14167841682498472	0.25434159599462464	0.25166181710041935	0.069074182512796	0.04	0.004545454545454545	0.004784688995215311	0.7406022510826102	0	0.04
842282704ccd	0.24514081807895213	0.28335683364996944	0.3668039114353334	0.3253624582827659	0.37934526310933975	0.029411764705882353	0.0035087719298245615	0.004784688995215311	1.0	0	1.0
01c927aaf8b2	0.2920284441669651	0.4449147152285283	0.47675268136453164	0.4049465448062133	0.5392866588283831	0.02702702702702703	0.004219409282700422	0.004784688995215311	0.7406022510826102	0	0.0625
26c7930d9c08	0.11297202341832605	0.08938912861378186	0.23364715892766083	0.22673840454420918	0.10947998905075071	0.03571428571428571	0.0045662100456621	0.019138755980861243	1.0	1	0.05
d4ebb9df8fcb	0.11297202341832605	0.2413899532786789	0.38392240687720625	0.3826670915662682	0.10947998905075071	0.025	0.0034602076124567475	0.004784688995215311	1.0	0	0.2
d04338435dfc	0.22594404683665206	0.44075431402818516	0.572752684537745	0.5169851492472471	0.6282571139787144	0.03225806451612903	0.00909090909090909	0.009569377990430622	1.0	0	1.0
2329c1cf663c	0.7172286657163792	0.7570939017138881	0.7692877838963705	0.7667827115213957	0.5653635732805306	0.125	0.00510204081632653	0.014354066985645933	1.0	1	0.05555555555555555
57157b6e2100	0.4518880936733042	0.5958085695553254	0.5829535283987878	0.5155579096078485	0.6526922181212019	0.29032258064516125	0.004098360655737705	0.05741626794258373	0.8353423914104244	0	1.0
ba9fd7dd4576	0.7396159142397352	0.747270728626659	0.7823707068483857	0.7575343746537336	0.79608211859879	0.05	0.006493506493506494	0.004784688995215311	0.6744523947580044	1	0.017241379310344827
0360dbda0f15	0.0	0.0	0.09862398942365351	0.0986240537385567	0.0	0.09090909090909091	0.16666666666666666	0.06698564593301436	0.7406022510826102	0	0.2
847ae7e9b0e8	0.0	0.11816600049205804	0.16084879876695327	0.16084890366004248	0.0	0.06493506493506493	0.008620689655172414	0.5119617224880383	1.0	1	0.5
1d46ed4a3ffd	0.06608439733031304	0.17877825722756366	0.2711478426908739	0.2569440160127405	0.19391574626440314	0.02702702702702703	0.007462686567164179	0.004784688995215311	0.8353423914104244	0	0.3333333333333333
d81eeff6937b	0.11297202341832605	0.17877825722756366	0.3475232267968525	0.3111242496074288	0.34843740006704066	0.04	0.003816793893129771	0.004784688995215311	1.0	0	0.1
91f0aac72478	0.0	0.0	0.08225672366991757	0.0822567773113617	0.0	0.042735042735042736	0.012048192771084338	0.3397129186602871	1.0	0	0.1
0e9d6908ecc6	0.20418054257991852	0.32045667405254846	0.492378030301539	0.49237835139223446	0.0	0.1111111111111111	0.00423728813559322	0.02392344497607656	0.8353423914104244	0	0.2
1356398a7395	0.11297202341832605	0.20755512910583993	0.35809677761426034	0.3446733257124728	0.276296730051184	0.058823529411764705	0.004132231404958678	0.019138755980861243	0.6744523947580044	0	0.02702702702702703
0da9e77846b8	0.14934089169295822	0.4469456430689092	0.5043886115000714	0.44068566121983893	0.5618788482798318	0.02564102564102564	0.016129032258064516	0.004784688995215311	0.7406022510826102	0	0.3333333333333333
cc8659cf20b6	0.0	0.052289288211202906	0.14448153301321734	0.0986240537385567	0.16038528500783836	0.011235955056179775	0.012195121951219513	0.009569377990430622	0.7406022510826102	0	0.09090909090909091
e0c1835422e4	0.39081898983479035	0.4585021392981806	0.6154198089924868	0.5789973544209004	0.6429659090588319	0.06382978723404256	0.009345794392523364	0.06698564593301436	0.6239426073894736	0	0.14285714285714285
cda6af679d60	0.06608439733031304	0.19396770503618765	0.28147778026825165	0.24889939968594305	0.26986527405858907	0.022727272727272728	0.004032258064516129	0.004784688995215311	1.0	0	0.3333333333333333
e7476997924e	0.0	0.052289288211202906	0.19724797884730702	0.16803445618334878	0.1785541715635467	0.125	0.01694915254237288	0.4066985645933014	0.7406022510826102	0	0.14285714285714285
9083931e39ee	0.0	0.08938912861378186	0.11246231544070878	0.0822567773113617	0.10947998905075071	0.04716981132075472	0.013513513513513514	0.1722488038277512	1.0	0	0.05263157894736842
62aeaaa390b0	0.0	0.20755512910583993	0.34563323227605924	0.3082741218954018	0.34843740006704066	0.07692307692307693	0.045454545454545456	0.02392344497607656	1.0	0	1.0
e200fc424e81	0.0	0.0	0.11246231544070878	0.06222484992148576	0.138148365025592	0.042735042735042736	0.01818181818181818	0.3397129186602871	1.0	0	0.07142857142857142
8173bab038b5	0.0	0.0	0.1350231695040073	0.12444969984297151	0.069074182512796	0.043478260869565216	0.00303951367781155	0.019138755980861243	1.0	0	0.043478260869565216
98cdcadbdef5	0.14934089169295822	0.3403361388061225	0.425959313281469	0.397760992282907	0.41287572436590453	0.1	0.0030581039755351682	0.019138755980861243	1.0	0	1.0
0e47e3a7683a	0.20418054257991852	0.32045667405254846	0.48357945055313634	0.4835797659060817	0.0	0.051546391752577324	0.0029069767441860465	0.5119617224880383	0.8353423914104244	0	0.125
6a3a9a774f3e	0.0	0.0	0.06222480934329974	0.0	0.10947998905075071	0.038461538461538464	0.09090909090909091	0.019138755980861243	1.0	0	0.125
3ed00e38a873	0.0	0.14167841682498472	0.1808807130935711	0.18088083104991842	0.0	0.08333333333333333	0.024390243902439025	0.009569377990430622	1.0	0	0.3333333333333333
1a326f3d4525	0.06608439733031304	0.16155788157855885	0.23364715892766083	0.21526261328334842	0.1785541715635467	0.125	0.005847953216374269	0.009569377990430622	1.0	0	0.14285714285714285
efad8bd05876	0.0	0.11816600049205804	0.2460491115198026	0.1444816272328475	0.308031593529086	0.04	0.010526315789473684	0.004784688995215311	0.6744523947580044	0	0.041666666666666664
75d78a90d621	0.6439902093325914	0.681328570390296	0.7051164009447538	0.6858004205406656	0.6882786997216056	0.07142857142857142	0.004739336492890996	0.014354066985645933	0.5833054849228712	1	0.5
a2f859f65852	0.5341227403128965	0.6495717166950754	0.5951273785451796	0.5314684550550342	0.6623326248013275	0.019417475728155338	0.0041841004184100415	0.019138755980861243	0.5833054849228712	0	0.5
ca4a91803060	0.06608439733031304	0.28335683364996944	0.3826668420206856	0.3417297347099609	0.39565142289727584	0.22499999999999998	0.0031645569620253164	0.05741626794258373	1.0	0	1.0
939d63f90018	0.11297202341832605	0.29694425771962174	0.42438433562346894	0.40737952521831483	0.36760783254622637	0.05	0.003205128205128205	0.004784688995215311	0.8353423914104244	1	0.024390243902439025
0fbd3852fae8	0.06608439733031304	0.052289288211202906	0.08225672366991757	0.06222484992148576	0.069074182512796	0.029411764705882353	0.004149377593360996	0.004784688995215311	1.0	0	0.01098901098901099
7e9138744004	0.0	0.08938912861378186	0.20210167028488468	0.1921169119349664	0.10947998905075071	0.038461538461538464	0.007936507936507936	0.004784688995215311	0.7406022510826102	1	1.0
572d40a8833b	0.4241972388275912	0.41250489177089955	0.5055218997104094	0.47872607130330364	0.4959463509089746	0.05	0.003436426116838488	0.004784688995215311	0.8353423914104244	1	0.018518518518518517
28c59ca96bd2	0.3171525659982445	0.3615248661001558	0.537750018927384	0.5055222293725152	0.5469890045453759	0.04878048780487805	0.008547008547008548	0.014354066985645933	1.0	1	1.0
a444c8335e5d	0.4755504642001851	0.4639138949766895	0.49106473631131936	0.43052522656669684	0.5436390090827746	0.028169014084507043	0.005319148936170213	0.009569377990430622	1.0	0	0.02564102564102564
d0bc44447e65	0.5673870541888975	0.6874022177069344	0.6181220070797211	0.5580739452023848	0.6837899868533016	0.01986754966887417	0.004081632653061225	0.014354066985645933	0.41974289182766034	0	0.5
f1871c539a47	0.06608439733031304	0.16155788157855885	0.4138604234160401	0.3740477138126567	0.4275570713022653	0.023255813953488372	0.0033783783783783786	0.004784688995215311	1.0	0	1.0
9da102f75bcb	0.0	0.0	0.30533033178017055	0.24604927197391604	0.3389394565713851	0.06382978723404256	0.016666666666666666	0.06698564593301436	0.6239426073894736	0	0.014492753623188406
78a6ac6b0168	0.17905642074863906	0.08938912861378186	0.23691193412730824	0.23691208862286453	0.0	0.044444444444444446	0.004405286343612335	0.014354066985645933	1.0	0	1.0
7620cf8ef36f	0.3669249431097742	0.43862267454460646	0.4841936246057054	0.4120561806379748	0.5478091983158646	0.06410256410256411	0.003861003861003861	0.9186602870813397	0.6239426073894736	0	1.0
c8196ea006dc	0.0	0.14167841682498472	0.1746871247840085	0.11246238877989302	0.20722254753838798	0.037037037037037035	0.006993006993006993	0.004784688995215311	0.7406022510826102	0	0.07692307692307693
e7e2e6360bc0	0.17905642074863906	0.14167841682498472	0.30827392086310235	0.2666585099219055	0.3167025365891387	0.011235955056179775	0.007518796992481203	0.009569377990430622	0.7406022510826102	0	0.125
a4e1e9fe4b80	0.06608439733031304	0.17877825722756366	0.19724797884730702	0.16803445618334878	0.1785541715635467	0.037037037037037035	0.0036363636363636364	0.019138755980861243	1.0	0	0.2
7432519375f1	0.14934089169295822	0.052289288211202906	0.446147216220506	0.0822567773113617	0.5629371199657999	0.14285714285714285	0.022727272727272728	0.4066985645933014	1.0	1	0.018867924528301886
63b5fef8c264	0.06608439733031304	0.14167841682498472	0.2907407760749784	0.28714962748127176	0.10947998905075071	0.09090909090909091	0.02	0.33014354066985646	1.0	0	0.07692307692307693
1f74053488c5	0.11297202341832605	0.3403361388061225	0.3916815759881601	0.3417297347099609	0.4204865193363897	0.038461538461538464	0.030303030303030304	0.009569377990430622	0.7406022510826102	0	0.5
e040c95e86ef	0.5145411184125728	0.3956599494367154	0.5571731582363013	0.4901150849040464	0.62378594998143	0.09090909090909091	0.01020408163265306	0.019138755980861243	1.0	1	0.2
313ca82fe335	0.0	0.0	0.0	0.0	0.0	0.0	0.0	0.0	0.0	0	0.0
109162342271	0.0	0.0	0.08225672366991757	0.0822567773113617	0.0	0.058823529411764705	0.011764705882352941	0.004784688995215311	1.0	0	0.029411764705882353
0b2debf61b29	0.11297202341832605	0.17877825722756366	0.19724797884730702	0.16084890366004248	0.19391574626440314	0.025	0.010752688172043012	0.004784688995215311	1.0	0	0.045454545454545456
629e33a7d2a1	0.14934089169295822	0.40435726148239093	0.48023094399858596	0.46131188525726446	0.43791995620300284	0.09090909090909091	0.2	0.06698564593301436	0.7406022510826102	0	0.07142857142857142
06d0bc44e8e9	0.30507413907761327	0.530143442641967	0.6279787752970007	0.6267369396836097	0.34220706014788355	0.14285714285714285	0.004761904761904762	0.019138755980861243	1.0	0	1.0
a440c5cbbd19	0.11297202341832605	0.4469456430689092	0.4954896857526342	0.47290343602146634	0.4702124763155871	0.09090909090909091	0.07692307692307693	0.06698564593301436	0.7406022510826102	0	0.5
72b3da8ee3cc	0.06608439733031304	0.20755512910583993	0.3704987302064021	0.32888335984339123	0.38367868412432304	0.07692307692307693	0.058823529411764705	0.019138755980861243	1.0	0	1.0
4c1b4661175f	0.5037910132531164	0.5132247308791946	0.585034305020416	0.5435159952263107	0.619702036867094	0.1111111111111111	0.02127659574468085	0.06698564593301436	0.7406022510826102	0	0.125
1d4b118142c3	0.06608439733031304	0.2413899532786789	0.3813934671405255	0.34937447740275757	0.37481480202904494	0.058823529411764705	0.006802721088435374	0.019138755980861243	0.6744523947580044	0	0.05
b55f03e19b49	0.0	0.0	0.08225672366991757	0.0822567773113617	0.0	0.04	0.01282051282051282	0.004784688995215311	1.0	0	0.08333333333333333
f84121092490	0.11297202341832605	0.17877825722756366	0.2871494402247173	0.268931327075819	0.2294594675206344	0.05263157894736842	0.0032679738562091504	0.004784688995215311	1.0	1	0.25
801601ae75cc	0.0	0.052289288211202906	0.30382153283792823	0.2431056809714042	0.3389394565713851	0.03125	0.004	0.009569377990430622	1.0	0	1.0
42f072648bc3	0.0	0.0	0.1746871247840085	0.16084890366004248	0.10947998905075071	0.04	0.0196078431372549	0.004784688995215311	1.0	0	0.034482758620689655
324ace413314	0.0	0.29694425771962174	0.346583203298102	0.2975193905947101	0.3700685249887856	0.04	0.005405405405405406	0.004784688995215311	0.7406022510826102	0	0.3333333333333333
54de91d1363d	0.0	0.19396770503618765	0.38010176969190523	0.34752345342449975	0.37481480202904494	0.09090909090909091	0.5	0.06698564593301436	0.7406022510826102	0	1.0
805d879dc0cf	0.06608439733031304	0.25094701019234067	0.29248396529100307	0.22673840454420918	0.33206411128999513	0.058823529411764705	0.0045045045045045045	0.019138755980861243	0.6744523947580044	0	0.07142857142857142
f2258c95c059	0.0	0.0	0.03639918008035379	0.0	0.069074182512796	0.04106280193236715	0.004830917874396135	0.8899521531100478	0.247376662786112	0	0.047619047619047616
11ed757dba68	0.3581128414972781	0.2759856130067989	0.41606622047784897	0.4156296467452772	0.069074182512796	0.03225806451612903	0.010638297872340425	0.004784688995215311	1.0	0	0.034482758620689655
49f825449580	0.14934089169295822	0.28335683364996944	0.38818354551084056	0.33971231312631994	0.41444509507677596	0.06382978723404256	0.017857142857142856	0.06698564593301436	0.6239426073894736	0	0.00847457627118644
b13c3c93d6ed	0.14934089169295822	0.17877825722756366	0.20670634235651703	0.17468723870137876	0.19391574626440314	0.014423076923076924	0.005555555555555556	0.014354066985645933	0.7406022510826102	0	0.06666666666666667
a6a26677c18d	0.0	0.3092355778889529	0.3774612433356863	0.3191688659342263	0.4159901334763155	0.011235955056179775	0.006134969325153374	0.009569377990430622	0.7406022510826102	0	1.0
154703571f22	0.14934089169295822	0.16155788157855885	0.2689311516998168	0.16803445618334878	0.33206411128999513	0.29032258064516125	0.004464285714285714	0.05741626794258373	0.8353423914104244	0	1.0
e4c589c3b55b	0.8768381475942552	0.8533885767370973	0.8907530481100673	0.8898617603616132	0.5980588801939836	0.05434782608695653	0.01639344262295082	0.08133971291866028	1.0	0	1.0
56bec749e36f	0.2778469664164643	0.41250489177089955	0.4641617102790876	0.3961434443332668	0.5218270491499151	0.037037037037037035	0.00398406374501992	0.019138755980861243	0.8353423914104244	0	1.0
baef0459f2d4	0.3669249431097742	0.49651985725929115	0.5638840931798433	0.5429876153465898	0.5388407834511472	0.03225806451612903	0.005494505494505495	0.004784688995215311	1.0	0	1.0
2ac68f59b417	0.0	0.2413899532786789	0.29913674347060804	0.2543417618564522	0.3124613441606226	0.07692307692307693	0.005681818181818182	0.009569377990430622	1.0	0	1.0
b5a7a86342cb	0.17905642074863906	0.21984644927517105	0.31388646232954215	0.2975193905947101	0.2476283540763427	0.011235955056179775	0.003048780487804878	0.009569377990430622	0.7406022510826102	0	0.3333333333333333
3bd528b8e6da	0.14934089169295822	0.2903294102274493	0.39882312900784195	0.3697720732509864	0.38577671910193473	0.06382978723404256	0.015873015873015872	0.06698564593301436	0.6239426073894736	0	0.019230769230769232
acb14eef2d73	0.11297202341832605	0.32045667405254846	0.3893647654986319	0.3407266909519464	0.4159901334763155	0.028985507246376812	0.006024096385542169	0.009569377990430622	0.6744523947580044	0	0.5
6f3e33e8b6eb	0.0	0.08938912861378186	0.20210167028488468	0.18667454976445727	0.138148365025592	0.03225806451612903	0.003246753246753247	0.004784688995215311	1.0	0	0.017857142857142856
c93e4113b2e0	0.11297202341832605	0.17877825722756366	0.2889630660264346	0.2795048847884751	0.1785541715635467	0.03125	0.003278688524590164	0.009569377990430622	1.0	0	0.1111111111111111
a01817c3bcf1	0.0	0.08938912861378186	0.16803434660440356	0.1444816272328475	0.138148365025592	0.030303030303030304	0.015384615384615385	0.009569377990430622	1.0	1	0.25
94460f0762dd	0.0	0.0	0.0	0.0	0.0	0.029411764705882353	0.004347826086956522	0.004784688995215311	1.0	0	0.3333333333333333
f7d9047970fe	0.24514081807895213	0.21984644927517105	0.4151903947615779	0.40295154087343216	0.3284399671522521	0.025	0.011627906976744186	0.004784688995215311	1.0	0	0.05
bbc11b5b414b	0.3980639238155956	0.42016821050624265	0.4138604234160401	0.3520813603382579	0.45991051516839154	0.025	0.006172839506172839	0.004784688995215311	1.0	0	0.25
2ccd83e5265e	0.0	0.0	0.1866744280298992	0.1350232575556277	0.20722254753838798	0.022727272727272728	0.011363636363636364	0.004784688995215311	1.0	0	0.25
e9f484b32b25	0.4710848649156042	0.4865399761879694	0.59821621649343	0.5977571226450982	0.21895997810150142	0.05	0.004784688995215311	0.004784688995215311	0.8353423914104244	1	0.017543859649122806
25fb75d5ed7b	0.0	0.08938912861378186	0.24310552243687084	0.21526261328334842	0.21895997810150142	0.07692307692307693	0.03571428571428571	0.009569377990430622	1.0	0	0.3333333333333333
7e4a130eaeb8	0.0	0.16155788157855885	0.3111240467164987	0.1921169119349664	0.38577671910193473	0.04310344827586207	0.00558659217877095	0.1722488038277512	1.0	0	0.125
4f26ae04f798	0.06608439733031304	0.052289288211202906	0.23364715892766083	0.1972481074771134	0.2294594675206344	0.125	0.0031847133757961785	0.4066985645933014	0.7406022510826102	0	0.25
accf68f0c4e4	0.4922814671122878	0.4923369634710196	0.4776349629021611	0.410214649757849	0.5361228064122867	0.03225806451612903	0.011904761904761904	0.004784688995215311	1.0	0	0.14285714285714285
0c1fd68a0027	0.0	0.052289288211202906	0.20670634235651703	0.12444969984297151	0.2556048484684772	0.03225806451612903	0.010869565217391304	0.004784688995215311	1.0	0	0.058823529411764705
1a2675ebc8be	0.0	0.11816600049205804	0.1350231695040073	0.0822567773113617	0.16038528500783836	0.04	0.010101010101010102	0.004784688995215311	0.6744523947580044	0	0.04
7093edc4235d	0.0	0.052289288211202906	0.27748728224918834	0.21925311390470442	0.308031593529086	0.042735042735042736	0.005813953488372093	0.3397129186602871	1.0	0	0.3333333333333333
0ea7dc7ca300	0.24514081807895213	0.3356461218611724	0.46313573998214	0.38877635184434883	0.5264869984991185	0.029411764705882353	0.003484320557491289	0.004784688995215311	1.0	0	1.0
4f5bd7469d77	0.20418054257991852	0.29694425771962174	0.4512957237649573	0.4507054140768145	0.10947998905075071	0.028985507246376812	0.004166666666666667	0.009569377990430622	0.6744523947580044	0	0.3333333333333333
5ba3d5d0b2f1	0.14934089169295822	0.08938912861378186	0.24310552243687084	0.22673840454420918	0.1785541715635467	0.025	0.0035460992907801418	0.004784688995215311	1.0	0	0.017857142857142856
c96ac50ad906	0.7324897878292095	0.6870895842142828	0.7870765899613597	0.7863473068125825	0.4637810203229922	0.047619047619047616	0.008064516129032258	0.004784688995215311	0.8353423914104244	0	1.0
c3021f7564d2	0.24514081807895213	0.3448615593629846	0.4558856780033146	0.43052522656669684	0.4366820150590223	0.011235955056179775	0.0030120481927710845	0.009569377990430622	0.7406022510826102	1	1.0
654a2b2bc59b	0.557035373968769	0.6642016787994338	0.7323244856143979	0.7259704611582218	0.6148200984165502	0.09090909090909091	0.02631578947368421	0.06698564593301436	0.7406022510826102	0	1.0
f390253677ba	0.0	0.2310675454387666	0.43089513777496785	0.3826670915662682	0.4608923258743443	0.057692307692307696	0.0033333333333333335	0.028708133971291867	1.0	0	1.0
5dbf9d40986c	0.3283973124415973	0.2598444173170428	0.35892416986625436	0.34272169488472753	0.29342212036472987	0.025	0.0136986301369863	0.004784688995215311	1.0	0	0.045454545454545456
371ac48e92b1	0.0	0.052289288211202906	0.1746871247840085	0.1444816272328475	0.16038528500783836	0.043478260869565216	0.03125	0.019138755980861243	1.0	0	0.1111111111111111
0ddb6cc8cd64	0.20418054257991852	0.3092355778889529	0.4504083548541403	0.40244578470528286	0.48194990687870054	0.01652892561983471	0.0029940119760479044	0.019138755980861243	0.6744523947580044	1	0.25
22e0033985af	0.0	0.0	0.0	0.0	0.0	0.0	0.0	0.0	0.0	0	0.0
180776201731	0.2920284441669651	0.4741003394381032	0.5813088150871166	0.5764055357755102	0.42337521378503756	0.0392156862745098	0.006289308176100629	0.014354066985645933	0.6744523947580044	0	1.0
275472a94cb7	0.5488159427473349	0.5721690351711397	0.6628712474087772	0.6517247683918707	0.5911659143696134	0.06666666666666667	0.0029411764705882353	0.4497607655502392	1.0	0	0.0625
cab1d392ba3e	0.0	0.0	0.06222480934329974	0.0	0.10947998905075071	0.15517241379310345	0.00847457627118644	0.05741626794258373	1.0	0	0.5
918279c7ac2a	0.17905642074863906	0.2759856130067989	0.359744005919106	0.35118810438718073	0.23895741101628998	0.08333333333333333	0.003067484662576687	0.004784688995215311	1.0	0	0.3333333333333333
2950200d2578	0.0	0.2598444173170428	0.37193510363131554	0.35296581559500884	0.3207705700156767	0.125	0.0047169811320754715	0.02392344497607656	0.8353423914104244	0	1.0
493703d05279	0.6791005062725557	0.8309406848429126	0.8581113098000227	0.8580960291375812	0.1785541715635467	0.01986754966887417	0.0029154518950437317	0.014354066985645933	0.41974289182766034	0	1.0
a8ff45e04265	0.43584391932900896	0.5995649881164022	0.6642819504843883	0.6585307369145323	0.5299665083871403	0.04901960784313726	0.005128205128205128	0.3397129186602871	1.0	0	1.0
ade0885b3126	0.17905642074863906	0.2413899532786789	0.2871494402247173	0.2543417618564522	0.276296730051184	0.029411764705882353	0.00641025641025641	0.004784688995215311	1.0	0	1.0
1f9ae8d91561	0.0	0.052289288211202906	0.1746871247840085	0.1444816272328475	0.16038528500783836	0.29032258064516125	0.0031446540880503146	0.05741626794258373	1.0	0	0.5
af5ee74674fa	0.2623129151112843	0.3956599494367154	0.4850060412260258	0.4808686904903751	0.30339573531515385	0.058823529411764705	0.023255813953488372	0.019138755980861243	0.6744523947580044	0	0.02564102564102564
f67c02031c09	0.0	0.0	0.11246231544070878	0.11246238877989302	0.0	0.044642857142857144	0.0051813471502590676	0.3397129186602871	1.0	0	0.09090909090909091
209b7d629f0a	0.06608439733031304	0.21984644927517105	0.4626183240030097	0.46261862568673695	0.0	0.058823529411764705	0.011494252873563218	0.004784688995215311	1.0	0	1.0
e694ec81b4c1	0.0	0.14167841682498472	0.21526247290588865	0.15303776336186264	0.2476283540763427	0.03225806451612903	0.0033222591362126247	0.004784688995215311	1.0	0	0.017543859649122806
e4021194e5f2	0.17905642074863906	0.2598444173170428	0.3747406889609206	0.3740477138126567	0.069074182512796	0.1111111111111111	0.005154639175257732	0.009569377990430622	1.0	0	1.0
c6b909943abd	0.11297202341832605	0.16155788157855885	0.33971209159248816	0.3300269610717857	0.2294594675206344	0.05	0.003787878787878788	0.004784688995215311	0.8353423914104244	1	0.06666666666666667
1ef73d2bef94	0.06608439733031304	0.0	0.31787696034860546	0.2643266520013773	0.34537091256398	0.03125	0.003472222222222222	0.009569377990430622	1.0	0	0.08333333333333333
a6b6e3cf36a4	0.8805509317854763	1.0	1.0	1.0	0.069074182512796	0.2056737588652482	0.003367003367003367	1.0	0.18918229901573577	0	1.0
5d4df555973f	0.0	0.0	0.37404746988795895	0.31251608341619624	0.4159901334763155	0.06382978723404256	0.008849557522123894	0.06698564593301436	0.6239426073894736	0	0.00909090909090909
3f40a1f5c949	0.0	0.0	0.0	0.0	0.0	0.020202020202020204	0.0030959752321981426	0.019138755980861243	0.5833054849228712	0	0.5
b83feebc4d6c	0.4116538068042425	0.32045667405254846	0.3851606530447835	0.3152366395650962	0.4366820150590223	0.02564102564102564	0.005291005291005291	0.004784688995215311	1.0	0	0.3333333333333333
9ce0e4739d54	0.06608439733031304	0.16155788157855885	0.23364715892766083	0.1972481074771134	0.2294594675206344	0.125	0.004807692307692308	0.009569377990430622	1.0	0	0.2
5bb7a130eb31	0.14934089169295822	0.2310675454387666	0.32415724245907257	0.3038217309667262	0.276296730051184	0.03225806451612903	0.0032258064516129032	0.004784688995215311	1.0	0	0.5
ad5c89e07b85	0.0	0.2598444173170428	0.34563323227605924	0.3311561769973047	0.26986527405858907	0.5	0.1	1.0	1.0	1	1.0
7a6fa0f8e860	0.3980639238155956	0.4789069051958307	0.49030556541181364	0.422781507587797	0.5502300375363111	0.03125	0.00392156862745098	0.009569377990430622	0.6744523947580044	0	0.037037037037037035
b516dee066b2	0.0	0.052289288211202906	0.24889923737319897	0.1921169119349664	0.276296730051184	0.018691588785046728	0.004524886877828055	0.019138755980861243	0.5494652828006168	0	0.07692307692307693
4bcbfd0e4386	0.14934089169295822	0.3403361388061225	0.4578222707207731	0.45419212348985394	0.2629899287771991	0.037037037037037035	0.029411764705882353	0.009569377990430622	0.8353423914104244	0	0.3333333333333333
31d9edd19d0e	0.14934089169295822	0.2310675454387666	0.3022869412151867	0.285298603503014	0.23895741101628998	0.045454545454545456	0.0033112582781456954	0.004784688995215311	0.7406022510826102	1	0.09090909090909091
e92242fbb0cd	0.0	0.3956599494367154	0.5393093632627312	0.4866094622954453	0.5871199061350237	0.09090909090909091	0.022222222222222223	0.06698564593301436	0.7406022510826102	0	0.14285714285714285
dc3751f2a9bd	0.0	0.0	0.16084879876695327	0.0986240537385567	0.19391574626440314	0.03125	0.007407407407407408	0.009569377990430622	1.0	0	0.125
cfe256cbaf70	0.17905642074863906	0.0	0.1530376635625889	0.12444969984297151	0.138148365025592	0.03125	0.004629629629629629	0.009569377990430622	1.0	0	0.25
afa073274618	0.7661039283644008	0.8441891019595081	0.8869796960717886	0.8733079103306942	0.8586774927871119	0.020202020202020204	0.0029239766081871343	0.019138755980861243	0.5833054849228712	0	1.0
47d10df7fc31	0.0	0.052289288211202906	0.20670634235651703	0.2021018020798915	0.069074182512796	0.04	0.007142857142857143	0.004784688995215311	1.0	0	0.01639344262295082
963c7e594b71	0.14934089169295822	0.11816600049205804	0.24310552243687084	0.23025930610483455	0.16038528500783836	0.125	0.038461538461538464	0.4066985645933014	0.7406022510826102	0	0.5
1635bfd3831c	0.0	0.17877825722756366	0.3253622461067884	0.3053305308928899	0.276296730051184	0.08333333333333333	0.0125	0.009569377990430622	1.0	0	1.0
1bda3d0ec086	0.11297202341832605	0.2310675454387666	0.3502856424098959	0.3178771676432612	0.34220706014788355	0.03225806451612903	0.013333333333333334	0.004784688995215311	1.0	0	0.02857142857142857
b4085d2e2003	0.3283973124415973	0.4621350908775332	0.4700828509626587	0.4247809551034229	0.4993247415792234	0.02564102564102564	0.004608294930875576	0.004784688995215311	0.7406022510826102	0	1.0
b0b1fb950f0c	0.0	0.16155788157855885	0.30533033178017055	0.2619326039277545	0.3167025365891387	0.038461538461538464	0.007194244604316547	0.009569377990430622	1.0	0	0.16666666666666666
a5284a012ca5	0.06608439733031304	0.20755512910583993	0.2871494402247173	0.2021018020798915	0.34220706014788355	0.14285714285714285	0.004273504273504274	0.004784688995215311	1.0	1	0.3333333333333333
61a028247a37	0.0	0.0	0.23691193412730824	0.18088083104991842	0.2629899287771991	0.03125	0.0037174721189591076	0.009569377990430622	1.0	0	0.5
a2fa61f031ea	0.0	0.052289288211202906	0.1350231695040073	0.11246238877989302	0.10947998905075071	0.02702702702702703	0.01098901098901099	0.004784688995215311	1.0	0	0.09090909090909091
cd3ca8d5cc9b	0.0	0.14167841682498472	0.223073608110253	0.18667454976445727	0.21895997810150142	0.038461538461538464	0.003105590062111801	0.019138755980861243	1.0	0	0.5
fc2f87a798bb	0.11297202341832605	0.14167841682498472	0.26665833602805705	0.23691208862286453	0.2476283540763427	0.031746031746031744	0.009009009009009009	0.009569377990430622	0.7406022510826102	0	1.0
dda69faa1ac1	0.06608439733031304	0.08938912861378186	0.1866744280298992	0.15303776336186264	0.1785541715635467	0.029411764705882353	0.008	0.004784688995215311	1.0	0	0.125
89f547830056	0.0	0.19396770503618765	0.33971209159248816	0.3053305308928899	0.33556106590113627	0.125	0.004048582995951417	0.4066985645933014	0.7406022510826102	0	0.3333333333333333
4696568536f4	0.06608439733031304	0.28335683364996944	0.3787912146812241	0.36215976245247383	0.3167025365891387	0.09090909090909091	0.05555555555555555	0.06698564593301436	0.7406022510826102	0	0.02857142857142857
176050572de2	0.3389160702549781	0.4673995464228827	0.5069582731353228	0.46984408551561335	0.5244427631128178	0.1	0.02564102564102564	0.33014354066985646	1.0	0	0.5
5cbf5ae9bfd7	0.0	0.0	0.08225672366991757	0.06222484992148576	0.069074182512796	0.029411764705882353	0.0034965034965034965	0.004784688995215311	1.0	0	0.07142857142857142
622ad856bbbd	0.24514081807895213	0.08938912861378186	0.2460491115198026	0.2067064771543332	0.2476283540763427	0.03225806451612903	0.012987012987012988	0.004784688995215311	1.0	0	0.014705882352941176
267cb054ef11	0.06608439733031304	0.2598444173170428	0.35892416986625436	0.29587216121567017	0.4011382938027912	0.06493506493506493	0.008403361344537815	0.5119617224880383	1.0	1	0.5
f52a57923868	0.3980639238155956	0.46033140759385666	0.5261311242186638	0.5182505473978228	0.40801363908418103	0.0967741935483871	0.021739130434782608	0.9186602870813397	1.0	1	0.047619047619047616
9177521fcc4a	0.0	0.0	0.08225672366991757	0.0822567773113617	0.0	0.04672897196261683	0.003952569169960474	0.1722488038277512	1.0	0	0.3333333333333333
54b596879add	0.14934089169295822	0.19396770503618765	0.30827392086310235	0.2795048847884751	0.2880341606142974	0.1	0.006622516556291391	0.019138755980861243	1.0	0	0.3333333333333333
bfc92305b19c	0.4413693358599234	0.5852211908957519	0.6784451031601105	0.6773845439523786	0.3815355266734186	0.028169014084507043	0.007246376811594203	0.009569377990430622	0.8353423914104244	0	1.0
60d57bf5df89	0.06608439733031304	0.2598444173170428	0.3386861212955405	0.33764850999558577	0.069074182512796	0.03759398496240601	0.004651162790697674	0.02392344497607656	0.7406022510826102	0	0.3333333333333333
c3b14c00ac13	0.06608439733031304	0.16155788157855885	0.24889923737319897	0.2021018020798915	0.2629899287771991	0.051546391752577324	0.0048543689320388345	0.5119617224880383	1.0	0	0.3333333333333333
18c67f102f36	0.06608439733031304	0.19396770503618765	0.3022869412151867	0.2754236600741	0.276296730051184	0.023809523809523808	0.004672897196261682	0.004784688995215311	0.7406022510826102	0	0.5
f9df73321192	0.5278533451535838	0.46033140759385666	0.5463163629614769	0.5207290586343	0.537037060353016	0.07692307692307693	0.008695652173913044	0.004784688995215311	1.0	0	1.0
3024c07c9bff	0.17905642074863906	0.20755512910583993	0.4445749969832488	0.42156010803370686	0.4159901334763155	0.045454545454545456	0.003076923076923077	0.019138755980861243	1.0	0	0.14285714285714285
7f80bf59b43d	0.5246258302225686	0.5469668105298339	0.6151830074205709	0.5963643891016023	0.58629061163571	0.02702702702702703	0.008771929824561403	0.004784688995215311	0.7406022510826102	1	1.0
d05ce476110a	0.0	0.08938912861378186	0.08225672366991757	0.036399203817070964	0.10947998905075071	0.03225806451612903	0.0033444816053511705	0.004784688995215311	1.0	0	0.01694915254237288
622b14c530f6	0.4050004675852912	0.4741003394381032	0.5900031618668092	0.589436765824515	0.2294594675206344	0.018656716417910446	0.002967359050445104	0.02392344497607656	0.6239426073894736	1	0.3333333333333333
d876e6fc89d6	0.06608439733031304	0.16155788157855885	0.32772478834659746	0.2795048847884751	0.34843740006704066	0.03225806451612903	0.011111111111111112	0.004784688995215311	1.0	0	0.045454545454545456
03e9e606d033	0.06608439733031304	0.2413899532786789	0.2795047025172246	0.23025930610483455	0.29853365003343035	0.07142857142857142	0.02857142857142857	0.02392344497607656	1.0	0	0.3333333333333333
66cb4688e5d5	0.14934089169295822	0.2310675454387666	0.44200072958902353	0.4059276636691618	0.4506097091862146	0.022727272727272728	0.009433962264150943	0.004784688995215311	1.0	0	0.05555555555555555
730087737c66	0.20418054257991852	0.14167841682498472	0.2907407760749784	0.2754236600741	0.21895997810150142	0.02631578947368421	0.008333333333333333	0.004784688995215311	0.7406022510826102	1	0.041666666666666664
9f7b78f36beb	0.22594404683665206	0.3092355778889529	0.5501157207421556	0.47382417724572906	0.624355939984754	0.3333333333333333	0.007042253521126761	1.0	1.0	1	1.0
34e71894ee10	0.06608439733031304	0.052289288211202906	0.08225672366991757	0.036399203817070964	0.10947998905075071	0.024390243902439025	0.0044444444444444444	0.004784688995215311	0.8353423914104244	0	0.09090909090909091
a3a14661a1a8	0.17905642074863906	0.26816738584134553	0.4369654983042203	0.4143062102597437	0.40633875964925065	0.025	0.003424657534246575	0.004784688995215311	1.0	0	0.5
76d117c2457e	0.20418054257991852	0.3448615593629846	0.5346640009345005	0.5262592559291318	0.42337521378503756	0.1111111111111111	0.00980392156862745	0.06698564593301436	0.7406022510826102	0	1.0
834f7dce22ba	0.0	0.14167841682498472	0.39053064453301994	0.3344610219376306	0.4275570713022653	0.06382978723404256	0.02040816326530612	0.06698564593301436	0.6239426073894736	0	0.034482758620689655
d68619641d61	0.2778469664164643	0.2413899532786789	0.43272353954970183	0.4211492538501967	0.34220706014788355	0.05434782608695653	0.003194888178913738	0.430622009569378	1.0	1	1.0
90ebee7f1fb3	0.14934089169295822	0.32045667405254846	0.4944037278665116	0.493304793901436	0.19391574626440314	1.0	0.020833333333333332	1.0	1.0	0	1.0
d31f25ca302d	0.0	0.17877825722756366	0.240062131871887	0.18667454976445727	0.2629899287771991	0.042105263157894736	0.003968253968253968	0.03827751196172249	0.43585853724275586	0	0.2
3915a9571923	0.0	0.0	0.03639918008035379	0.0	0.069074182512796	0.023809523809523808	0.005952380952380952	0.004784688995215311	0.7406022510826102	0	0.05555555555555555
5ee1dff77954	0.4710848649156042	0.522523261974449	0.6176618757604145	0.6102110784756793	0.5032332025448198	0.05	0.004201680672268907	0.004784688995215311	0.6744523947580044	1	0.0625
e70b923d2f9e	0.0	0.0	0.08225672366991757	0.0822567773113617	0.0	0.043478260869565216	0.0072992700729927005	0.019138755980861243	1.0	0	0.05555555555555555
efe0d828766c	0.0	0.14167841682498472	0.37193510363131554	0.3111242496074288	0.41287572436590453	0.037037037037037035	0.003703703703703704	0.004784688995215311	0.6744523947580044	0	0.01818181818181818
d6415e5a4bbf	0.14934089169295822	0.2413899532786789	0.30072565970853826	0.29248415602632033	0.1785541715635467	0.06382978723404256	0.008928571428571428	0.06698564593301436	0.6239426073894736	0	0.008547008547008548
5073a37348ab	0.0	0.052289288211202906	0.09862398942365351	0.0822567773113617	0.069074182512796	0.1111111111111111	0.003937007874015748	0.33014354066985646	1.0	0	0.5
59539dbe627a	0.14934089169295822	0.3403361388061225	0.42712267414803223	0.4251755556614198	0.1785541715635467	0.04	0.009615384615384616	0.004784688995215311	0.6744523947580044	0	0.043478260869565216
b8c63a046f4e	0.20418054257991852	0.38951777658204884	0.48759673934798464	0.4705593999170489	0.4366820150590223	0.02564102564102564	0.003745318352059925	0.004784688995215311	0.7406022510826102	0	1.0
c8023491c14a	0.5928689899464263	0.615778756263088	0.7586151282046801	0.6983179459209531	0.8399549469817661	0.03225806451612903	0.015151515151515152	0.009569377990430622	0.8353423914104244	1	1.0
fcb697bbaa80	0.4882569619479364	0.5412764204197901	0.5034057028794717	0.4416739811001098	0.5586348843619817	0.05555555555555555	0.0038461538461538464	0.019138755980861243	0.6744523947580044	0	0.2
3941e68ff26d	0.11297202341832605	0.3492335459308247	0.41779264722087933	0.3520813603382579	0.4684168785369244	0.06382978723404256	0.025	0.06698564593301436	0.6239426073894736	0	0.03333333333333333
96b103416a0e	0.0	0.0	0.09862398942365351	0.06222484992148576	0.10947998905075071	0.04310344827586207	0.018518518518518517	0.1722488038277512	1.0	0	0.1111111111111111
5a42672642b6	0.20418054257991852	0.4015228341420275	0.5433046620210593	0.5097641908933097	0.5564120491419291	0.07692307692307693	0.034482758620689655	0.33014354066985646	1.0	0	0.5
73533aefffb7	0.0	0.0	0.16803434660440356	0.16084890366004248	0.069074182512796	0.038461538461538464	0.08333333333333333	0.019138755980861243	1.0	0	0.2
d2ac505725f8	0.0	0.0	0.20210167028488468	0.16084890366004248	0.20722254753838798	0.022727272727272728	0.003389830508474576	0.004784688995215311	1.0	0	1.0
947559717ef0	0.06608439733031304	0.11816600049205804	0.29913674347060804	0.29913693854435036	0.0	0.09090909090909091	0.0037313432835820895	0.019138755980861243	1.0	0	0.125
870bdb7ff9c8	0.11297202341832605	0.2413899532786789	0.35384141113454926	0.346583429312739	0.21895997810150142	0.042821158690176324	0.0035971223021582736	0.8899521531100478	0.247376662786112	0	1.0
b1a16d1468e8	0.0	0.17877825722756366	0.28147778026825165	0.24604927197391604	0.276296730051184	0.07142857142857142	0.14285714285714285	0.06698564593301436	0.7406022510826102	0	1.0
219a0ffbcdf1	0.20418054257991852	0.39862470650273474	0.47894233684149795	0.47336498707623875	0.3246790309812732	0.06382978723404256	0.017241379310344827	0.06698564593301436	0.520586676751911	0	0.5
9795ddddeb69	0.0	0.2759856130067989	0.34563323227605924	0.3311561769973047	0.26986527405858907	0.08333333333333333	0.05263157894736842	0.02392344497607656	1.0	0	1.0
80d50cf18862	0.4050004675852912	0.5005713292762338	0.5136675788804628	0.4426515386625558	0.5793954368884174	0.05434782608695653	0.004310344827586207	0.430622009569378	1.0	1	0.3333333333333333
0e26d5802802	0.0	0.11816600049205804	0.24310552243687084	0.1921169119349664	0.2629899287771991	0.1111111111111111	0.004329004329004329	0.33014354066985646	1.0	0	0.16666666666666666
07de5a904de1	0.14934089169295822	0.16155788157855885	0.32169759753390653	0.3097104962570064	0.2294594675206344	0.037037037037037035	0.003676470588235294	0.004784688995215311	0.6744523947580044	0	0.3333333333333333
0d2e5f452d03	0.0	0.19396770503618765	0.2754234804643054	0.25166181710041935	0.23895741101628998	0.02702702702702703	0.0035211267605633804	0.004784688995215311	1.0	0	0.3333333333333333
4fa83b891373	0.3487969244049448	0.2413899532786789	0.3511878753697344	0.2431056809714042	0.4247887549402079	0.025	0.014084507042253521	0.004784688995215311	1.0	0	0.047619047619047616
ae5fc94d872f	0.3581128414972781	0.3448615593629846	0.4823383511930069	0.4476926654880054	0.49173503495514326	0.08333333333333333	0.0029498525073746312	0.004784688995215311	1.0	1	0.1111111111111111
737052fdf35b	0.3171525659982445	0.2413899532786789	0.42712267414803223	0.42398651202132265	0.21895997810150142	0.024390243902439025	0.010416666666666666	0.004784688995215311	0.7406022510826102	0	0.5
dd9e7eab46f5	0.24514081807895213	0.3615248661001558	0.4464583826459495	0.4316312547141193	0.37934526310933975	0.1111111111111111	0.0029585798816568047	0.009569377990430622	1.0	1	0.03225806451612903
417fbcaf20e4	0.3389160702549781	0.4151102582116798	0.5272747247012909	0.5197733075887534	0.4046352484139322	0.03389830508474576	0.006329113924050633	0.009569377990430622	0.6744523947580044	1	1.0
75e1557189bb	0.0	0.11816600049205804	0.16084879876695327	0.15303776336186264	0.069074182512796	0.037037037037037035	0.004484304932735426	0.004784688995215311	1.0	0	0.022727272727272728
2a4f95f30244	0.4710848649156042	0.6576851624233945	0.7408689233700233	0.7408694065071724	0.0	0.03225806451612903	0.0053475935828877	0.004784688995215311	1.0	0	0.14285714285714285
44708ba99e23	0.0	0.0	0.03639918008035379	0.0	0.069074182512796	0.011235955056179775	0.003134796238244514	0.009569377990430622	0.7406022510826102	0	0.3333333333333333
fc830652e6f6	0.0	0.11816600049205804	0.3311559610431165	0.2795048847884751	0.3571083431270934	0.125	0.0031545741324921135	0.009569377990430622	1.0	0	0.5
725ea244b8ef	0.20418054257991852	0.3615248661001558	0.5379744476039238	0.48337410377168244	0.5882150048538193	0.14285714285714285	0.00425531914893617	0.004784688995215311	1.0	1	1.0
dfd114b082c8	0.0	0.14167841682498472	0.1808807130935711	0.17468723870137876	0.069074182512796	0.028985507246376812	0.0034129692832764505	0.009569377990430622	0.6744523947580044	0	0.034482758620689655
8d3383935a74	0.20418054257991852	0.3448615593629846	0.41736414319077336	0.3972250415423424	0.37481480202904494	0.07142857142857142	0.007692307692307693	0.019138755980861243	0.6744523947580044	0	1.0
9bfca09c3c53	0.5840568883339302	0.6113504670300618	0.5451858549904106	0.47290343602146634	0.6154435810378307	0.058823529411764705	0.00390625	0.019138755980861243	0.6239426073894736	0	0.5
63cac64149c7	0.14934089169295822	0.19396770503618765	0.3668039114353334	0.3097104962570064	0.4029021094154806	0.011235955056179775	0.0030303030303030303	0.009569377990430622	0.7406022510826102	0	0.038461538461538464
8870deb3cd89	0.7192163022763876	0.7432839736633603	0.733626838882853	0.6902862430604149	0.7878375614353678	0.03947368421052632	0.0038314176245210726	0.8947368421052632	0.24289940852075484	0	0.5
ca4b3f058b14	0.06608439733031304	0.14167841682498472	0.2889630660264346	0.28714962748127176	0.069074182512796	0.058823529411764705	0.0037735849056603774	0.019138755980861243	0.6744523947580044	0	0.07692307692307693
d7c61d9dad3c	0.14934089169295822	0.052289288211202906	0.2889630660264346	0.28340860774971316	0.138148365025592	0.02702702702702703	0.07142857142857142	0.004784688995215311	0.7406022510826102	1	1.0
713c95e8d8e4	0.06608439733031304	0.20755512910583993	0.38877609831478394	0.36295070573993404	0.3650848375192279	0.03125	0.0030864197530864196	0.009569377990430622	1.0	0	0.05555555555555555
2006fd7dc0fa	0.11297202341832605	0.19396770503618765	0.2834084229327595	0.2643266520013773	0.2294594675206344	0.03125	0.0033003300330033004	0.009569377990430622	1.0	0	0.3333333333333333
e2ebb3b53130	0.5459813638584133	0.5824327308531699	0.6348252098345866	0.6000875040731237	0.6606358074509392	0.02857142857142857	0.0078125	0.004784688995215311	0.8353423914104244	1	0.3333333333333333
26b76d6dd17e	0.0	0.0	0.1530376635625889	0.12444969984297151	0.138148365025592	0.02564102564102564	0.0035587188612099642	0.004784688995215311	0.7406022510826102	0	0.3333333333333333
fbfdfda2b881	0.2623129151112843	0.28335683364996944	0.35809677761426034	0.3555680697512972	0.138148365025592	0.03225806451612903	0.006060606060606061	0.004784688995215311	1.0	0	0.06666666666666667
abbb05b3369e	0.4116538068042425	0.44894508238451875	0.6393936764514592	0.5524353856398428	0.7313420765677328	0.027777777777777776	0.007352941176470588	0.004784688995215311	0.8353423914104244	0	0.5
a50cdaf71385	0.0	0.17877825722756366	0.2834084229327595	0.2431056809714042	0.2880341606142974	0.037037037037037035	0.0036496350364963502	0.004784688995215311	0.7406022510826102	0	0.125
1afdc916bda0	0.2778469664164643	0.26816738584134553	0.506003248980867	0.45362032867518487	0.5498306262578794	0.05	0.005780346820809248	0.004784688995215311	0.6744523947580044	1	0.034482758620689655
c68289aa2a47	0.3669249431097742	0.41766402983178363	0.4267365599017862	0.36373474113755194	0.47541294216204666	0.022727272727272728	0.004291845493562232	0.004784688995215311	1.0	0	0.05555555555555555
f15277be8b1c	0.41804616249593934	0.37274596226375134	0.5071164607072851	0.4413457486232843	0.5670612801077415	0.1986301369863014	0.0038022813688212928	1.0	0.520586676751911	0	0.3333333333333333
58783ba01bdf	0.0	0.0	0.11246231544070878	0.0986240537385567	0.069074182512796	0.1	0.005050505050505051	0.02392344497607656	0.8353423914104244	0	1.0
0e1dbde05ef1	0.0	0.0	0.0	0.0	0.0	0.0	0.0	0.0	0.0	0	0.0
a91e68adf9db	0.06608439733031304	0.2310675454387666	0.3916815759881601	0.3899498519847272	0.138148365025592	0.037037037037037035	0.006944444444444444	0.009569377990430622	0.8353423914104244	0	0.07142857142857142
93f2eab4a58e	0.14934089169295822	0.14167841682498472	0.21526247290588865	0.15303776336186264	0.2476283540763427	0.025	0.009174311926605505	0.004784688995215311	1.0	0	1.0
eaf43055f658	0.816110086311535	0.7015815654631168	0.7270539814176639	0.653475242730424	0.8182987474796194	0.01840490797546012	0.004016064257028112	0.014354066985645933	0.495486359971459	0	0.3333333333333333
bbac3d3dec30	0.14934089169295822	0.3492335459308247	0.43731011071919407	0.422781507587797	0.36760783254622637	0.039045553145336226	0.003401360544217687	0.8947368421052632	0.247376662786112	0	0.16666666666666666
40fb8e497e36	0.24514081807895213	0.2310675454387666	0.36977183211452735	0.31656661177793793	0.4011382938027912	0.03225806451612903	0.0055248618784530384	0.004784688995215311	1.0	0	1.0
0578533e5301	0.22594404683665206	0.32045667405254846	0.505843085827125	0.4914422482030313	0.4415441003407458	0.06493506493506493	0.008264462809917356	0.5119617224880383	1.0	1	1.0
ed764d5cef6c	0.24514081807895213	0.17877825722756366	0.2907407760749784	0.28714962748127176	0.10947998905075071	0.03225806451612903	0.012345679012345678	0.004784688995215311	1.0	0	0.015384615384615385
8b0df7e542dd	0.22594404683665206	0.2598444173170428	0.3621595262801692	0.35296581559500884	0.2476283540763427	0.03225806451612903	0.005263157894736842	0.004784688995215311	1.0	0	0.125
ec92845df482	0.4617689478232709	0.522523261974449	0.6011468684816886	0.55451002903509	0.6465170494037666	0.03225806451612903	0.00684931506849315	0.004784688995215311	1.0	0	0.1
52f4a71b2970	0.0	0.08938912861378186	0.20210167028488468	0.15303776336186264	0.21895997810150142	0.03225806451612903	0.0036900369003690036	0.004784688995215311	1.0	0	0.3333333333333333
ab69a71d8c96	0.0	0.0	0.20210167028488468	0.2021018020798915	0.0	0.029411764705882353	0.0036101083032490976	0.004784688995215311	1.0	0	0.25
76e6135314fc	0.0	0.16155788157855885	0.2958719682709606	0.29587216121567017	0.0	0.09090909090909091	0.012658227848101266	0.009569377990430622	1.0	0	1.0
70c55bd137c7	0.06608439733031304	0.11816600049205804	0.26665833602805705	0.23364731129418437	0.2556048484684772	0.05	0.003289473684210526	0.004784688995215311	0.8353423914104244	1	0.023809523809523808
5af91e08b3e2	0.3752849385296103	0.3356461218611724	0.6322352840739165	0.3869868278221867	0.7642415269927317	0.05	0.014925373134328358	0.004784688995215311	0.7406022510826102	1	0.2
aeec03e12bcb	0.14934089169295822	0.21984644927517105	0.3899495976898972	0.35028587083897605	0.4011382938027912	0.04	0.004424778761061947	0.004784688995215311	1.0	0	1.0
47a21a8cd2f0	0.5179724910036173	0.5432012509670123	0.6498746358236858	0.6458552611693253	0.47954851403953624	0.029411764705882353	0.0034482758620689655	0.004784688995215311	0.8353423914104244	1	1.0
8c31110375c5	0.913657041496575	0.829080634531919	0.8781007659745617	0.8689093554294399	0.811699393276297	0.08733624454148473	0.002932551319648094	0.8995215311004784	0.43585853724275586	1	1.0
e0e61c2b312a	0.3669249431097742	0.4320078270524341	0.5204566842295621	0.45754845766726765	0.5787987106708549	0.07692307692307693	0.04	0.33014354066985646	1.0	0	1.0
5bafad827a5e	0.3669249431097742	0.43645520751459366	0.5194980176560676	0.5061634569731308	0.4495205947328803	0.029850746268656716	0.002976190476190476	0.009569377990430622	0.6744523947580044	0	1.0
ade6c9a744a5	0.5213331085781631	0.5831355187099546	0.5311058830027904	0.4791587057907776	0.5769867883806371	0.04672897196261683	0.0038910505836575876	0.1722488038277512	0.6744523947580044	0	0.5
