revisions	files	functions	lines	addLines	deleteLines	pos	time	rf	ibf	isComponent	distance
9daf949d30d1	0.3283973124415973	0.3956599494367154	0.4567207670379138	0.38758730820425163	0.5146863162800799	0.14285714285714285	0.0625	1.0	0.8353423914104244	1	0.07142857142857142
11707f6c16f9	0.06608439733031304	0.3448615593629846	0.3966856131715804	0.34752345342449975	0.4247887549402079	0.09090909090909091	0.01694915254237288	0.058823529411764705	1.0	0	0.058823529411764705
153733c59911	0.0	0.052289288211202906	0.19724797884730702	0.12444969984297151	0.23895741101628998	1.0	0.1	1.0	1.0	1	0.16666666666666666
abafffb7abb6	0.0	0.14167841682498472	0.25434159599462464	0.25166181710041935	0.069074182512796	0.1	0.025	0.9411764705882353	0.7406022510826102	0	0.125
05bbc6538b65	0.20418054257991852	0.2759856130067989	0.32415724245907257	0.31251608341619624	0.2294594675206344	0.09090909090909091	0.02702702702702703	0.9411764705882353	0.6744523947580044	0	0.125
60d57bf5df89	0.06608439733031304	0.2598444173170428	0.3386861212955405	0.33764850999558577	0.069074182512796	0.1111111111111111	0.02564102564102564	1.0	0.7406022510826102	0	0.16666666666666666
aae85aca612e	0.14934089169295822	0.25094701019234067	0.2192529709249519	0.21108644251844974	0.10947998905075071	0.2	0.25	1.0	1.0	1	0.1
b7b9418c5943	0.0	0.11816600049205804	0.16803434660440356	0.16084890366004248	0.069074182512796	0.09090909090909091	0.05555555555555555	0.058823529411764705	0.8353423914104244	0	1.0
cd1c20933a2c	0.0	0.08938912861378186	0.1866744280298992	0.11246238877989302	0.2294594675206344	0.1	0.023809523809523808	0.9411764705882353	0.7406022510826102	0	0.3333333333333333
0085a5c5f382	0.14934089169295822	0.26816738584134553	0.3621595262801692	0.36136178846583605	0.069074182512796	0.09090909090909091	0.027777777777777776	0.9411764705882353	0.6744523947580044	0	0.038461538461538464
06445b80d189	0.0	0.052289288211202906	0.09862398942365351	0.0986240537385567	0.0	0.14285714285714285	0.045454545454545456	1.0	1.0	1	0.1
796147becbdc	0.6186046853956467	0.5393224246657808	0.5453924636520576	0.47675299226558854	0.6122864115832473	0.1111111111111111	0.022222222222222223	1.0	0.8353423914104244	0	0.2
7dd4083b4c09	0.11297202341832605	0.35346216255331403	0.4186435675620816	0.4039545846314467	0.34843740006704066	0.5	0.2	1.0	1.0	1	1.0
d0ea49889625	0.9692226810135073	0.9136987658197159	0.9549963543045487	0.9549969770789714	0.0	0.14285714285714285	0.030303030303030304	1.0	1.0	1	0.037037037037037035
1a2675ebc8be	0.0	0.11816600049205804	0.1350231695040073	0.0822567773113617	0.16038528500783836	0.09090909090909091	0.041666666666666664	0.9411764705882353	0.6744523947580044	0	0.034482758620689655
efe0d828766c	0.0	0.14167841682498472	0.37193510363131554	0.3111242496074288	0.41287572436590453	0.09090909090909091	0.02127659574468085	0.9411764705882353	0.6744523947580044	0	1.0
cdaabc6064f9	0.4518880936733042	0.5478912679119624	0.5457014877914969	0.46492386887762993	0.6230208561613149	0.14285714285714285	0.037037037037037035	1.0	1.0	1	1.0
2f9556adf482	0.0	0.20755512910583993	0.29913674347060804	0.29587216121567017	0.10947998905075071	0.1	0.029411764705882353	0.9411764705882353	0.8353423914104244	0	0.16666666666666666
59539dbe627a	0.14934089169295822	0.3403361388061225	0.42712267414803223	0.4251755556614198	0.1785541715635467	0.09090909090909091	0.04	1.0	0.6744523947580044	0	0.047619047619047616
a8429e8af33b	0.6149003400776479	0.9769899482921102	0.9488328282098614	0.93269212211692	0.9425393713282666	0.14285714285714285	0.06666666666666667	1.0	1.0	1	0.06666666666666667
8e0f33f0ae33	0.0	0.11816600049205804	0.1350231695040073	0.1350232575556277	0.0	0.1111111111111111	0.021739130434782608	1.0	0.8353423914104244	0	0.25
180776201731	0.2920284441669651	0.4741003394381032	0.5813088150871166	0.5764055357755102	0.42337521378503756	0.09090909090909091	0.03125	1.0	0.6744523947580044	0	0.3333333333333333
870bdb7ff9c8	0.11297202341832605	0.2413899532786789	0.35384141113454926	0.346583429312739	0.21895997810150142	0.07407407407407407	0.018867924528301886	1.0	0.247376662786112	0	1.0
334514863909	0.24514081807895213	0.25094701019234067	0.4348695721948365	0.41948677147946223	0.3700685249887856	0.1	0.019230769230769232	0.9411764705882353	0.6744523947580044	0	0.5
efad8bd05876	0.0	0.11816600049205804	0.2460491115198026	0.1444816272328475	0.308031593529086	0.09090909090909091	0.043478260869565216	0.9411764705882353	0.6744523947580044	0	0.03571428571428571
cd3fe041fbed	0.06608439733031304	0.08938912861378186	0.09862398942365351	0.0822567773113617	0.069074182512796	0.3333333333333333	0.5	1.0	1.0	1	1.0
07de5a904de1	0.14934089169295822	0.16155788157855885	0.32169759753390653	0.3097104962570064	0.2294594675206344	0.09090909090909091	0.020833333333333332	0.9411764705882353	0.6744523947580044	0	1.0
acef0e51c611	0.0	0.052289288211202906	0.24889923737319897	0.2067064771543332	0.2556048484684772	0.09090909090909091	0.017543859649122806	0.9411764705882353	0.7406022510826102	0	0.05263157894736842
dfd884378fc8	0.0	0.052289288211202906	0.16084879876695327	0.11246238877989302	0.1785541715635467	0.14285714285714285	1.0	1.0	1.0	1	0.047619047619047616
a6b6e3cf36a4	0.8805509317854763	1.0	1.0	1.0	0.069074182512796	0.07407407407407407	0.017857142857142856	1.0	0.18918229901573577	0	1.0
e04b56dad3ce	0.0	0.052289288211202906	0.16803434660440356	0.15303776336186264	0.10947998905075071	0.1111111111111111	0.017241379310344827	1.0	0.8353423914104244	0	1.0
b0134844c929	0.14934089169295822	0.41250489177089955	0.5719886678082277	0.5227434621311549	0.6183026741256298	0.5	0.16666666666666666	1.0	1.0	1	1.0
dab0a41b13e8	0.0	0.0	0.12444961868659946	0.0986240537385567	0.10947998905075071	1.0	0.09090909090909091	1.0	1.0	1	1.0
7a6fa0f8e860	0.3980639238155956	0.4789069051958307	0.49030556541181364	0.422781507587797	0.5502300375363111	0.09090909090909091	0.023255813953488372	0.9411764705882353	0.6744523947580044	0	0.14285714285714285
ee0540d65743	0.0	0.4250352504749542	0.5208644279609392	0.459180711404868	0.577896867587675	0.2	0.14285714285714285	1.0	1.0	1	0.5
4bcbfd0e4386	0.14934089169295822	0.3403361388061225	0.4578222707207731	0.45419212348985394	0.2629899287771991	0.09090909090909091	0.1111111111111111	0.058823529411764705	0.8353423914104244	0	0.2
8870deb3cd89	0.7192163022763876	0.7432839736633603	0.733626838882853	0.6902862430604149	0.7878375614353678	0.06896551724137931	0.022727272727272728	1.0	0.24289940852075484	0	0.25
bc70e5dc3687	0.0	0.0	0.14448153301321734	0.0986240537385567	0.16038528500783836	1.0	0.05263157894736842	1.0	1.0	1	0.043478260869565216
25901b86d2de	0.0	0.052289288211202906	0.2733111142076621	0.23025930610483455	0.2823381543107977	0.09090909090909091	0.01639344262295082	0.058823529411764705	1.0	0	0.07142857142857142
948998d3bc93	0.2920284441669651	0.3032362984035436	0.4636501908104431	0.46235879487610865	0.1785541715635467	0.09090909090909091	0.016666666666666666	0.058823529411764705	0.8353423914104244	0	0.06666666666666667
a50cdaf71385	0.0	0.17877825722756366	0.2834084229327595	0.2431056809714042	0.2880341606142974	0.1	0.0196078431372549	0.9411764705882353	0.7406022510826102	0	1.0
e79e3029b1e8	0.11297202341832605	0.3149681328686091	0.47675268136453164	0.47630857807875054	0.10947998905075071	0.09090909090909091	0.08333333333333333	1.0	0.7406022510826102	0	0.2
bc857e7522a0	0.24514081807895213	0.3403361388061225	0.40833428371166935	0.4059276636691618	0.1785541715635467	0.09090909090909091	0.03225806451612903	0.9411764705882353	0.6744523947580044	0	0.023809523809523808
c8196ea006dc	0.0	0.14167841682498472	0.1746871247840085	0.11246238877989302	0.20722254753838798	0.07692307692307693	0.034482758620689655	0.9411764705882353	0.7406022510826102	0	0.1
a91e68adf9db	0.06608439733031304	0.2310675454387666	0.3916815759881601	0.3899498519847272	0.138148365025592	0.08333333333333333	0.03333333333333333	0.058823529411764705	0.8353423914104244	0	0.1
a6b285db0902	0.14934089169295822	0.21984644927517105	0.2619324331157728	0.16803445618334878	0.3207705700156767	0.14285714285714285	0.07692307692307693	1.0	1.0	1	0.16666666666666666
6473db3bcb13	0.06608439733031304	0.16155788157855885	0.2302591559477033	0.1921169119349664	0.2294594675206344	0.14285714285714285	0.07142857142857142	1.0	1.0	1	0.25
1f74053488c5	0.11297202341832605	0.3403361388061225	0.3916815759881601	0.3417297347099609	0.4204865193363897	0.1111111111111111	0.125	1.0	0.7406022510826102	0	0.5
bbac3d3dec30	0.14934089169295822	0.3492335459308247	0.43731011071919407	0.422781507587797	0.36760783254622637	0.06896551724137931	0.018518518518518517	1.0	0.247376662786112	0	0.1111111111111111
313ca82fe335	0.0	0.0	0.0	0.0	0.0	0.0	0.0	0.0	0.0	0	0.0
973950846d6a	0.2778469664164643	0.2903294102274493	0.33764828980760514	0.29913693854435036	0.34220706014788355	0.14285714285714285	0.047619047619047616	1.0	1.0	1	0.05555555555555555
315136e13a9f	0.0	0.0	0.14448153301321734	0.1350232575556277	0.069074182512796	0.07692307692307693	0.02	0.9411764705882353	0.7406022510826102	0	0.125
50aec4be6437	0.0	0.052289288211202906	0.11246231544070878	0.0822567773113617	0.10947998905075071	0.1	0.02040816326530612	0.9411764705882353	0.8353423914104244	0	0.14285714285714285
fc2f87a798bb	0.11297202341832605	0.14167841682498472	0.26665833602805705	0.23691208862286453	0.2476283540763427	0.07692307692307693	0.038461538461538464	0.9411764705882353	0.7406022510826102	0	0.5
bfa8f8e40960	0.11297202341832605	0.14167841682498472	0.16803434660440356	0.1350232575556277	0.16038528500783836	0.14285714285714285	0.058823529411764705	1.0	1.0	1	0.09090909090909091
ca1f0abc57b7	0.14934089169295822	0.19396770503618765	0.28147778026825165	0.268931327075819	0.19391574626440314	1.0	0.05	1.0	1.0	1	0.5
324ace413314	0.0	0.29694425771962174	0.346583203298102	0.2975193905947101	0.3700685249887856	0.1	0.02857142857142857	0.9411764705882353	0.7406022510826102	0	0.3333333333333333
ebfaf27aee27	0.14934089169295822	0.17877825722756366	0.29248396529100307	0.285298603503014	0.16038528500783836	0.1111111111111111	0.01818181818181818	1.0	0.8353423914104244	0	0.3333333333333333
e1df49afab12	0.14934089169295822	0.2413899532786789	0.32169759753390653	0.2754236600741	0.3389394565713851	0.14285714285714285	0.3333333333333333	1.0	1.0	1	0.3333333333333333
8c31110375c5	0.913657041496575	0.829080634531919	0.8781007659745617	0.8689093554294399	0.811699393276297	0.125	0.016129032258064516	1.0	0.43585853724275586	0	1.0
f2258c95c059	0.0	0.0	0.03639918008035379	0.0	0.069074182512796	0.06896551724137931	0.02631578947368421	1.0	0.247376662786112	0	0.047619047619047616
a436501eca32	0.11297202341832605	0.14167841682498472	0.16803434660440356	0.11246238877989302	0.19391574626440314	0.09090909090909091	0.024390243902439025	0.9411764705882353	0.7406022510826102	0	0.022222222222222223
