revisions	files	functions	lines	addLines	deleteLines	pos	time	rf	ibf	isComponent	distance
52dae4e20ee6	0.0	0.11816600049205804	0.20210167028488468	0.1444816272328475	0.2294594675206344	0.2	0.024390243902439025	0.3333333333333333	0.7406022510826102	0	0.16666666666666666
c27b45eb0cd0	0.0	0.19396770503618765	0.38329681951029215	0.3355361423614212	0.40801363908418103	0.16666666666666666	0.027777777777777776	1.0	1.0	0	1.0
68aa1ab9bed8	0.11297202341832605	0.38951777658204884	0.4586396186176395	0.44645867379141857	0.37481480202904494	0.16666666666666666	0.08333333333333333	0.3333333333333333	0.7406022510826102	0	0.2
4f8f2e69c0f7	0.06608439733031304	0.11816600049205804	0.20210167028488468	0.18667454976445727	0.138148365025592	0.09523809523809523	0.023255813953488372	0.3333333333333333	0.6239426073894736	0	0.037037037037037035
fd5345e5622e	0.71822551394894	0.7878562204754311	0.8445734186103161	0.8440605131437627	0.49244939629783346	0.125	0.017857142857142856	0.16666666666666666	1.0	0	1.0
eb3f5bd728a6	0.14934089169295822	0.21984644927517105	0.34072646875661666	0.3344610219376306	0.19391574626440314	0.125	0.02631578947368421	0.16666666666666666	1.0	0	0.06666666666666667
842974ae3c95	0.0	0.0	0.12444961868659946	0.036399203817070964	0.1785541715635467	0.25	0.013888888888888888	1.0	1.0	0	0.16666666666666666
3bd528b8e6da	0.14934089169295822	0.2903294102274493	0.39882312900784195	0.3697720732509864	0.38577671910193473	0.09523809523809523	0.03125	0.3333333333333333	0.6239426073894736	0	0.019230769230769232
0a2fb38ec08a	0.3171525659982445	0.4071307286455093	0.5295191271986214	0.4931202686927836	0.5478091983158646	0.25	0.013513513513513514	1.0	1.0	0	1.0
b0ab5ea76110	0.20418054257991852	0.3356461218611724	0.4991903076475201	0.48337410377168244	0.44272343931863606	0.125	0.02	0.16666666666666666	1.0	0	0.07692307692307693
355e1f63f5f7	0.0	0.20755512910583993	0.2795047025172246	0.23364731129418437	0.29342212036472987	0.09523809523809523	0.07142857142857142	0.3333333333333333	0.6239426073894736	0	0.25
0360dbda0f15	0.0	0.0	0.09862398942365351	0.0986240537385567	0.0	0.16666666666666666	0.16666666666666666	0.3333333333333333	0.7406022510826102	0	1.0
29dc0ecace96	0.6455498784398418	0.5736862438774188	0.6077203992833897	0.5761128819469667	0.6228286613465526	0.125	0.019230769230769232	0.16666666666666666	1.0	0	0.008849557522123894
8da828b2d656	0.0	0.19396770503618765	0.25434159599462464	0.1921169119349664	0.2880341606142974	0.25	0.03571428571428571	0.16666666666666666	0.7406022510826102	0	0.0625
672e33693439	0.14934089169295822	0.3403361388061225	0.4476923735378234	0.43592393617986547	0.35983873256935345	0.16666666666666666	0.1	0.3333333333333333	0.7406022510826102	0	0.25
02f4dd6a2c74	0.3171525659982445	0.3653747416205808	0.5132257170013834	0.5060035789568714	0.38577671910193473	0.3333333333333333	0.015151515151515152	1.0	1.0	0	1.0
4f26ae04f798	0.06608439733031304	0.052289288211202906	0.23364715892766083	0.1972481074771134	0.2294594675206344	0.3333333333333333	0.014285714285714285	0.3333333333333333	0.7406022510826102	0	0.25
0ebd36e78171	0.11297202341832605	0.16155788157855885	0.2689311516998168	0.22307375358152826	0.2823381543107977	0.125	0.029411764705882353	0.16666666666666666	1.0	0	0.015625
76d117c2457e	0.20418054257991852	0.3448615593629846	0.5346640009345005	0.5262592559291318	0.42337521378503756	0.25	0.023809523809523808	0.3333333333333333	0.7406022510826102	0	1.0
834f7dce22ba	0.0	0.14167841682498472	0.39053064453301994	0.3344610219376306	0.4275570713022653	0.09523809523809523	0.043478260869565216	0.3333333333333333	0.6239426073894736	0	0.034482758620689655
74636406b3ea	0.17905642074863906	0.3575565144551274	0.425959313281469	0.399349909557005	0.40801363908418103	0.25	0.038461538461538464	0.16666666666666666	1.0	0	0.1
e0c1835422e4	0.39081898983479035	0.4585021392981806	0.6154198089924868	0.5789973544209004	0.6429659090588319	0.09523809523809523	0.022727272727272728	0.3333333333333333	0.6239426073894736	0	1.0
e7476997924e	0.0	0.052289288211202906	0.19724797884730702	0.16803445618334878	0.1785541715635467	0.3333333333333333	0.03333333333333333	0.3333333333333333	0.7406022510826102	0	0.14285714285714285
d6415e5a4bbf	0.14934089169295822	0.2413899532786789	0.30072565970853826	0.29248415602632033	0.1785541715635467	0.09523809523809523	0.022222222222222223	0.3333333333333333	0.6239426073894736	0	0.008547008547008548
654a2b2bc59b	0.557035373968769	0.6642016787994338	0.7323244856143979	0.7259704611582218	0.6148200984165502	0.16666666666666666	0.0625	0.3333333333333333	0.7406022510826102	0	1.0
3941e68ff26d	0.11297202341832605	0.3492335459308247	0.41779264722087933	0.3520813603382579	0.4684168785369244	0.09523809523809523	0.058823529411764705	0.3333333333333333	0.6239426073894736	0	0.03333333333333333
0c4835025c91	0.24514081807895213	0.49651985725929115	0.570752552940703	0.5622745469056304	0.4637810203229922	0.25	0.041666666666666664	0.16666666666666666	0.8353423914104244	0	0.25
af5d23c92a0c	0.0	0.0	0.2689311516998168	0.22307375358152826	0.2823381543107977	0.3333333333333333	0.014492753623188406	0.3333333333333333	0.7406022510826102	0	0.5
3dab3ccdddf8	0.06608439733031304	0.21984644927517105	0.31388646232954215	0.24889939968594305	0.3543010312722415	1.0	0.05263157894736842	1.0	1.0	0	1.0
81b36e9b2544	0.2623129151112843	0.37274596226375134	0.4550427476424354	0.449512420009539	0.29853365003343035	0.16666666666666666	0.06666666666666667	0.3333333333333333	0.7406022510826102	0	0.045454545454545456
b1a16d1468e8	0.0	0.17877825722756366	0.28147778026825165	0.24604927197391604	0.276296730051184	0.125	0.14285714285714285	0.16666666666666666	0.7406022510826102	0	1.0
219a0ffbcdf1	0.20418054257991852	0.39862470650273474	0.47894233684149795	0.47336498707623875	0.3246790309812732	0.09523809523809523	0.034482758620689655	0.3333333333333333	0.520586676751911	0	0.5
870bdb7ff9c8	0.11297202341832605	0.2413899532786789	0.35384141113454926	0.346583429312739	0.21895997810150142	0.14285714285714285	0.015384615384615385	1.0	0.247376662786112	0	1.0
fe24cebec2fe	0.11297202341832605	0.25094701019234067	0.425959313281469	0.3417297347099609	0.4931586731750738	0.16666666666666666	0.125	0.3333333333333333	0.7406022510826102	0	1.0
a1985e2c2f9c	0.17905642074863906	0.25094701019234067	0.42032158695756006	0.40295154087343216	0.3650848375192279	0.25	0.02127659574468085	1.0	1.0	0	0.03333333333333333
7fb41f2fe832	0.0	0.052289288211202906	0.20670634235651703	0.18667454976445727	0.16038528500783836	0.16666666666666666	1.0	0.3333333333333333	0.7406022510826102	0	0.03333333333333333
737052fdf35b	0.3171525659982445	0.2413899532786789	0.42712267414803223	0.42398651202132265	0.21895997810150142	0.25	0.02564102564102564	1.0	0.7406022510826102	0	1.0
e84b4b9c4e32	0.46649345769120276	0.4865399761879694	0.6626758797062939	0.6626763118520153	0.0	0.09523809523809523	0.02040816326530612	0.3333333333333333	0.5494652828006168	0	0.5
5d4df555973f	0.0	0.0	0.37404746988795895	0.31251608341619624	0.4159901334763155	0.09523809523809523	0.021739130434782608	0.3333333333333333	0.6239426073894736	0	0.00909090909090909
a6b6e3cf36a4	0.8805509317854763	1.0	1.0	1.0	0.069074182512796	0.14285714285714285	0.014705882352941176	1.0	0.18918229901573577	0	1.0
8cddd47108c6	0.22594404683665206	0.2759856130067989	0.41650094977225893	0.38877635184434883	0.4011382938027912	0.3333333333333333	0.016129032258064516	1.0	1.0	0	0.5
4e691f31e44a	0.4116538068042425	0.43425068797676647	0.5722950552177868	0.5293962446491849	0.6081381530237856	0.5	0.013333333333333334	1.0	1.0	0	0.5
9744ec677e72	0.17905642074863906	0.3092355778889529	0.3972247825032021	0.36604658088821196	0.3898447525284727	0.09523809523809523	0.030303030303030304	0.3333333333333333	0.520586676751911	0	0.022222222222222223
7f71a708d272	0.06608439733031304	0.4320078270524341	0.5338462985118493	0.5300106993574599	0.34843740006704066	0.2222222222222222	0.025	0.3333333333333333	0.7406022510826102	0	1.0
8870deb3cd89	0.7192163022763876	0.7432839736633603	0.733626838882853	0.6902862430604149	0.7878375614353678	0.125	0.015625	1.0	0.24289940852075484	0	0.25
e92242fbb0cd	0.0	0.3956599494367154	0.5393093632627312	0.4866094622954453	0.5871199061350237	0.16666666666666666	0.047619047619047616	0.3333333333333333	0.7406022510826102	0	0.14285714285714285
76bcf372d6c4	0.9186723349883742	0.7980462924878657	0.841892805893336	0.824147051993886	0.8324274058845854	0.125	0.018518518518518517	0.16666666666666666	1.0	0	0.2
440a3b1d78c3	0.22594404683665206	0.3448615593629846	0.34072646875661666	0.2814779638261902	0.37710577604188195	0.2	0.01694915254237288	1.0	1.0	0	0.1
26d2a0f4d858	0.14934089169295822	0.40435726148239093	0.48023094399858596	0.46131188525726446	0.43791995620300284	0.25	0.25	0.3333333333333333	0.7406022510826102	0	0.3333333333333333
9da102f75bcb	0.0	0.0	0.30533033178017055	0.24604927197391604	0.3389394565713851	0.09523809523809523	0.03225806451612903	0.3333333333333333	0.6239426073894736	0	0.014492753623188406
7620cf8ef36f	0.3669249431097742	0.43862267454460646	0.4841936246057054	0.4120561806379748	0.5478091983158646	0.3333333333333333	0.01639344262295082	0.3333333333333333	0.6239426073894736	0	1.0
120bb852b98c	0.3669249431097742	0.2759856130067989	0.40244552226158176	0.35296581559500884	0.4315704853903219	0.125	0.02702702702702703	0.16666666666666666	1.0	0	0.012658227848101266
c450475c7bd4	0.0	0.16155788157855885	0.33553592355096173	0.2907409656735231	0.3514123368235937	0.125	0.0196078431372549	0.16666666666666666	1.0	0	0.1111111111111111
963c7e594b71	0.14934089169295822	0.11816600049205804	0.24310552243687084	0.23025930610483455	0.16038528500783836	0.3333333333333333	0.07692307692307693	0.3333333333333333	0.7406022510826102	0	0.5
bbac3d3dec30	0.14934089169295822	0.3492335459308247	0.43731011071919407	0.422781507587797	0.36760783254622637	0.125	0.014925373134328358	1.0	0.247376662786112	0	0.1111111111111111
313ca82fe335	0.0	0.0	0.0	0.0	0.0	0.0	0.0	0.0	0.0	0	0.0
cec9cc7b00cc	0.11297202341832605	0.11816600049205804	0.3675551411234703	0.2619326039277545	0.4415441003407458	0.09523809523809523	0.020833333333333332	0.3333333333333333	0.6239426073894736	0	0.017241379310344827
bd23422ee671	0.3669249431097742	0.3032362984035436	0.4151903947615779	0.36295070573993404	0.4495205947328803	0.25	0.014084507042253521	1.0	1.0	0	0.5
f13fc55ca772	0.06608439733031304	0.14167841682498472	0.16803434660440356	0.1350232575556277	0.16038528500783836	0.5	0.05555555555555555	1.0	1.0	0	0.1
28637c9791dc	0.24514081807895213	0.17877825722756366	0.2460491115198026	0.23025930610483455	0.1785541715635467	0.2	0.015873015873015872	1.0	1.0	0	0.125
629e33a7d2a1	0.14934089169295822	0.40435726148239093	0.48023094399858596	0.46131188525726446	0.43791995620300284	0.16666666666666666	0.2	0.3333333333333333	0.7406022510826102	0	0.3333333333333333
a440c5cbbd19	0.11297202341832605	0.4469456430689092	0.4954896857526342	0.47290343602146634	0.4702124763155871	0.16666666666666666	0.1111111111111111	0.3333333333333333	0.7406022510826102	0	0.5
895cb15198bc	0.4922814671122878	0.40435726148239093	0.4726714593116125	0.39882338908929965	0.5365809818426823	0.125	0.01818181818181818	0.16666666666666666	1.0	0	0.005494505494505495
4c1b4661175f	0.5037910132531164	0.5132247308791946	0.585034305020416	0.5435159952263107	0.619702036867094	0.25	0.045454545454545456	0.3333333333333333	0.7406022510826102	0	0.5
89f547830056	0.0	0.19396770503618765	0.33971209159248816	0.3053305308928899	0.33556106590113627	0.3333333333333333	0.016666666666666666	0.3333333333333333	0.7406022510826102	0	0.3333333333333333
446a9d506fbf	0.0	0.0	0.03639918008035379	0.036399203817070964	0.0	1.0	0.05	0.3333333333333333	1.0	0	0.16666666666666666
8559551465d2	0.9771239714375873	0.9192997660272638	0.9469898526770555	0.9469904702302598	0.0	1.0	0.02857142857142857	0.3333333333333333	0.32004795996593227	1	1.0
4696568536f4	0.06608439733031304	0.28335683364996944	0.3787912146812241	0.36215976245247383	0.3167025365891387	0.16666666666666666	0.09090909090909091	0.3333333333333333	0.7406022510826102	0	0.05263157894736842
17cc054f1d90	0.7927030301984296	0.7262081248170653	0.8364362147829609	0.8334309071671512	0.6575610919843214	0.25	0.013157894736842105	1.0	1.0	0	0.5
ab11a4f00c33	0.11297202341832605	0.28335683364996944	0.32169759753390653	0.2795048847884751	0.33206411128999513	0.25	0.0136986301369863	1.0	1.0	0	0.018518518518518517
54de91d1363d	0.0	0.19396770503618765	0.38010176969190523	0.34752345342449975	0.37481480202904494	0.16666666666666666	0.5	0.3333333333333333	0.7406022510826102	0	1.0
0f355f91abee	0.5246258302225686	0.49651985725929115	0.588675064448563	0.5355898369977246	0.642335191886539	0.09523809523809523	0.04	0.3333333333333333	0.5833054849228712	0	1.0
f2258c95c059	0.0	0.0	0.03639918008035379	0.0	0.069074182512796	0.125	0.017241379310344827	1.0	0.247376662786112	0	0.047619047619047616
49f825449580	0.14934089169295822	0.28335683364996944	0.38818354551084056	0.33971231312631994	0.41444509507677596	0.09523809523809523	0.037037037037037035	0.3333333333333333	0.6239426073894736	0	0.00847457627118644
8186075d485e	0.11297202341832605	0.20755512910583993	0.3288831453713568	0.285298603503014	0.34220706014788355	0.25	0.017543859649122806	1.0	1.0	0	0.025
e5cfed4dd402	0.0	0.0	0.1530376635625889	0.15303776336186264	0.0	0.16666666666666666	0.3333333333333333	0.3333333333333333	0.7406022510826102	0	0.0625
