revisions	files	functions	lines	addLines	deleteLines	pos	time	rf	ibf	isComponent	distance
996f7c69eeec	0.06608439733031304	0.11816600049205804	0.27748728224918834	0.2754236600741	0.069074182512796	1.0	0.045454545454545456	1.0	0.8353423914104244	1	0.03125
b3d24a786c06	0.0	0.0	0.08225672366991757	0.0822567773113617	0.0	0.3333333333333333	0.047619047619047616	1.0	0.8353423914104244	1	0.004807692307692308
9224404ce904	0.20418054257991852	0.29694425771962174	0.39449595769461404	0.3712200317770567	0.3624963028775259	0.25	0.02857142857142857	1.0	1.0	0	1.0
2151e90ff0bd	0.0	0.0	0.03639918008035379	0.0	0.069074182512796	0.16666666666666666	0.030303030303030304	0.5	0.6744523947580044	0	0.16666666666666666
19edf36a6609	0.0	0.0	0.2460491115198026	0.15303776336186264	0.30339573531515385	1.0	0.08333333333333333	1.0	0.8353423914104244	1	0.25
bf6e5ac3b136	0.06608439733031304	0.2413899532786789	0.37812869194087817	0.36903924075360267	0.2629899287771991	1.0	0.07692307692307693	1.0	0.8353423914104244	1	0.125
3e7cb430c1a0	0.0	0.0	0.14448153301321734	0.11246238877989302	0.138148365025592	0.3333333333333333	0.5	1.0	0.8353423914104244	1	0.006097560975609756
acb14eef2d73	0.11297202341832605	0.32045667405254846	0.3893647654986319	0.3407266909519464	0.4159901334763155	0.2	0.043478260869565216	1.0	0.6744523947580044	0	0.5
0e36336f74a9	0.17905642074863906	0.052289288211202906	0.3845436648851043	0.38454391565460494	0.0	0.5	0.038461538461538464	1.0	0.8353423914104244	0	1.0
171cfde69ddb	0.2778469664164643	0.17877825722756366	0.2958719682709606	0.29248415602632033	0.10947998905075071	1.0	0.09090909090909091	1.0	0.8353423914104244	1	0.16666666666666666
622b14c530f6	0.4050004675852912	0.4741003394381032	0.5900031618668092	0.589436765824515	0.2294594675206344	0.25	0.017543859649122806	1.0	0.6239426073894736	1	0.5
082166ab529c	0.11297202341832605	0.052289288211202906	0.16084879876695327	0.0986240537385567	0.19391574626440314	0.3333333333333333	0.018867924528301886	1.0	0.8353423914104244	1	0.03571428571428571
fee7482633ac	0.06608439733031304	0.052289288211202906	0.16084879876695327	0.11246238877989302	0.1785541715635467	0.3333333333333333	0.022222222222222223	1.0	0.8353423914104244	1	0.011235955056179775
fc91be1bcde8	0.0	0.0	0.06222480934329974	0.0	0.10947998905075071	0.16666666666666666	0.06666666666666667	0.5	0.6744523947580044	0	0.04
816c5dc4678b	0.49620898674688363	0.3575565144551274	0.5926018269847504	0.5336116426300898	0.6542482224608422	1.0	0.058823529411764705	1.0	0.7406022510826102	1	0.022222222222222223
ea79749c1951	0.06608439733031304	0.11816600049205804	0.4059273989548512	0.33764850999558577	0.45791738911779134	1.0	0.25	1.0	0.8353423914104244	1	1.0
5ee1dff77954	0.4710848649156042	0.522523261974449	0.6176618757604145	0.6102110784756793	0.5032332025448198	0.3333333333333333	0.03225806451612903	1.0	0.6744523947580044	1	0.023255813953488372
4f5bd7469d77	0.20418054257991852	0.29694425771962174	0.4512957237649573	0.4507054140768145	0.10947998905075071	0.2	0.03125	1.0	0.6744523947580044	0	0.3333333333333333
b8b96f40a72d	0.22594404683665206	0.16155788157855885	0.2889630660264346	0.2814779638261902	0.16038528500783836	0.3333333333333333	0.019230769230769232	1.0	0.8353423914104244	1	0.010309278350515464
90273fe86721	0.14934089169295822	0.17877825722756366	0.4267365599017862	0.4223762180398009	0.2476283540763427	0.3333333333333333	0.02	1.0	0.8353423914104244	1	0.0055248618784530384
3addaaf0a2e6	0.0	0.32045667405254846	0.41779264722087933	0.3555680697512972	0.46472560541007185	1.0	0.041666666666666664	1.0	0.8353423914104244	1	0.3333333333333333
d0eae7cc5be5	0.06608439733031304	0.14167841682498472	0.30382153283792823	0.24889939968594305	0.33206411128999513	0.3333333333333333	0.02702702702702703	1.0	0.8353423914104244	1	0.014925373134328358
a6b6e3cf36a4	0.8805509317854763	1.0	1.0	1.0	0.069074182512796	0.16666666666666666	0.023809523809523808	0.5	0.18918229901573577	0	1.0
3a983f5a994c	0.0	0.0	0.09862398942365351	0.0986240537385567	0.0	1.0	0.3333333333333333	1.0	0.8353423914104244	1	0.07692307692307693
b5ca94fd3809	0.0	0.0	0.1808807130935711	0.15303776336186264	0.16038528500783836	0.3333333333333333	1.0	1.0	0.8353423914104244	1	0.006369426751592357
29a74b0d523e	0.4518880936733042	0.5120138182024616	0.6093038907744311	0.5903794221837038	0.5802838794497504	0.3333333333333333	0.022727272727272728	1.0	0.8353423914104244	1	0.14285714285714285
4a6f9a7c6453	0.11297202341832605	0.052289288211202906	0.31787696034860546	0.2666585099219055	0.34220706014788355	1.0	0.07142857142857142	1.0	0.8353423914104244	1	0.14285714285714285
ad8247b207ea	0.06608439733031304	0.14167841682498472	0.36528232545171063	0.3229360542951501	0.37934526310933975	0.3333333333333333	0.05263157894736842	1.0	0.8353423914104244	1	0.04
749876173c25	0.0	0.0	0.12444961868659946	0.0986240537385567	0.10947998905075071	0.3333333333333333	0.02631578947368421	1.0	0.8353423914104244	1	0.011494252873563218
dfd114b082c8	0.0	0.14167841682498472	0.1808807130935711	0.17468723870137876	0.069074182512796	0.2	0.025	1.0	0.6744523947580044	0	0.034482758620689655
e1b77448a09d	0.0	0.0	0.21526247290588865	0.1921169119349664	0.1785541715635467	1.0	0.0625	1.0	0.8353423914104244	1	1.0
3b2a90971455	0.0	0.2759856130067989	0.223073608110253	0.2067064771543332	0.16038528500783836	0.16666666666666666	0.034482758620689655	0.5	0.6744523947580044	0	0.02857142857142857
17b41e676e3e	0.06608439733031304	0.11816600049205804	0.30681419075174	0.27748746320483414	0.2880341606142974	1.0	0.024390243902439025	1.0	0.8353423914104244	1	0.058823529411764705
8a70bdf3ddf1	0.30507413907761327	0.3032362984035436	0.3520811307382998	0.3253624582827659	0.3284399671522521	1.0	0.2	1.0	0.8353423914104244	1	0.0196078431372549
fc92d609f635	0.06608439733031304	0.08938912861378186	0.1808807130935711	0.16803445618334878	0.10947998905075071	1.0	0.02564102564102564	1.0	0.8353423914104244	1	0.041666666666666664
980071d3b70f	0.06608439733031304	0.2413899532786789	0.4278899559459768	0.38758730820425163	0.4438889845418409	0.3333333333333333	0.021739130434782608	1.0	0.8353423914104244	1	0.5
909dd0f4dd6e	0.2623129151112843	0.35346216255331403	0.4448916513639854	0.4034544636588299	0.46472560541007185	0.3333333333333333	0.027777777777777776	1.0	0.8353423914104244	1	0.047619047619047616
6bb813672b4a	0.0	0.14167841682498472	0.1866744280298992	0.16803445618334878	0.138148365025592	1.0	0.125	1.0	0.8353423914104244	1	0.02
1afdc916bda0	0.2778469664164643	0.26816738584134553	0.506003248980867	0.45362032867518487	0.5498306262578794	0.3333333333333333	0.04	1.0	0.6744523947580044	1	0.010416666666666666
bfa82473ab54	0.06608439733031304	0.2413899532786789	0.38818354551084056	0.38075018992863535	0.2556048484684772	0.3333333333333333	0.03333333333333333	1.0	0.8353423914104244	1	0.09090909090909091
9f4dde178496	0.06608439733031304	0.16155788157855885	0.30072565970853826	0.2941941407259178	0.16038528500783836	0.3333333333333333	0.023255813953488372	1.0	0.8353423914104244	1	0.16666666666666666
9cd2476c33e0	0.14934089169295822	0.17877825722756366	0.2834084229327595	0.25947295739859916	0.2476283540763427	0.3333333333333333	0.018518518518518517	1.0	0.8353423914104244	1	0.011627906976744186
0e5dc4730276	0.17905642074863906	0.11816600049205804	0.24310552243687084	0.24006228842175747	0.069074182512796	0.16666666666666666	0.029411764705882353	0.5	0.6744523947580044	0	0.3333333333333333
313ca82fe335	0.0	0.0	0.0	0.0	0.0	0.0	0.0	0.0	0.0	0	0.0
5f9635b242f4	0.3581128414972781	0.26816738584134553	0.5301327415074335	0.4467687655760907	0.607691277922626	0.3333333333333333	0.05	1.0	0.8353423914104244	1	0.012987012987012988
0932ea92468f	0.06608439733031304	0.08938912861378186	0.2754234804643054	0.2711480195124297	0.10947998905075071	1.0	0.1111111111111111	1.0	0.8353423914104244	1	0.02127659574468085
ce0fb999ecba	0.14934089169295822	0.26816738584134553	0.49936277921615213	0.49549000887250955	0.3124613441606226	0.3333333333333333	0.02127659574468085	1.0	0.8353423914104244	1	0.05
3ca62d75a91b	0.3487969244049448	0.4071307286455093	0.5712954487352659	0.5381986675784985	0.58629061163571	1.0	0.14285714285714285	1.0	0.7406022510826102	1	0.25
6acb9b814ba8	0.0	0.0	0.0	0.0	0.0	1.0	0.16666666666666666	1.0	0.8353423914104244	1	0.025
7ac2745d4c90	0.06608439733031304	0.3149681328686091	0.40785804161935896	0.40737952521831483	0.069074182512796	0.16666666666666666	0.03571428571428571	0.5	0.6744523947580044	0	0.05
d9667515fb73	0.0	0.08938912861378186	0.240062131871887	0.1350232575556277	0.30339573531515385	0.3333333333333333	0.0196078431372549	1.0	0.8353423914104244	1	0.045454545454545456
ae472cfe5fe0	0.06608439733031304	0.052289288211202906	0.1350231695040073	0.0822567773113617	0.16038528500783836	0.3333333333333333	0.02040816326530612	1.0	0.8353423914104244	1	0.010638297872340425
ea461be64d35	0.06608439733031304	0.052289288211202906	0.1530376635625889	0.12444969984297151	0.138148365025592	1.0	0.1	1.0	0.8353423914104244	1	0.04
e0b34a58b387	0.24514081807895213	0.2413899532786789	0.4712687522751903	0.47008315751417046	0.1785541715635467	0.3333333333333333	0.01818181818181818	1.0	0.8353423914104244	1	0.024390243902439025
8c31110375c5	0.913657041496575	0.829080634531919	0.8781007659745617	0.8689093554294399	0.811699393276297	0.3333333333333333	0.017241379310344827	1.0	0.43585853724275586	1	0.5
ecd08bf6c822	0.11297202341832605	0.3149681328686091	0.37264476285153675	0.3719353461784922	0.069074182512796	0.16666666666666666	0.037037037037037035	0.5	0.6744523947580044	0	0.14285714285714285
fde96ee95d30	0.0	0.0	0.03639918008035379	0.0	0.069074182512796	0.3333333333333333	0.020833333333333332	1.0	0.8353423914104244	1	0.023809523809523808
5bafad827a5e	0.3669249431097742	0.43645520751459366	0.5194980176560676	0.5061634569731308	0.4495205947328803	0.2	0.017857142857142856	1.0	0.6744523947580044	0	1.0
