revisions	files	functions	lines	addLines	deleteLines	pos	time	rf	ibf	isComponent	distance
e84b4b9c4e32	0.46649345769120276	0.4865399761879694	0.6626758797062939	0.6626763118520153	0.0	0.14285714285714285	0.05555555555555555	1.0	0.09174926682439088	0	0.030303030303030304
5d4df555973f	0.0	0.0	0.37404746988795895	0.31251608341619624	0.4159901334763155	0.14285714285714285	0.07692307692307693	1.0	0.3283687184192864	0	0.03333333333333333
4f8f2e69c0f7	0.06608439733031304	0.11816600049205804	0.20210167028488468	0.18667454976445727	0.138148365025592	0.14285714285714285	0.1	1.0	0.3283687184192864	0	0.01818181818181818
d6415e5a4bbf	0.14934089169295822	0.2413899532786789	0.30072565970853826	0.29248415602632033	0.1785541715635467	0.14285714285714285	0.08333333333333333	1.0	0.3283687184192864	0	0.02702702702702703
c8de19811b65	0.11297202341832605	0.32572112959789795	0.3621595262801692	0.35641899064740357	0.20722254753838798	0.16666666666666666	0.0625	1.0	1.0	0	0.5
cec9cc7b00cc	0.11297202341832605	0.11816600049205804	0.3675551411234703	0.2619326039277545	0.4415441003407458	0.14285714285714285	0.058823529411764705	1.0	0.3283687184192864	0	0.041666666666666664
3bd528b8e6da	0.14934089169295822	0.2903294102274493	0.39882312900784195	0.3697720732509864	0.38577671910193473	0.14285714285714285	0.125	1.0	0.3283687184192864	0	0.1111111111111111
3941e68ff26d	0.11297202341832605	0.3492335459308247	0.41779264722087933	0.3520813603382579	0.4684168785369244	0.14285714285714285	0.5	1.0	0.3283687184192864	0	0.03125
355e1f63f5f7	0.0	0.20755512910583993	0.2795047025172246	0.23364731129418437	0.29342212036472987	0.14285714285714285	1.0	1.0	0.3283687184192864	0	0.01098901098901099
9744ec677e72	0.17905642074863906	0.3092355778889529	0.3972247825032021	0.36604658088821196	0.3898447525284727	0.14285714285714285	0.1111111111111111	1.0	0.0	0	0.043478260869565216
eaf0e76adf73	0.11297202341832605	0.2759856130067989	0.2619324331157728	0.2431056809714042	0.20722254753838798	0.16666666666666666	0.07142857142857142	1.0	1.0	0	0.5
219a0ffbcdf1	0.20418054257991852	0.39862470650273474	0.47894233684149795	0.47336498707623875	0.3246790309812732	0.14285714285714285	0.16666666666666666	1.0	0.0	0	0.015873015873015872
6c563c769572	0.17905642074863906	0.25094701019234067	0.31388646232954215	0.285298603503014	0.29342212036472987	0.16666666666666666	0.06666666666666667	1.0	0.6990042248141541	0	1.0
9da102f75bcb	0.0	0.0	0.30533033178017055	0.24604927197391604	0.3389394565713851	0.14285714285714285	0.14285714285714285	1.0	0.3283687184192864	0	0.5
834f7dce22ba	0.0	0.14167841682498472	0.39053064453301994	0.3344610219376306	0.4275570713022653	0.14285714285714285	0.3333333333333333	1.0	0.3283687184192864	0	0.03225806451612903
0f355f91abee	0.5246258302225686	0.49651985725929115	0.588675064448563	0.5355898369977246	0.642335191886539	0.16666666666666666	0.25	1.0	0.19926185689433934	0	1.0
49f825449580	0.14934089169295822	0.28335683364996944	0.38818354551084056	0.33971231312631994	0.41444509507677596	0.14285714285714285	0.2	1.0	0.3283687184192864	0	0.02631578947368421
e0c1835422e4	0.39081898983479035	0.4585021392981806	0.6154198089924868	0.5789973544209004	0.6429659090588319	0.14285714285714285	0.09090909090909091	1.0	0.3283687184192864	0	0.018518518518518517
