revisions	files	functions	lines	addLines	deleteLines	pos	time	rf	ibf	isComponent	distance
02e7650a3e2d	0.11297202341832605	0.16155788157855885	0.29913674347060804	0.24889939968594305	0.3207705700156767	1.0	1.0	1.0	1.0	1	0.25
5b01108467f9	0.06608439733031304	0.20755512910583993	0.2110863048643623	0.15303776336186264	0.23895741101628998	0.25	0.058823529411764705	1.0	1.0	0	0.2
6185993da0da	0.14934089169295822	0.2903294102274493	0.4362722792312587	0.40737952521831483	0.4261825256398894	0.2	0.08333333333333333	1.0	1.0	1	0.25
a6b6e3cf36a4	0.8805509317854763	1.0	1.0	1.0	0.069074182512796	0.125	0.041666666666666664	1.0	0.0	0	1.0
4912a91b624c	0.17905642074863906	0.3403361388061225	0.4341599129746153	0.39053089920676354	0.4569056750416023	0.5	0.3333333333333333	1.0	1.0	1	1.0
a7ad2044b480	0.17905642074863906	0.3149681328686091	0.40445167108458346	0.39053089920676354	0.3284399671522521	0.16666666666666666	0.06666666666666667	1.0	0.7969240084550508	1	0.125
0f2bd8cb8fc2	0.06608439733031304	0.2310675454387666	0.2110863048643623	0.21108644251844974	0.0	0.25	0.05263157894736842	1.0	1.0	0	0.16666666666666666
25a38be4a307	0.24514081807895213	0.3032362984035436	0.4054381801753935	0.36136178846583605	0.4261825256398894	0.16666666666666666	0.07142857142857142	1.0	0.7969240084550508	1	0.14285714285714285
8870deb3cd89	0.7192163022763876	0.7432839736633603	0.733626838882853	0.6902862430604149	0.7878375614353678	0.1111111111111111	0.047619047619047616	1.0	0.06625053873368952	0	0.25
1ba1794f9f32	0.06608439733031304	0.052289288211202906	0.20670634235651703	0.17468723870137876	0.19391574626440314	0.14285714285714285	0.5	1.0	1.0	1	1.0
947bccd7d568	0.0	0.08938912861378186	0.223073608110253	0.17468723870137876	0.23895741101628998	0.2	0.14285714285714285	1.0	1.0	1	1.0
16273585440c	0.2623129151112843	0.26816738584134553	0.4029512780999164	0.3767890407812703	0.3815355266734186	0.16666666666666666	0.07692307692307693	1.0	0.6800788283204686	1	0.3333333333333333
29e558d44eab	0.22594404683665206	0.3448615593629846	0.42556815177430574	0.4160664918039112	0.3167025365891387	1.0	0.1	1.0	1.0	1	0.5
41305cce2113	0.0	0.052289288211202906	0.09862398942365351	0.06222484992148576	0.10947998905075071	0.2	0.125	1.0	1.0	1	0.3333333333333333
bbac3d3dec30	0.14934089169295822	0.3492335459308247	0.43731011071919407	0.422781507587797	0.36760783254622637	0.1111111111111111	0.043478260869565216	1.0	0.0717724387365165	0	0.1111111111111111
0589c1ed1dba	0.30507413907761327	0.5044993868254617	0.5525303747551134	0.4997070573223738	0.6019293853485842	0.25	0.05	1.0	1.0	0	1.0
603add962dba	0.14934089169295822	0.3403361388061225	0.446147216220506	0.4078583075926847	0.45991051516839154	1.0	0.16666666666666666	1.0	1.0	1	0.2
8559551465d2	0.9771239714375873	0.9192997660272638	0.9469898526770555	0.9469904702302598	0.0	0.5	0.0625	1.0	0.16139961028395983	1	1.0
190636ad2717	0.20418054257991852	0.43862267454460646	0.5575344119385337	0.5553451186142694	0.3207705700156767	0.14285714285714285	0.04	1.0	1.0	1	0.3333333333333333
870bdb7ff9c8	0.11297202341832605	0.2413899532786789	0.35384141113454926	0.346583429312739	0.21895997810150142	0.125	0.045454545454545456	1.0	0.0717724387365165	0	1.0
45283081a52c	0.20418054257991852	0.38951777658204884	0.4798034602200311	0.4316312547141193	0.5146863162800799	0.5	0.25	1.0	1.0	1	0.1111111111111111
a7978f102e9e	0.06608439733031304	0.08938912861378186	0.4106783182874895	0.36903924075360267	0.4275570713022653	1.0	0.09090909090909091	1.0	1.0	1	1.0
13e2657dad59	0.14934089169295822	0.2413899532786789	0.4019369009357878	0.3719353461784922	0.39181814336154835	1.0	0.1111111111111111	1.0	1.0	1	0.3333333333333333
f2258c95c059	0.0	0.0	0.03639918008035379	0.0	0.069074182512796	0.1111111111111111	0.05555555555555555	1.0	0.0717724387365165	0	0.047619047619047616
5c23930b756c	0.0	0.20755512910583993	0.27748728224918834	0.25166181710041935	0.2476283540763427	1.0	0.2	1.0	1.0	1	0.5
