revisions	files	functions	lines	addLines	deleteLines	pos	time	rf	ibf	isComponent	distance
3d2fbbfc0364	0.0	0.08938912861378186	0.16803434660440356	0.1350232575556277	0.16038528500783836	0.09090909090909091	0.013333333333333334	0.3333333333333333	1.0	0	1.0
da95a1b91da7	0.7561767653128737	0.9333001968632375	0.9488005359155721	0.9488011546495635	0.0	0.08333333333333333	0.022222222222222223	0.6666666666666666	1.0	0	1.0
7806941e4a5b	0.17905642074863906	0.4320078270524341	0.510070245874487	0.4868078523925453	0.4888252521600905	0.03333333333333333	0.027777777777777776	0.3333333333333333	0.6239426073894736	0	0.125
1681e9bf49ea	0.06608439733031304	0.3403361388061225	0.35726168857966106	0.30072585581844824	0.39181814336154835	0.03571428571428571	0.03333333333333333	0.3333333333333333	0.6239426073894736	0	0.1111111111111111
8c7103328223	0.20418054257991852	0.26816738584134553	0.4019369009357878	0.3719353461784922	0.39181814336154835	1.0	0.01639344262295082	1.0	1.0	1	0.125
ebd3b0ceb37a	0.880917600506931	0.7961791889997339	0.8423923572835764	0.8376743442782604	0.7081127670578984	0.14285714285714285	0.015151515151515152	0.6666666666666666	0.6239426073894736	1	1.0
afe07db1345a	0.06608439733031304	0.08938912861378186	0.20210167028488468	0.1972481074771134	0.069074182512796	0.1111111111111111	0.14285714285714285	0.6666666666666666	1.0	0	0.06666666666666667
a5aa40c05edd	0.5000440855239167	0.6395629561582741	0.7075388559908385	0.7074545233159374	0.1785541715635467	0.09090909090909091	0.0136986301369863	0.3333333333333333	1.0	0	0.058823529411764705
da4080f9a31b	0.17905642074863906	0.3032362984035436	0.37812869194087817	0.3712200317770567	0.23895741101628998	0.034482758620689655	0.045454545454545456	0.3333333333333333	0.6239426073894736	0	0.5
ffc13d8cea6b	0.30507413907761327	0.4151102582116798	0.4448916513639854	0.3928181944644745	0.48194990687870054	0.03571428571428571	0.038461538461538464	0.3333333333333333	0.8353423914104244	0	0.5
93a01020bf5a	0.17905642074863906	0.28335683364996944	0.40244552226158176	0.3675553808143757	0.4046352484139322	0.043478260869565216	0.07142857142857142	0.3333333333333333	0.7406022510826102	0	0.25
a6a83665c3cc	0.0	0.08938912861378186	0.22673825668313485	0.18088083104991842	0.23895741101628998	0.038461538461538464	0.037037037037037035	0.3333333333333333	0.8353423914104244	0	0.2
5ea44683919c	0.06608439733031304	0.19396770503618765	0.3152364339923866	0.30072585581844824	0.23895741101628998	0.038461538461538464	0.06666666666666667	0.3333333333333333	0.8353423914104244	0	0.5
65dc770dc623	0.06608439733031304	0.20755512910583993	0.21526247290588865	0.1444816272328475	0.2556048484684772	0.03333333333333333	0.03125	0.3333333333333333	0.6239426073894736	0	0.06666666666666667
d0216ad21b66	0.14934089169295822	0.26816738584134553	0.3807499416331062	0.3572619215579765	0.34843740006704066	0.03333333333333333	0.125	0.3333333333333333	0.6239426073894736	0	1.0
5baeee87f2cd	0.06608439733031304	0.2759856130067989	0.41021438224790097	0.35641899064740357	0.446179958554678	0.03571428571428571	0.02857142857142857	0.3333333333333333	0.8353423914104244	0	0.16666666666666666
32f3e0522438	0.2778469664164643	0.48354074211263887	0.6271110125443109	0.5729810009895621	0.6863651425622366	0.034482758620689655	0.025	0.3333333333333333	0.5833054849228712	0	1.0
e7c2ef4255e1	0.06608439733031304	0.2759856130067989	0.42827115152452777	0.4134129543086664	0.35983873256935345	0.038461538461538464	0.058823529411764705	0.3333333333333333	0.8353423914104244	0	0.5
207336650bb3	0.22594404683665206	0.2310675454387666	0.36977183211452735	0.3572619215579765	0.2823381543107977	0.09090909090909091	0.012987012987012988	0.3333333333333333	1.0	0	0.5
2089772e5cfc	0.0	0.0	0.240062131871887	0.16084890366004248	0.2880341606142974	0.05	0.014084507042253521	0.3333333333333333	0.8353423914104244	0	0.08333333333333333
e029ba73b766	0.06608439733031304	0.28335683364996944	0.37678879506889323	0.37049897181688757	0.2294594675206344	0.043478260869565216	0.03225806451612903	0.3333333333333333	0.8353423914104244	0	0.5
870bdb7ff9c8	0.11297202341832605	0.2413899532786789	0.35384141113454926	0.346583429312739	0.21895997810150142	0.0625	0.016129032258064516	0.6666666666666666	0.247376662786112	0	1.0
e82fbe7714ab	0.0	0.17877825722756366	0.31787696034860546	0.27748746320483414	0.3246790309812732	0.16666666666666666	0.020833333333333332	0.3333333333333333	1.0	0	0.25
e09ee540e865	0.0	0.0	0.0	0.0	0.0	0.043478260869565216	0.5	0.3333333333333333	0.8353423914104244	0	0.2
dbbb0824ccad	0.14934089169295822	0.28335683364996944	0.3787912146812241	0.3597442405161959	0.3284399671522521	0.03571428571428571	0.25	0.3333333333333333	0.8353423914104244	0	0.06666666666666667
493703d05279	0.6791005062725557	0.8309406848429126	0.8581113098000227	0.8580960291375812	0.1785541715635467	0.13333333333333333	0.013888888888888888	1.0	0.41974289182766034	0	1.0
ca55c295a311	0.3487969244049448	0.49923493128011215	0.4578222707207731	0.4078583075926847	0.4931586731750738	0.1111111111111111	0.018518518518518517	0.6666666666666666	1.0	0	0.5
faa6f8b8a24c	0.0	0.052289288211202906	0.20210167028488468	0.1350232575556277	0.23895741101628998	0.14285714285714285	0.2	0.6666666666666666	1.0	0	0.05263157894736842
0ec1dbdaddd6	0.24514081807895213	0.4673995464228827	0.5249727671939045	0.4990178295038078	0.5146863162800799	0.03571428571428571	0.02631578947368421	0.3333333333333333	0.6239426073894736	0	1.0
d90e5ece3dd4	0.0	0.052289288211202906	0.1921167866513249	0.17468723870137876	0.138148365025592	1.0	1.0	1.0	1.0	1	0.5
51fac5bebf61	0.06608439733031304	0.33077908189246075	0.4182191155947112	0.4125107207604618	0.2629899287771991	0.1111111111111111	0.0625	0.3333333333333333	1.0	0	1.0
c069957da7d0	0.11297202341832605	0.3032362984035436	0.3502856424098959	0.3191688659342263	0.3389394565713851	0.03571428571428571	0.034482758620689655	0.3333333333333333	0.8353423914104244	0	0.125
3cb56b8833d4	0.0	0.20755512910583993	0.33764828980760514	0.31251608341619624	0.308031593529086	0.03571428571428571	0.029411764705882353	0.3333333333333333	0.8353423914104244	0	0.14285714285714285
a6b6e3cf36a4	0.8805509317854763	1.0	1.0	1.0	0.069074182512796	0.3333333333333333	0.014925373134328358	1.0	0.18918229901573577	0	1.0
f084174cf4ce	0.557035373968769	0.6119123905882309	0.5998624031791463	0.5319491602593552	0.6719481529484599	0.03333333333333333	0.017543859649122806	0.3333333333333333	0.5494652828006168	0	0.08333333333333333
41016530780a	0.11297202341832605	0.33077908189246075	0.47541278449254676	0.427507413581948	0.5094248197199247	0.03571428571428571	0.043478260869565216	0.3333333333333333	0.8353423914104244	0	0.5
959c4114681e	0.0	0.0	0.03639918008035379	0.0	0.069074182512796	0.16666666666666666	0.041666666666666664	0.3333333333333333	1.0	0	0.015873015873015872
89bb91a205f8	0.8898260569421832	0.814553027057003	0.9369517110364998	0.9004108496034143	1.0	0.08333333333333333	0.023809523809523808	0.6666666666666666	1.0	1	0.07142857142857142
c7f5628919af	0.0	0.16155788157855885	0.2889630660264346	0.22307375358152826	0.3284399671522521	0.06666666666666667	0.014285714285714285	0.3333333333333333	0.8353423914104244	0	1.0
2698fee62397	0.0	0.26816738584134553	0.45362003285944397	0.43968633940806773	0.3815355266734186	0.09090909090909091	0.013513513513513514	0.3333333333333333	1.0	0	0.0625
79f5da2cf9e8	0.06608439733031304	0.17877825722756366	0.2689311516998168	0.25947295739859916	0.16038528500783836	0.038461538461538464	0.09090909090909091	0.3333333333333333	0.8353423914104244	0	0.14285714285714285
08e5a4685c6e	0.0	0.08938912861378186	0.11246231544070878	0.0986240537385567	0.069074182512796	0.05	0.02127659574468085	0.3333333333333333	0.8353423914104244	0	1.0
8870deb3cd89	0.7192163022763876	0.7432839736633603	0.733626838882853	0.6902862430604149	0.7878375614353678	0.058823529411764705	0.01694915254237288	0.6666666666666666	0.24289940852075484	0	0.25
8a39f763ad57	0.06608439733031304	0.2413899532786789	0.2795047025172246	0.21108644251844974	0.3207705700156767	0.043478260869565216	0.018867924528301886	0.3333333333333333	0.8353423914104244	0	0.25
a8e67ec3eec0	0.17905642074863906	0.32045667405254846	0.35726168857966106	0.33764850999558577	0.308031593529086	0.04	0.08333333333333333	0.3333333333333333	0.6239426073894736	0	1.0
f01637839c9c	0.11297202341832605	0.28335683364996944	0.3322711483513144	0.2941941407259178	0.33556106590113627	0.03333333333333333	0.16666666666666666	0.3333333333333333	0.6239426073894736	0	0.058823529411764705
8215ba2855cd	0.0	0.14167841682498472	0.44799823899167057	0.24889939968594305	0.5552817574719581	0.1111111111111111	0.014492753623188406	0.3333333333333333	1.0	0	0.5
d0bc44447e65	0.5673870541888975	0.6874022177069344	0.6181220070797211	0.5580739452023848	0.6837899868533016	0.04	0.017857142857142856	0.3333333333333333	0.41974289182766034	0	0.25
18cede869ba8	0.0	0.052289288211202906	0.14448153301321734	0.1444816272328475	0.0	0.09090909090909091	0.013157894736842105	0.3333333333333333	1.0	0	0.1111111111111111
93b81b06ff5c	0.0	0.052289288211202906	0.03639918008035379	0.036399203817070964	0.0	0.3333333333333333	0.02	1.0	1.0	0	0.125
77c60a4b54a4	0.11297202341832605	0.32045667405254846	0.366046342181228	0.3229360542951501	0.3815355266734186	0.25	0.016666666666666666	1.0	0.8353423914104244	1	0.5
4f7e74b1693c	0.6713378878609267	0.5810155599702417	0.49403880287675733	0.4319969231724721	0.5486226965523323	0.047619047619047616	0.01818181818181818	0.3333333333333333	0.6744523947580044	0	0.3333333333333333
816ab0a037a1	0.06608439733031304	0.17877825722756366	0.2711478426908739	0.23025930610483455	0.276296730051184	0.043478260869565216	0.1	0.3333333333333333	0.8353423914104244	0	1.0
a42de38c7be3	0.20418054257991852	0.2903294102274493	0.39559746137747337	0.3229360542951501	0.4506097091862146	1.0	0.0196078431372549	1.0	0.7406022510826102	1	0.058823529411764705
eaf43055f658	0.816110086311535	0.7015815654631168	0.7270539814176639	0.653475242730424	0.8182987474796194	0.1111111111111111	0.017241379310344827	1.0	0.495486359971459	0	1.0
bbac3d3dec30	0.14934089169295822	0.3492335459308247	0.43731011071919407	0.422781507587797	0.36760783254622637	0.058823529411764705	0.015384615384615385	0.6666666666666666	0.247376662786112	0	0.1111111111111111
313ca82fe335	0.0	0.0	0.0	0.0	0.0	0.0	0.0	0.0	0.0	0	0.0
06b409d61fca	0.0	0.11816600049205804	0.3253622461067884	0.2754236600741	0.34843740006704066	0.1	0.3333333333333333	0.6666666666666666	1.0	0	0.25
e40326dfa9b6	0.6359598079137424	0.6978926532612499	0.7844671428377498	0.7844676544062703	0.0	0.07142857142857142	0.023255813953488372	0.3333333333333333	0.8353423914104244	0	1.0
6cd3cdf49d80	0.22594404683665206	0.42016821050624265	0.4476923735378234	0.4251755556614198	0.4175115825798366	0.1111111111111111	0.021739130434782608	0.6666666666666666	1.0	0	1.0
2c9472137fd4	0.14934089169295822	0.3956599494367154	0.46617913054712384	0.4251755556614198	0.48733786662913303	0.038461538461538464	0.07692307692307693	0.3333333333333333	0.5833054849228712	0	0.047619047619047616
7216190d5436	0.5110359472339217	0.49923493128011215	0.4823383511930069	0.4211492538501967	0.5347355035354576	1.0	0.015873015873015872	1.0	0.7406022510826102	1	0.1
59bda4fbf625	0.0	0.052289288211202906	0.32655128897148417	0.2795048847884751	0.34537091256398	0.03571428571428571	0.030303030303030304	0.3333333333333333	0.8353423914104244	0	1.0
370f35c6869b	0.06608439733031304	0.2310675454387666	0.35641875821878183	0.354709005947806	0.10947998905075071	0.03571428571428571	0.1111111111111111	0.3333333333333333	0.6239426073894736	0	0.08333333333333333
7a1ca569aa2d	0.06608439733031304	0.052289288211202906	0.16084879876695327	0.1444816272328475	0.10947998905075071	0.03333333333333333	0.05	0.3333333333333333	0.6239426073894736	0	0.14285714285714285
6a4c8c42118d	0.0	0.32572112959789795	0.5003907075144273	0.4068981756339586	0.5814562809790272	0.03571428571428571	0.02702702702702703	0.3333333333333333	0.6239426073894736	0	0.05263157894736842
c0a643df75fc	0.11297202341832605	0.39862470650273474	0.5590537256593238	0.4940391250504796	0.62378594998143	0.16666666666666666	0.02040816326530612	0.3333333333333333	1.0	0	1.0
e8395b3fcc36	0.20418054257991852	0.33077908189246075	0.5136675788804628	0.45419212348985394	0.5673973781685421	0.08333333333333333	0.04	0.6666666666666666	1.0	0	0.2
8027842efbc0	0.06608439733031304	0.08938912861378186	0.2192529709249519	0.21108644251844974	0.10947998905075071	0.03333333333333333	0.03571428571428571	0.3333333333333333	0.6239426073894736	0	1.0
7012373d248c	0.14934089169295822	0.38951777658204884	0.4696040689005133	0.4676632944921593	0.21895997810150142	0.0625	0.022727272727272728	0.3333333333333333	0.32004795996593227	0	1.0
259515477877	0.06608439733031304	0.14167841682498472	0.2569438484539261	0.24889939968594305	0.138148365025592	0.16666666666666666	0.05555555555555555	0.3333333333333333	1.0	0	0.02857142857142857
456e9caacb50	0.17905642074863906	0.33077908189246075	0.48337378855285384	0.4765310601812294	0.34843740006704066	0.03571428571428571	0.02564102564102564	0.3333333333333333	0.7406022510826102	0	0.047619047619047616
0f530fc23894	0.0	0.0	0.12444961868659946	0.11246238877989302	0.069074182512796	0.043478260869565216	0.047619047619047616	0.3333333333333333	0.8353423914104244	0	0.2
71b154d24958	0.06608439733031304	0.14167841682498472	0.24889923737319897	0.24889939968594305	0.0	0.16666666666666666	0.014705882352941176	0.6666666666666666	1.0	0	0.5
f2258c95c059	0.0	0.0	0.03639918008035379	0.0	0.069074182512796	0.058823529411764705	0.019230769230769232	0.6666666666666666	0.247376662786112	0	0.047619047619047616
ae2e68254ecd	0.2623129151112843	0.5191143960336863	0.6371941848721019	0.637157481738793	0.069074182512796	1.0	0.015625	1.0	0.8353423914104244	1	1.0
cb10f99b4cd6	0.14934089169295822	0.11816600049205804	0.20670634235651703	0.12444969984297151	0.2556048484684772	0.03333333333333333	0.05263157894736842	0.3333333333333333	0.6239426073894736	0	0.25
