revisions	files	functions	lines	addLines	deleteLines	pos	time	rf	ibf	isComponent	distance
e1e122d04553	0.3283973124415973	0.3830683701036636	0.48275396037913243	0.4308954187712978	0.5234047018454632	0.041666666666666664	0.03571428571428571	0.6363636363636362	1.0	0	0.034482758620689655
89f213d49ca5	0.0	0.0	0.1921167866513249	0.18667454976445727	0.069074182512796	0.04	0.016129032258064516	0.6363636363636362	1.0	0	0.07142857142857142
84985c3e2bf5	0.14934089169295822	0.21984644927517105	0.36373450393816925	0.2643266520013773	0.4341590200320239	0.04	0.01098901098901099	0.6363636363636362	1.0	0	0.08333333333333333
68aa1ab9bed8	0.11297202341832605	0.38951777658204884	0.4586396186176395	0.44645867379141857	0.37481480202904494	0.13333333333333333	0.047619047619047616	0.18181818181818182	0.7406022510826102	0	0.058823529411764705
26b49ec57d25	0.0	0.052289288211202906	0.3511878753697344	0.30681439083211687	0.36760783254622637	0.125	0.014925373134328358	0.09090909090909091	1.0	0	0.009174311926605505
82ac8e19a14c	0.06608439733031304	0.21984644927517105	0.35641875821878183	0.3097104962570064	0.37710577604188195	0.125	0.015873015873015872	0.09090909090909091	1.0	0	0.022222222222222223
86a6647f8e7e	0.3171525659982445	0.41250489177089955	0.5077464381968917	0.47872607130330364	0.5051314119480266	0.25	0.030303030303030304	1.0	1.0	1	0.02631578947368421
3bd528b8e6da	0.14934089169295822	0.2903294102274493	0.39882312900784195	0.3697720732509864	0.38577671910193473	0.07142857142857142	0.01694915254237288	0.9090909090909091	0.6239426073894736	0	0.5
7ee2469bbf78	0.11297202341832605	0.21984644927517105	0.2460491115198026	0.23025930610483455	0.1785541715635467	0.04	0.011494252873563218	0.6363636363636362	1.0	0	0.03125
ac8b09b99c40	0.0	0.11816600049205804	0.1808807130935711	0.16803445618334878	0.10947998905075071	1.0	0.012048192771084338	0.09090909090909091	0.6744523947580044	0	1.0
355e1f63f5f7	0.0	0.20755512910583993	0.2795047025172246	0.23364731129418437	0.29342212036472987	0.07142857142857142	0.038461538461538464	0.9090909090909091	0.6239426073894736	0	0.09090909090909091
6a59b3dc1388	0.06608439733031304	0.21984644927517105	0.362950469051838	0.33227136503274113	0.3514123368235937	0.1	0.07692307692307693	0.09090909090909091	0.8353423914104244	0	1.0
8da828b2d656	0.0	0.19396770503618765	0.25434159599462464	0.1921169119349664	0.2880341606142974	0.16666666666666666	0.02040816326530612	0.18181818181818182	0.7406022510826102	0	0.1
672e33693439	0.14934089169295822	0.3403361388061225	0.4476923735378234	0.43592393617986547	0.35983873256935345	0.11764705882352941	0.05263157894736842	0.18181818181818182	0.7406022510826102	0	0.5
4f26ae04f798	0.06608439733031304	0.052289288211202906	0.23364715892766083	0.1972481074771134	0.2294594675206344	0.125	0.00684931506849315	0.7272727272727273	0.7406022510826102	0	0.25
9acbf5c70481	0.0	0.08938912861378186	0.16803434660440356	0.15303776336186264	0.10947998905075071	0.04	0.011627906976744186	0.6363636363636362	1.0	0	0.02857142857142857
0b1b85bcd3e3	0.0	0.052289288211202906	0.23364715892766083	0.21526261328334842	0.1785541715635467	0.125	0.009523809523809525	0.09090909090909091	1.0	0	0.03225806451612903
9c2e192820ff	0.0	0.0	0.12444961868659946	0.06222484992148576	0.16038528500783836	0.3333333333333333	0.007633587786259542	1.0	0.8353423914104244	1	0.125
52cb3b8b05b0	0.11297202341832605	0.16155788157855885	0.223073608110253	0.21925311390470442	0.069074182512796	0.14285714285714285	0.009009009009009009	0.7272727272727273	1.0	0	0.05
7ba93c424e52	0.0	0.14167841682498472	0.2975191965758062	0.2711480195124297	0.26986527405858907	0.027777777777777776	0.019230769230769232	0.09090909090909091	0.8353423914104244	0	1.0
55d9dfb8117d	0.06608439733031304	0.16155788157855885	0.3613615528139077	0.3082741218954018	0.39181814336154835	0.14285714285714285	0.007874015748031496	0.7272727272727273	1.0	0	0.023255813953488372
0a960f862bbe	0.3171525659982445	0.3863333863334036	0.3950483989694681	0.36830037664521104	0.37481480202904494	0.14285714285714285	0.3333333333333333	0.09090909090909091	1.0	0	0.14285714285714285
5f00a2ca511c	0.14934089169295822	0.21984644927517105	0.35892416986625436	0.2795048847884751	0.4159901334763155	0.125	0.008928571428571428	0.09090909090909091	1.0	0	0.043478260869565216
dc6d307f8b85	0.06608439733031304	0.11816600049205804	0.2192529709249519	0.21108644251844974	0.10947998905075071	0.04	0.021739130434782608	0.6363636363636362	1.0	0	0.045454545454545456
654a2b2bc59b	0.557035373968769	0.6642016787994338	0.7323244856143979	0.7259704611582218	0.6148200984165502	0.13333333333333333	0.03225806451612903	0.18181818181818182	0.7406022510826102	0	1.0
b91bb5a5841c	0.2920284441669651	0.38951777658204884	0.4698437791200057	0.3851609042166359	0.5419208116812569	0.3333333333333333	0.01020408163265306	1.0	0.8353423914104244	1	0.043478260869565216
e683987e9ddb	0.14934089169295822	0.17877825722756366	0.25434159599462464	0.22673840454420918	0.2294594675206344	0.04	0.010752688172043012	0.6363636363636362	1.0	0	0.08333333333333333
af5d23c92a0c	0.0	0.0	0.2689311516998168	0.22307375358152826	0.2823381543107977	0.125	0.006896551724137931	0.7272727272727273	0.7406022510826102	0	0.5
81b36e9b2544	0.2623129151112843	0.37274596226375134	0.4550427476424354	0.449512420009539	0.29853365003343035	0.15384615384615385	0.034482758620689655	0.9090909090909091	0.7406022510826102	0	0.3333333333333333
fe24cebec2fe	0.11297202341832605	0.25094701019234067	0.425959313281469	0.3417297347099609	0.4931586731750738	0.11764705882352941	0.09090909090909091	0.18181818181818182	0.7406022510826102	0	1.0
7fb41f2fe832	0.0	0.052289288211202906	0.20670634235651703	0.18667454976445727	0.16038528500783836	0.13333333333333333	1.0	0.18181818181818182	0.7406022510826102	0	0.14285714285714285
34f0aad090e3	0.06608439733031304	0.19396770503618765	0.2852984174535528	0.24889939968594305	0.2823381543107977	0.029411764705882353	0.008064516129032258	0.09090909090909091	1.0	0	0.05555555555555555
bf60f3d62ac6	0.0	0.0	0.1746871247840085	0.16084890366004248	0.10947998905075071	0.04	0.012345679012345678	0.6363636363636362	1.0	0	0.25
e84b4b9c4e32	0.46649345769120276	0.4865399761879694	0.6626758797062939	0.6626763118520153	0.0	0.07142857142857142	0.010309278350515464	0.9090909090909091	0.5494652828006168	0	0.25
4880186dc908	0.3171525659982445	0.3492335459308247	0.48192080893394573	0.4646706346267686	0.4315704853903219	0.125	0.008849557522123894	0.09090909090909091	1.0	0	0.16666666666666666
3d3a2c23e751	0.06608439733031304	0.11816600049205804	0.2569438484539261	0.25166181710041935	0.10947998905075071	0.1111111111111111	0.009433962264150943	0.7272727272727273	1.0	0	0.5
5d4df555973f	0.0	0.0	0.37404746988795895	0.31251608341619624	0.4159901334763155	0.07142857142857142	0.0125	0.9090909090909091	0.6239426073894736	0	0.023255813953488372
a6b6e3cf36a4	0.8805509317854763	1.0	1.0	1.0	0.069074182512796	0.09090909090909091	0.006944444444444444	0.09090909090909091	0.18918229901573577	0	1.0
c240b9fda7ab	0.06608439733031304	0.11816600049205804	0.28147778026825165	0.23691208862286453	0.29342212036472987	0.25	0.0078125	1.0	1.0	1	0.125
bb5436a892c1	0.0	0.0	0.0	0.0	0.0	0.0	0.0	0.0	0.0	0	0.0
8972dc111bb4	0.17905642074863906	0.20755512910583993	0.25434159599462464	0.24006228842175747	0.1785541715635467	0.1111111111111111	0.009708737864077669	0.09090909090909091	1.0	0	0.08333333333333333
aeab4ec26a3c	0.0	0.11816600049205804	0.3675551411234703	0.3668041506363452	0.069074182512796	1.0	0.010416666666666666	0.09090909090909091	0.6744523947580044	0	0.5
9744ec677e72	0.17905642074863906	0.3092355778889529	0.3972247825032021	0.36604658088821196	0.3898447525284727	0.07272727272727272	0.016666666666666666	0.9090909090909091	0.520586676751911	0	0.3333333333333333
7f71a708d272	0.06608439733031304	0.4320078270524341	0.5338462985118493	0.5300106993574599	0.34843740006704066	0.16666666666666666	0.014285714285714285	0.18181818181818182	0.7406022510826102	0	1.0
a34741ab5dfb	0.0	0.11816600049205804	0.32772478834659746	0.2569440160127405	0.37481480202904494	0.030303030303030304	0.008264462809917356	0.09090909090909091	1.0	0	1.0
e92242fbb0cd	0.0	0.3956599494367154	0.5393093632627312	0.4866094622954453	0.5871199061350237	0.11764705882352941	0.027777777777777776	0.18181818181818182	0.7406022510826102	0	0.14285714285714285
26d2a0f4d858	0.14934089169295822	0.40435726148239093	0.48023094399858596	0.46131188525726446	0.43791995620300284	0.16666666666666666	0.16666666666666666	0.18181818181818182	0.7406022510826102	0	0.1111111111111111
423080123a29	0.5430966128348967	0.5995649881164022	0.5600232840896977	0.4850063575092828	0.6342663834715319	0.25	0.008771929824561403	1.0	0.8353423914104244	1	0.058823529411764705
f1885db00353	0.3752849385296103	0.49651985725929115	0.6222919164379487	0.6222923222483868	0.0	0.125	0.008333333333333333	0.09090909090909091	1.0	0	0.5
6c563c769572	0.17905642074863906	0.25094701019234067	0.31388646232954215	0.285298603503014	0.29342212036472987	0.04	0.011904761904761904	0.6363636363636362	0.7406022510826102	0	0.07692307692307693
93a28c447724	0.0	0.14167841682498472	0.2110863048643623	0.18088083104991842	0.19391574626440314	0.030303030303030304	0.009174311926605505	0.09090909090909091	1.0	0	0.2
a4775e530f17	0.0	0.2310675454387666	0.44676847422840404	0.3826670915662682	0.4986581639730348	0.02857142857142857	0.0196078431372549	0.09090909090909091	0.7406022510826102	0	1.0
3422b797f6f0	0.06608439733031304	0.052289288211202906	0.03639918008035379	0.036399203817070964	0.0	0.1111111111111111	0.02631578947368421	0.09090909090909091	1.0	0	0.5
a42de38c7be3	0.20418054257991852	0.2903294102274493	0.39559746137747337	0.3229360542951501	0.4506097091862146	0.3333333333333333	0.008403361344537815	1.0	0.7406022510826102	1	0.058823529411764705
963c7e594b71	0.14934089169295822	0.11816600049205804	0.24310552243687084	0.23025930610483455	0.16038528500783836	0.125	0.04	0.7272727272727273	0.7406022510826102	0	0.5
b9454eb06196	0.06608439733031304	0.19396770503618765	0.2975191965758062	0.23691208862286453	0.33206411128999513	0.3333333333333333	0.007462686567164179	1.0	0.8353423914104244	1	0.047619047619047616
256d78f9803e	0.11297202341832605	0.14167841682498472	0.1921167866513249	0.12444969984297151	0.2294594675206344	0.041666666666666664	0.0136986301369863	0.6363636363636362	1.0	0	0.2
b630fab2f56a	0.0	0.0	0.06222480934329974	0.06222484992148576	0.0	0.1111111111111111	0.015625	0.09090909090909091	1.0	0	0.25
bea2208fcc5b	0.22594404683665206	0.42016821050624265	0.5986733603144505	0.5693416413307255	0.6065652435625163	0.041666666666666664	0.010526315789473684	0.6363636363636362	1.0	0	1.0
6118e902327b	0.39081898983479035	0.42016821050624265	0.6431524288518654	0.6036623386377155	0.6801774363378815	0.037037037037037035	0.02564102564102564	0.6363636363636362	1.0	0	0.09090909090909091
0caec9655529	0.17905642074863906	0.29694425771962174	0.4452071927217556	0.4383363668648766	0.308031593529086	0.25	0.0070921985815602835	1.0	1.0	1	0.0625
cec9cc7b00cc	0.11297202341832605	0.11816600049205804	0.3675551411234703	0.2619326039277545	0.4415441003407458	0.07142857142857142	0.011111111111111112	0.9090909090909091	0.6239426073894736	0	0.09090909090909091
0953ef594e72	0.0	0.08938912861378186	0.16803434660440356	0.15303776336186264	0.10947998905075071	0.04	0.043478260869565216	0.6363636363636362	1.0	0	0.058823529411764705
2e0dcf5f412d	0.43012458941657056	0.49923493128011215	0.6253075549171714	0.6098595253680459	0.5796924653663378	0.13636363636363638	0.03333333333333333	0.8181818181818181	0.8353423914104244	0	0.1111111111111111
98b55d1489c3	0.06608439733031304	0.14167841682498472	0.2834084229327595	0.2431056809714042	0.2880341606142974	0.041666666666666664	0.022222222222222223	0.6363636363636362	1.0	0	0.047619047619047616
14e965a42294	0.0	0.0	0.12444961868659946	0.11246238877989302	0.069074182512796	0.037037037037037035	0.022727272727272728	0.6363636363636362	1.0	0	0.07142857142857142
4d0aa751dd79	0.11297202341832605	0.20755512910583993	0.38877609831478394	0.3138866670219051	0.44504105495188695	0.14285714285714285	0.00847457627118644	0.7272727272727273	1.0	0	0.029411764705882353
799eef0aa2b2	0.0	0.08938912861378186	0.3733488560597984	0.3229360542951501	0.4011382938027912	0.14285714285714285	0.008547008547008548	0.7272727272727273	1.0	0	0.5
89f547830056	0.0	0.19396770503618765	0.33971209159248816	0.3053305308928899	0.33556106590113627	0.125	0.007352941176470588	0.7272727272727273	0.7406022510826102	0	0.3333333333333333
926254e8d817	0.30507413907761327	0.3356461218611724	0.3826668420206856	0.3572619215579765	0.3571083431270934	0.14285714285714285	0.08333333333333333	0.7272727272727273	1.0	0	0.0625
4696568536f4	0.06608439733031304	0.28335683364996944	0.3787912146812241	0.36215976245247383	0.3167025365891387	0.11764705882352941	0.05	0.18181818181818182	0.7406022510826102	0	0.015625
fec6de3f36e3	0.06608439733031304	0.0	0.23364715892766083	0.23364731129418437	0.0	0.14285714285714285	0.00819672131147541	0.7272727272727273	1.0	0	0.03125
0f355f91abee	0.5246258302225686	0.49651985725929115	0.588675064448563	0.5355898369977246	0.642335191886539	0.07547169811320754	0.023809523809523808	0.9090909090909091	0.5833054849228712	0	1.0
e5cfed4dd402	0.0	0.0	0.1530376635625889	0.15303776336186264	0.0	0.11764705882352941	0.2	0.18181818181818182	0.7406022510826102	0	0.03333333333333333
cb317d902f77	0.06608439733031304	0.19396770503618765	0.4059273989548512	0.4039545846314467	0.16038528500783836	0.030303030303030304	0.007936507936507936	0.09090909090909091	1.0	0	0.1111111111111111
cab113b3a58c	0.11297202341832605	0.32572112959789795	0.3851606530447835	0.37542884078350797	0.276296730051184	0.16666666666666666	0.023255813953488372	0.8181818181818181	1.0	0	1.0
35077c88f1c6	0.22594404683665206	0.3032362984035436	0.4278899559459768	0.4138606933036529	0.3543010312722415	0.04	0.011235955056179775	0.6363636363636362	1.0	0	0.2
52dae4e20ee6	0.0	0.11816600049205804	0.20210167028488468	0.1444816272328475	0.2294594675206344	0.14285714285714285	0.014084507042253521	0.18181818181818182	0.7406022510826102	0	0.16666666666666666
bc2e814493f0	0.14934089169295822	0.29694425771962174	0.40039351465970996	0.38139371585571197	0.3514123368235937	0.041666666666666664	0.02	0.6363636363636362	1.0	0	1.0
f66af0ea18b8	0.3171525659982445	0.4098458026663303	0.5650521393367227	0.5313478754769301	0.580871804344228	1.0	0.014492753623188406	0.09090909090909091	0.6744523947580044	0	0.5
4f8f2e69c0f7	0.06608439733031304	0.11816600049205804	0.20210167028488468	0.18667454976445727	0.138148365025592	0.07142857142857142	0.013513513513513514	0.9090909090909091	0.6239426073894736	0	0.06666666666666667
5c42cd158da0	0.17905642074863906	0.3092355778889529	0.49068595337019405	0.49049628073118345	0.069074182512796	0.05	0.010638297872340425	0.6363636363636362	1.0	0	1.0
0360dbda0f15	0.0	0.0	0.09862398942365351	0.0986240537385567	0.0	0.11764705882352941	0.125	0.18181818181818182	0.7406022510826102	0	0.2
3d3c7e2888d4	0.14934089169295822	0.3032362984035436	0.52976507645893	0.3253624582827659	0.6465170494037666	0.1111111111111111	0.009345794392523364	0.7272727272727273	1.0	0	1.0
212a21c6eb2e	0.11297202341832605	0.2903294102274493	0.35809677761426034	0.3111242496074288	0.37934526310933975	0.037037037037037035	0.013157894736842105	0.6363636363636362	1.0	0	0.3333333333333333
1cbaa32947ef	0.06608439733031304	0.08938912861378186	0.1530376635625889	0.11246238877989302	0.16038528500783836	1.0	0.05555555555555555	0.09090909090909091	0.6744523947580044	0	0.05263157894736842
80d99fb0cc60	0.06608439733031304	0.08938912861378186	0.2871494402247173	0.2543417618564522	0.276296730051184	0.14285714285714285	0.007751937984496124	0.7272727272727273	1.0	0	0.05263157894736842
cd25567cede7	0.06608439733031304	0.2903294102274493	0.382032412356413	0.372645005861498	0.26986527405858907	1.0	0.037037037037037035	0.09090909090909091	0.6744523947580044	0	0.058823529411764705
8eec19b42766	0.4841305598262523	0.5383342109983006	0.6044670752507786	0.5690249867434917	0.6286208113917741	0.25	0.029411764705882353	1.0	0.8353423914104244	1	0.029411764705882353
eba4478fbb2c	0.0	0.11816600049205804	0.1921167866513249	0.15303776336186264	0.19391574626440314	0.029411764705882353	0.00909090909090909	0.09090909090909091	1.0	0	1.0
834f7dce22ba	0.0	0.14167841682498472	0.39053064453301994	0.3344610219376306	0.4275570713022653	0.07142857142857142	0.025	0.9090909090909091	0.6239426073894736	0	0.058823529411764705
76d117c2457e	0.20418054257991852	0.3448615593629846	0.5346640009345005	0.5262592559291318	0.42337521378503756	0.16666666666666666	0.013888888888888888	0.18181818181818182	0.7406022510826102	0	1.0
98e95504696d	0.0	0.052289288211202906	0.2754234804643054	0.2569440160127405	0.21895997810150142	0.125	0.009900990099009901	0.09090909090909091	1.0	0	0.07692307692307693
e0c1835422e4	0.39081898983479035	0.4585021392981806	0.6154198089924868	0.5789973544209004	0.6429659090588319	0.07272727272727272	0.012987012987012988	0.9090909090909091	0.6239426073894736	0	0.5
e7476997924e	0.0	0.052289288211202906	0.19724797884730702	0.16803445618334878	0.1785541715635467	0.125	0.017543859649122806	0.7272727272727273	0.7406022510826102	0	0.14285714285714285
c8cdc88e7bce	0.22594404683665206	0.3032362984035436	0.4512957237649573	0.4267368381862148	0.4289129150821495	0.125	0.009615384615384616	0.09090909090909091	1.0	0	0.25
d6415e5a4bbf	0.14934089169295822	0.2413899532786789	0.30072565970853826	0.29248415602632033	0.1785541715635467	0.07142857142857142	0.012658227848101266	0.9090909090909091	0.6239426073894736	0	0.02
7e35b3bcc6bf	0.47989696652810027	0.42016821050624265	0.4636501908104431	0.4009111920818	0.5158187487000013	0.04	0.018867924528301886	0.6363636363636362	0.7406022510826102	0	0.034482758620689655
9e29145f1f6b	0.45690338716510337	0.3492335459308247	0.4722063213598148	0.470321594526592	0.21895997810150142	1.0	0.007407407407407408	1.0	0.8353423914104244	1	1.0
6c633e5a329c	0.0	0.0	0.1530376635625889	0.1444816272328475	0.069074182512796	0.14285714285714285	0.06666666666666667	0.7272727272727273	1.0	0	0.02127659574468085
45c0cc4df6f1	0.0	0.0	0.03639918008035379	0.0	0.069074182512796	0.125	0.0625	0.09090909090909091	1.0	0	0.043478260869565216
3941e68ff26d	0.11297202341832605	0.3492335459308247	0.41779264722087933	0.3520813603382579	0.4684168785369244	0.07272727272727272	0.03125	0.9090909090909091	0.6239426073894736	0	0.14285714285714285
0c4835025c91	0.24514081807895213	0.49651985725929115	0.570752552940703	0.5622745469056304	0.4637810203229922	0.16666666666666666	0.024390243902439025	0.8181818181818181	0.8353423914104244	0	0.06666666666666667
219a0ffbcdf1	0.20418054257991852	0.39862470650273474	0.47894233684149795	0.47336498707623875	0.3246790309812732	0.07272727272727272	0.018518518518518517	0.9090909090909091	0.520586676751911	0	1.0
b1a16d1468e8	0.0	0.17877825722756366	0.28147778026825165	0.24604927197391604	0.276296730051184	0.09090909090909091	0.1	0.18181818181818182	0.7406022510826102	0	1.0
870bdb7ff9c8	0.11297202341832605	0.2413899532786789	0.35384141113454926	0.346583429312739	0.21895997810150142	0.09090909090909091	0.007042253521126761	0.09090909090909091	0.247376662786112	0	1.0
7f063225c752	0.0	0.0	0.1746871247840085	0.16084890366004248	0.10947998905075071	0.3333333333333333	0.007575757575757576	1.0	0.8353423914104244	1	0.2
d4defe1e4905	0.14934089169295822	0.29694425771962174	0.46766298951869323	0.45998584220439276	0.34220706014788355	0.04	0.01818181818181818	0.6363636363636362	1.0	0	0.05555555555555555
54f02ea642a2	0.0	0.08938912861378186	0.20210167028488468	0.1444816272328475	0.2294594675206344	0.041666666666666664	0.02857142857142857	0.6363636363636362	1.0	0	0.08333333333333333
345def86187c	0.06608439733031304	0.11816600049205804	0.35641875821878183	0.24889939968594305	0.43025055906642745	0.037037037037037035	0.013333333333333334	0.6363636363636362	1.0	0	0.25
75d78a90d621	0.6439902093325914	0.681328570390296	0.7051164009447538	0.6858004205406656	0.6882786997216056	0.1111111111111111	0.008	0.7272727272727273	0.5833054849228712	0	1.0
95ef737376d2	0.06608439733031304	0.16155788157855885	0.22673825668313485	0.2067064771543332	0.1785541715635467	0.04	0.012195121951219513	0.6363636363636362	1.0	0	0.07142857142857142
21e1b916a4e7	0.06608439733031304	0.16155788157855885	0.25166165298624243	0.23691208862286453	0.1785541715635467	0.04	0.011363636363636364	0.6363636363636362	1.0	0	0.5
b704a08ef090	0.0	0.052289288211202906	0.06222480934329974	0.036399203817070964	0.069074182512796	0.125	0.015151515151515152	0.09090909090909091	1.0	0	0.02702702702702703
8870deb3cd89	0.7192163022763876	0.7432839736633603	0.733626838882853	0.6902862430604149	0.7878375614353678	0.08333333333333333	0.007246376811594203	0.09090909090909091	0.24289940852075484	0	0.25
b2377fdac954	0.0	0.0	0.06222480934329974	0.0	0.10947998905075071	0.14285714285714285	0.1111111111111111	0.7272727272727273	1.0	0	0.020833333333333332
3d22e1cbbcc4	0.06608439733031304	0.25094701019234067	0.41779264722087933	0.386382303770726	0.41287572436590453	0.25	0.007194244604316547	1.0	1.0	1	0.021739130434782608
9da102f75bcb	0.0	0.0	0.30533033178017055	0.24604927197391604	0.3389394565713851	0.07142857142857142	0.017241379310344827	0.9090909090909091	0.6239426073894736	0	0.5
9cc2d4ea6add	0.0	0.11816600049205804	0.1530376635625889	0.12444969984297151	0.138148365025592	0.25	0.007518796992481203	1.0	1.0	1	0.3333333333333333
7620cf8ef36f	0.3669249431097742	0.43862267454460646	0.4841936246057054	0.4120561806379748	0.5478091983158646	0.125	0.0072992700729927005	0.7272727272727273	0.6239426073894736	0	1.0
797aa77c690b	0.06608439733031304	0.14167841682498472	0.21526247290588865	0.2021018020798915	0.138148365025592	0.125	0.014705882352941176	0.09090909090909091	1.0	0	1.0
8c856433e8d5	0.5110359472339217	0.5144243790887361	0.49030556541181364	0.4259595910590377	0.5469890045453759	1.0	0.01	1.0	0.8353423914104244	1	1.0
e58558ba5304	0.3752849385296103	0.32572112959789795	0.7245086734752929	0.379449131178624	0.8711917578290711	0.13636363636363638	0.058823529411764705	0.8181818181818181	1.0	0	1.0
5f5d57e64cd9	0.14934089169295822	0.14167841682498472	0.3484535089441898	0.3407266909519464	0.21895997810150142	0.125	0.009259259259259259	0.09090909090909091	1.0	0	0.03571428571428571
bc0db962e9cd	0.24514081807895213	0.29694425771962174	0.3774612433356863	0.33764850999558577	0.3878314925288063	0.1111111111111111	0.008620689655172414	0.7272727272727273	1.0	0	0.2
bbac3d3dec30	0.14934089169295822	0.3492335459308247	0.43731011071919407	0.422781507587797	0.36760783254622637	0.08333333333333333	0.006993006993006993	0.09090909090909091	0.247376662786112	0	0.1111111111111111
313ca82fe335	0.0	0.0	0.0	0.0	0.0	0.0	0.0	0.0	0.0	0	0.0
c0823af2f4e4	0.06608439733031304	0.08938912861378186	0.240062131871887	0.17468723870137876	0.276296730051184	0.125	0.00980392156862745	0.09090909090909091	1.0	0	0.08333333333333333
7abd17319461	0.0	0.0	0.20210167028488468	0.16084890366004248	0.20722254753838798	0.1	0.01282051282051282	0.09090909090909091	1.0	0	1.0
3ff459d16a91	0.14934089169295822	0.19396770503618765	0.25166165298624243	0.16803445618334878	0.30339573531515385	0.04	0.020833333333333332	0.6363636363636362	1.0	0	0.041666666666666664
e4ce9fc7e177	0.0	0.08938912861378186	0.3311559610431165	0.2666585099219055	0.37246991782794986	0.125	0.041666666666666664	0.09090909090909091	1.0	0	0.0070921985815602835
629e33a7d2a1	0.14934089169295822	0.40435726148239093	0.48023094399858596	0.46131188525726446	0.43791995620300284	0.13333333333333333	0.14285714285714285	0.18181818181818182	0.7406022510826102	0	1.0
a440c5cbbd19	0.11297202341832605	0.4469456430689092	0.4954896857526342	0.47290343602146634	0.4702124763155871	0.13333333333333333	0.07142857142857142	0.18181818181818182	0.7406022510826102	0	0.5
4c1b4661175f	0.5037910132531164	0.5132247308791946	0.585034305020416	0.5435159952263107	0.619702036867094	0.16666666666666666	0.02702702702702703	0.18181818181818182	0.7406022510826102	0	0.125
3f5390c3f236	0.0	0.21984644927517105	0.22673825668313485	0.17468723870137876	0.2476283540763427	0.1111111111111111	0.015384615384615385	0.09090909090909091	1.0	0	0.125
077ef215e7e9	0.11297202341832605	0.19396770503618765	0.223073608110253	0.1972481074771134	0.19391574626440314	0.04	0.01639344262295082	0.6363636363636362	1.0	0	0.024390243902439025
54de91d1363d	0.0	0.19396770503618765	0.38010176969190523	0.34752345342449975	0.37481480202904494	0.11764705882352941	0.5	0.18181818181818182	0.7406022510826102	0	1.0
ca9f6a9aad09	0.3581128414972781	0.3797185388412312	0.5146902099015025	0.47518782092005174	0.5379430027792748	1.0	0.011764705882352941	0.09090909090909091	0.6744523947580044	0	1.0
642134f81cba	0.0	0.0	0.1921167866513249	0.16084890366004248	0.1785541715635467	0.14285714285714285	0.25	0.09090909090909091	1.0	0	1.0
91b96a163785	0.0	0.052289288211202906	0.43199664145782707	0.374740933337682	0.4745648265699786	0.125	0.008695652173913044	0.09090909090909091	1.0	0	0.125
f2258c95c059	0.0	0.0	0.03639918008035379	0.0	0.069074182512796	0.08333333333333333	0.008130081300813009	0.09090909090909091	0.247376662786112	0	0.047619047619047616
49f825449580	0.14934089169295822	0.28335683364996944	0.38818354551084056	0.33971231312631994	0.41444509507677596	0.07142857142857142	0.02127659574468085	0.9090909090909091	0.6239426073894736	0	0.0196078431372549
7b680a4f4542	0.2920284441669651	0.4757225149471854	0.5313475289733554	0.4983232691152729	0.5419208116812569	0.041666666666666664	0.010869565217391304	0.6363636363636362	1.0	0	0.023809523809523808
bc56127911fa	0.0	0.29694425771962174	0.382032412356413	0.3344610219376306	0.40633875964925065	0.125	0.045454545454545456	0.09090909090909091	1.0	0	0.125
63746fdf09ab	0.2920284441669651	0.2759856130067989	0.5182502094353023	0.3774614894865819	0.6212776108821827	1.0	0.017857142857142856	0.09090909090909091	0.6744523947580044	0	0.03571428571428571
27696fc6d315	0.14934089169295822	0.2903294102274493	0.43236082623258804	0.3712200317770567	0.47954851403953624	0.25	0.007142857142857143	1.0	1.0	1	0.3333333333333333
