75739;
77948;
78548;
78559;
79107;
79481;
80120;
80276;
78854;
81265;
80506;
58185;
83251;
82346;
83699;
79419;
83262;
80830;
82905;
84557;
86000;
84012;
87363;
87676;
86294;
87855;
89533;
90018;
87997;
88829;
86631;
81242;
92017;
88717;
92612;
92181;
91159;
79268;
94467;
94598;
93724;
97651;
97678;
97745;
97177;
99376;
100040;
78634;
94603;
96916;
102794;
100387;
104966;
90258;
107145;
92013;
96053;
105772;
84609;
99266;
113971;
112358;
82277;
92341;
117574;
93380;
103976;
106289;
104150;
81264;
99145;
101354;
108769;
85072;
102756;
81834;
106372;
115947;
84911;
84906;
14654;
82500;
92241;
108591;
108813;
78856;
100095;
111259;
91317;
87460;
92757;
83408;
108236;
104545;
95410;
103863;
119192;
108792;
