revisions	files	functions	lines	addLines	deleteLines	pos	time	rf	ibf	isComponent	distance
417fbcaf20e4	0.33951820999782933	0.4151102582116798	0.5272747247012909	0.5197733075887534	0.4235487271188356	0.08333333333333333	0.3333333333333333	1.0	0.6727314726527263	0	0.25
a6b6e3cf36a4	0.8821153743072894	1.0	1.0	1.0	0.07230285101148776	0.5	0.125	1.0	0.24083799759485214	0	1.0
8559551465d2	0.9788599917344487	0.9192997660272638	0.9469898526770555	0.9469904702302598	0.0	1.0	1.0	1.0	0.5333665423443693	1	1.0
7012373d248c	0.1496062201739993	0.38951777658204884	0.4696040689005133	0.4676632944921593	0.22919461509687367	0.09090909090909091	0.25	1.0	0.35541805240316376	0	0.14285714285714285
313ca82fe335	0.0	0.0	0.0	0.0	0.0	0.0	0.0	0.0	0.0	0	0.0
ac501262f4a1	0.1496062201739993	0.2413899532786789	0.3152364339923866	0.3038217309667262	0.22919461509687367	0.1	0.2	1.0	1.0	0	1.0
7ab00d2ec62b	0.22634547333188618	0.39862470650273474	0.5417063155164193	0.5417066687751898	0.0	0.08333333333333333	0.1111111111111111	1.0	1.0	0	0.5
f15277be8b1c	0.41878888976937856	0.37274596226375134	0.5071164607072851	0.4413457486232843	0.5935668835808267	0.09090909090909091	0.14285714285714285	1.0	0.4166407636709832	0	0.0625
d31f25ca302d	0.0	0.17877825722756366	0.240062131871887	0.18667454976445727	0.27528261567738554	0.09090909090909091	0.16666666666666666	1.0	0.4318934750578741	0	0.047619047619047616
