revisions	files	functions	lines	addLines	deleteLines	pos	time	rf	ibf	isComponent	distance
a2f859f65852	0.535071696581807	0.6495717166950754	0.5951273785451796	0.5314684550550342	0.6932914056881766	0.04069767441860465	0.05263157894736842	1.0	0.4872331722265683	0	0.5
417fbcaf20e4	0.33951820999782933	0.4151102582116798	0.5272747247012909	0.5197733075887534	0.4235487271188356	0.010736196319018405	0.1111111111111111	1.0	0.5528664994461185	1	0.25
a6b6e3cf36a4	0.8821153743072894	1.0	1.0	1.0	0.07230285101148776	0.3333333333333333	0.038461538461538464	1.0	0.19792631395530566	0	1.0
3f40a1f5c949	0.0	0.0	0.0	0.0	0.0	0.015250544662309368	0.03225806451612903	1.0	0.4872331722265683	0	0.5
98443a04525a	0.3915133435898762	0.5107914275093834	0.6828808555049759	0.6501324690663322	0.7422332352472528	0.011093502377179081	0.034482758620689655	1.0	0.6493531214089197	1	0.5
a05271b6a34d	0.11317273666594312	0.2759856130067989	0.39110795471465654	0.3851609042166359	0.2501267689067625	0.01174496644295302	0.03571428571428571	1.0	0.8218234495051137	0	0.02702702702702703
931b082356b3	0.1496062201739993	0.3092355778889529	0.31787696034860546	0.285298603503014	0.32242961991825025	0.011049723756906077	0.08333333333333333	0.11764705882352941	1.0	0	0.5
f65b7d7a95c8	0.0	0.0	0.1350231695040073	0.11246238877989302	0.11459730754843683	0.011093502377179081	0.07142857142857142	1.0	1.0	1	0.25
b516dee066b2	0.0	0.052289288211202906	0.24889923737319897	0.1921169119349664	0.289211404045951	0.014373716632443531	0.0625	1.0	0.46118286771036304	0	1.0
31d9edd19d0e	0.1496062201739993	0.2310675454387666	0.3022869412151867	0.285298603503014	0.2501267689067625	0.011345218800648298	0.037037037037037035	1.0	0.7199963091043476	1	1.0
a99c4ed2fd16	0.1496062201739993	0.2413899532786789	0.4064139661289901	0.3851609042166359	0.3847905741384919	0.01174496644295302	0.07692307692307693	1.0	0.8218234495051137	0	0.03571428571428571
8086610ae1ef	0.37595169350588553	0.529082027164124	0.6177540908931866	0.5794221414078315	0.6800185419511131	0.04069767441860465	0.04	1.0	1.0	0	1.0
6abb05442871	0.06620180705356699	0.14167841682498472	0.12444961868659946	0.11246238877989302	0.07230285101148776	0.020588235294117647	0.25	1.0	1.0	0	0.25
52144a9a8eed	0.20454330265592138	0.3032362984035436	0.4698437791200057	0.41650122138181783	0.5351046832354943	0.011093502377179081	0.045454545454545456	1.0	1.0	1	0.2
afa073274618	0.7674650370957617	0.8441891019595081	0.8869796960717886	0.8733079103306942	0.8988138341905558	0.015250544662309368	0.029411764705882353	1.0	0.46118286771036304	0	1.0
7ab00d2ec62b	0.22634547333188618	0.39862470650273474	0.5417063155164193	0.5417066687751898	0.0	0.010736196319018405	0.03333333333333333	1.0	0.8218234495051137	0	0.5
f15277be8b1c	0.41878888976937856	0.37274596226375134	0.5071164607072851	0.4413457486232843	0.5935668835808267	0.3333333333333333	0.043478260869565216	1.0	0.3424051496045322	0	0.3333333333333333
d31f25ca302d	0.0	0.17877825722756366	0.240062131871887	0.18667454976445727	0.27528261567738554	0.013539651837524177	0.047619047619047616	1.0	0.3549401854908129	0	0.2
aa3ed9307e49	0.11317273666594312	0.2598444173170428	0.366046342181228	0.3597442405161959	0.22919461509687367	0.2	0.2	1.0	1.0	0	1.0
85a4ffa434a5	0.06620180705356699	0.21984644927517105	0.28147778026825165	0.2754236600741	0.1446057020229755	0.020588235294117647	1.0	1.0	1.0	0	0.5
a2f850ca3673	0.0	0.052289288211202906	0.1350231695040073	0.0986240537385567	0.1446057020229755	0.01174496644295302	0.14285714285714285	1.0	0.8218234495051137	0	0.16666666666666666
24a99c1cea3f	0.0	0.16155788157855885	0.32415724245907257	0.2814779638261902	0.3512458761073479	0.020588235294117647	0.05	1.0	1.0	0	1.0
313ca82fe335	0.0	0.0	0.0	0.0	0.0	0.0	0.0	0.0	0.0	0	0.0
906c114f6a37	0.20454330265592138	0.25094701019234067	0.36903900009503976	0.36373474113755194	0.21690855303446327	0.01174496644295302	0.06666666666666667	1.0	0.8218234495051137	0	1.0
ac501262f4a1	0.1496062201739993	0.2413899532786789	0.3152364339923866	0.3038217309667262	0.22919461509687367	0.0109717868338558	0.058823529411764705	1.0	0.8218234495051137	0	1.0
b1c4bbd466ca	0.2925472803854532	0.39862470650273474	0.4618365650087258	0.44035378844851764	0.44896118155785125	0.0510948905109489	0.09090909090909091	1.0	1.0	0	1.0
dced29ff7242	0.06620180705356699	0.11816600049205804	0.2871494402247173	0.24604927197391604	0.3071372701121112	0.011217948717948718	0.3333333333333333	1.0	0.7199963091043476	1	1.0
2687fa533e47	0.5525820760592252	0.5343038438423102	0.5755243211896605	0.5549749264096683	0.5759489143235734	0.011049723756906077	0.05555555555555555	0.11764705882352941	1.0	0	1.0
ea6076fc3572	0.06620180705356699	0.052289288211202906	0.2110863048643623	0.21108644251844974	0.0	0.01174496644295302	0.03125	1.0	0.8218234495051137	0	0.2
ed6ebb1f0b3b	0.06620180705356699	0.25094701019234067	0.43833608101614163	0.4211492538501967	0.4016126101729191	0.01174496644295302	0.030303030303030304	1.0	0.8218234495051137	0	1.0
7012373d248c	0.1496062201739993	0.38951777658204884	0.4696040689005133	0.4676632944921593	0.22919461509687367	0.5	0.1	1.0	0.29209088984235726	0	1.0
d76a348f57ff	0.0	0.052289288211202906	0.22673825668313485	0.17468723870137876	0.25920300957141235	0.01174496644295302	0.041666666666666664	1.0	0.8218234495051137	0	0.03225806451612903
4780c4ff2851	0.1496062201739993	0.32572112959789795	0.4129627016963775	0.399349909557005	0.3512458761073479	0.25	0.16666666666666666	1.0	1.0	0	1.0
dabaacb8e0c2	0.11317273666594312	0.19396770503618765	0.4064139661289901	0.4059276636691618	0.07230285101148776	1.0	0.5	1.0	0.5957432788344933	0	1.0
