revisions	files	functions	lines	addLines	deleteLines	pos	time	rf	ibf	isComponent	distance
c93e4113b2e0	0.11317273666594312	0.17877825722756366	0.2889630660264346	0.2795048847884751	0.1869001585599246	0.015748031496062992	0.022222222222222223	1.0	0.8218234495051137	0	0.011904761904761904
18c67f102f36	0.06620180705356699	0.19396770503618765	0.3022869412151867	0.2754236600741	0.289211404045951	0.08333333333333333	0.05263157894736842	1.0	0.7199963091043476	0	0.5
2ccd83e5265e	0.0	0.0	0.1866744280298992	0.1350232575556277	0.21690855303446327	0.07142857142857142	0.3333333333333333	1.0	1.0	0	0.25
622b14c530f6	0.4057200170513963	0.4741003394381032	0.5900031618668092	0.589436765824515	0.24018487211551637	0.015748031496062992	0.0196078431372549	1.0	0.5173641628202729	0	0.038461538461538464
66cb4688e5d5	0.1496062201739993	0.2310675454387666	0.44200072958902353	0.4059276636691618	0.4716721281729999	0.07142857142857142	0.25	1.0	1.0	0	0.058823529411764705
85a3e43952a0	0.11317273666594312	0.37627936829392306	0.41113986904127436	0.354709005947806	0.4716721281729999	0.25	0.02702702702702703	1.0	0.5528664994461185	0	1.0
d31f25ca302d	0.0	0.17877825722756366	0.240062131871887	0.18667454976445727	0.27528261567738554	0.01834862385321101	0.03333333333333333	1.0	0.3549401854908129	0	0.2
3915a9571923	0.0	0.0	0.03639918008035379	0.0	0.07230285101148776	0.08333333333333333	0.07692307692307693	1.0	0.7199963091043476	0	0.05555555555555555
cda6af679d60	0.06620180705356699	0.19396770503618765	0.28147778026825165	0.24889939968594305	0.2824793286524654	0.07142857142857142	0.037037037037037035	1.0	1.0	0	0.3333333333333333
b8c63a046f4e	0.20454330265592138	0.38951777658204884	0.48759673934798464	0.4705593999170489	0.4570934251499796	0.1111111111111111	0.02857142857142857	1.0	0.7199963091043476	0	1.0
0ddb6cc8cd64	0.20454330265592138	0.3092355778889529	0.4504083548541403	0.40244578470528286	0.5044772307742592	0.015748031496062992	0.02040816326530612	1.0	0.6493531214089197	0	0.015873015873015872
d2ac505725f8	0.0	0.0	0.20210167028488468	0.16084890366004248	0.21690855303446327	0.07142857142857142	0.024390243902439025	1.0	1.0	0	1.0
493703d05279	0.6803070392171559	0.8309406848429126	0.8581113098000227	0.8580960291375812	0.1869001585599246	0.2	0.018867924528301886	1.0	0.4180571605836513	0	1.0
2cf8af195faf	0.0	0.0	0.09862398942365351	0.0822567773113617	0.07230285101148776	0.25	0.16666666666666666	1.0	0.7199963091043476	0	0.25
a2f859f65852	0.535071696581807	0.6495717166950754	0.5951273785451796	0.5314684550550342	0.6932914056881766	0.01904761904761905	0.041666666666666664	1.0	0.4872331722265683	0	0.5
1ef73d2bef94	0.06620180705356699	0.0	0.31787696034860546	0.2643266520013773	0.36151425505743884	0.015748031496062992	0.02564102564102564	1.0	0.8218234495051137	0	0.03125
4d8a4a572925	0.0	0.0	0.16803434660440356	0.06222484992148576	0.24018487211551637	0.25	1.0	1.0	0.7199963091043476	0	0.037037037037037035
a6b6e3cf36a4	0.8821153743072894	1.0	1.0	1.0	0.07230285101148776	0.1111111111111111	0.023255813953488372	1.0	0.19792631395530566	0	1.0
3f40a1f5c949	0.0	0.0	0.0	0.0	0.0	0.019801980198019802	0.02127659574468085	1.0	0.4872331722265683	0	0.5
a312f3acff7a	0.3289807638935094	0.38951777658204884	0.5542295691533695	0.5542299305788331	0.0	0.3333333333333333	0.0625	1.0	1.0	1	1.0
4cf8ff9aab9c	0.47192182410496325	0.533276258703738	0.6368595633147563	0.5801957351541882	0.7332109040490599	0.3333333333333333	0.1	1.0	1.0	1	0.030303030303030304
7a6fa0f8e860	0.39877114937897573	0.4789069051958307	0.49030556541181364	0.422781507587797	0.5759489143235734	0.015748031496062992	0.03225806451612903	1.0	0.5173641628202729	0	0.037037037037037035
b3dcb286377d	0.11317273666594312	0.26816738584134553	0.4097480361401522	0.3572619215579765	0.4646372631196007	0.16666666666666666	0.021739130434782608	1.0	0.5528664994461185	0	1.0
95de34f35c9a	0.0	0.0	0.0	0.0	0.0	0.0	0.0	0.0	0.0	0	0.0
b516dee066b2	0.0	0.052289288211202906	0.24889923737319897	0.1921169119349664	0.289211404045951	0.01834862385321101	0.045454545454545456	1.0	0.46118286771036304	0	0.07692307692307693
8870deb3cd89	0.7204941074833855	0.7432839736633603	0.733626838882853	0.6902862430604149	0.8246626996296749	0.08333333333333333	0.03125	1.0	0.25561287290807744	0	0.5
713c95e8d8e4	0.06620180705356699	0.20755512910583993	0.38877609831478394	0.36295070573993404	0.382149649166184	0.015748031496062992	0.020833333333333332	1.0	0.8218234495051137	0	0.045454545454545456
2006fd7dc0fa	0.11317273666594312	0.19396770503618765	0.2834084229327595	0.2643266520013773	0.24018487211551637	0.015748031496062992	0.022727272727272728	1.0	0.8218234495051137	0	0.014705882352941176
bb276c9cffeb	0.2783406069239331	0.46910766745501303	0.5121861686322841	0.5093026398385373	0.31248772312700407	0.25	0.04	1.0	0.7199963091043476	0	1.0
dc3751f2a9bd	0.0	0.0	0.16084879876695327	0.0986240537385567	0.2029797646658978	0.015748031496062992	0.1111111111111111	1.0	0.8218234495051137	0	0.012048192771084338
cfe256cbaf70	0.17937454371951006	0.0	0.1530376635625889	0.12444969984297151	0.1446057020229755	0.015748031496062992	0.05	1.0	0.7199963091043476	0	0.012658227848101266
d0bc44447e65	0.5683951099433778	0.6874022177069344	0.6181220070797211	0.5580739452023848	0.7157517287076497	0.25	0.038461538461538464	1.0	0.3834903178250487	0	0.5
26b76d6dd17e	0.0	0.0	0.1530376635625889	0.12444969984297151	0.1446057020229755	0.1111111111111111	0.02631578947368421	1.0	0.7199963091043476	0	0.3333333333333333
f1871c539a47	0.06620180705356699	0.16155788157855885	0.4138604234160401	0.3740477138126567	0.44754196286794984	0.07692307692307693	0.023809523809523808	1.0	1.0	0	1.0
4eb20f0e3a98	0.0	0.0	0.03639918008035379	0.0	0.07230285101148776	0.25	0.08333333333333333	1.0	0.7199963091043476	0	0.06666666666666667
032c630a740d	0.0	0.0	0.12444961868659946	0.0986240537385567	0.11459730754843683	0.25	0.14285714285714285	1.0	0.7199963091043476	0	0.3333333333333333
afa073274618	0.7674650370957617	0.8441891019595081	0.8869796960717886	0.8733079103306942	0.8988138341905558	0.019801980198019802	0.019230769230769232	1.0	0.46118286771036304	0	1.0
c68289aa2a47	0.3675768451890223	0.41766402983178363	0.4267365599017862	0.36373474113755194	0.49763471496326106	0.07142857142857142	0.043478260869565216	1.0	1.0	0	0.05555555555555555
f15277be8b1c	0.41878888976937856	0.37274596226375134	0.5071164607072851	0.4413457486232843	0.5935668835808267	0.018018018018018018	0.030303030303030304	1.0	0.3424051496045322	0	0.3333333333333333
e482f2c5d40e	0.06620180705356699	0.11816600049205804	0.16084879876695327	0.12444969984297151	0.16788202110402858	0.08333333333333333	0.07142857142857142	1.0	0.6493531214089197	0	0.16666666666666666
eaf43055f658	0.8175600391483544	0.7015815654631168	0.7270539814176639	0.653475242730424	0.8565477037813019	0.058823529411764705	0.03571428571428571	1.0	0.4872331722265683	0	0.3333333333333333
fa691fec980b	0.0	0.08938912861378186	0.24889923737319897	0.2431056809714042	0.11459730754843683	0.25	0.02	1.0	0.7199963091043476	0	0.14285714285714285
b4085d2e2003	0.3289807638935094	0.4621350908775332	0.4700828509626587	0.4247809551034229	0.5226642007679817	0.1111111111111111	0.047619047619047616	1.0	0.6493531214089197	0	1.0
bbac3d3dec30	0.1496062201739993	0.3492335459308247	0.43731011071919407	0.422781507587797	0.3847905741384919	0.058823529411764705	0.025	1.0	0.26210166016146186	0	0.16666666666666666
313ca82fe335	0.0	0.0	0.0	0.0	0.0	0.0	0.0	0.0	0.0	0	0.0
61a028247a37	0.0	0.0	0.23691193412730824	0.18088083104991842	0.27528261567738554	0.015748031496062992	0.027777777777777776	1.0	0.8218234495051137	0	0.018518518518518517
fc2f87a798bb	0.11317273666594312	0.14167841682498472	0.26665833602805705	0.23691208862286453	0.25920300957141235	0.015748031496062992	0.2	1.0	0.5528664994461185	0	0.014084507042253521
801601ae75cc	0.0	0.052289288211202906	0.30382153283792823	0.2431056809714042	0.3547821796639532	0.015748031496062992	0.034482758620689655	1.0	0.8218234495051137	0	1.0
7012373d248c	0.1496062201739993	0.38951777658204884	0.4696040689005133	0.4676632944921593	0.22919461509687367	0.018018018018018018	0.09090909090909091	1.0	0.29209088984235726	0	0.25
6b904670d0c2	0.0	0.0	0.11246231544070878	0.036399203817070964	0.16788202110402858	0.25	0.5	1.0	0.7199963091043476	0	0.058823529411764705
dbf9595a813a	0.06620180705356699	0.08938912861378186	0.223073608110253	0.21925311390470442	0.07230285101148776	0.015748031496062992	0.058823529411764705	1.0	0.8218234495051137	0	0.5
b13c3c93d6ed	0.1496062201739993	0.17877825722756366	0.20670634235651703	0.17468723870137876	0.2029797646658978	0.016260162601626018	0.06666666666666667	1.0	0.6493531214089197	0	0.06666666666666667
c31b1a730e25	0.0	0.0	0.08225672366991757	0.06222484992148576	0.07230285101148776	0.08333333333333333	0.029411764705882353	1.0	0.7199963091043476	0	0.07692307692307693
