revisions	files	functions	lines	addLines	deleteLines	pos	time	rf	ibf	isComponent	distance
026eaa277727	0.0	0.08938912861378186	0.14448153301321734	0.1444816272328475	0.0	0.02631578947368421	0.005050505050505051	0.01694915254237288	0.8218234495051137	0	0.5
da95a1b91da7	0.7575202368179959	0.9333001968632375	0.9488005359155721	0.9488011546495635	0.0	0.030303030303030304	0.005813953488372093	0.01694915254237288	1.0	0	1.0
cc99b9e71af9	0.22634547333188618	0.32045667405254846	0.448606861145672	0.42196909043768166	0.4531065335726603	0.06451612903225806	0.007633587786259542	0.10169491525423728	0.8218234495051137	0	1.0
19edf36a6609	0.0	0.0	0.2460491115198026	0.15303776336186264	0.3175770722143346	0.025	0.0196078431372549	0.0847457627118644	0.8218234495051137	0	0.02631578947368421
ad556cb5835b	0.0	0.11816600049205804	0.19724797884730702	0.15303776336186264	0.21690855303446327	0.08333333333333333	0.009708737864077669	0.06779661016949153	1.0	0	0.014492753623188406
a6586684242f	0.0	0.0	0.06222480934329974	0.06222484992148576	0.0	0.03571428571428571	0.003194888178913738	0.01694915254237288	1.0	0	0.014925373134328358
acd7e75dd63e	0.0	0.29694425771962174	0.37264476285153675	0.3111242496074288	0.43381710606892654	0.06122448979591836	0.02631578947368421	0.3728813559322034	0.8218234495051137	0	1.0
ade58c61d69a	0.0	0.0	0.23364715892766083	0.18088083104991842	0.26755234161774716	0.029411764705882353	0.002717391304347826	0.01694915254237288	1.0	0	0.14285714285714285
2f93a97021f9	0.17937454371951006	0.11816600049205804	0.2711478426908739	0.2711480195124297	0.0	0.047619047619047616	0.0034965034965034965	0.11864406779661017	1.0	0	1.0
05bbc6538b65	0.20454330265592138	0.2759856130067989	0.32415724245907257	0.31251608341619624	0.24018487211551637	0.034482758620689655	0.0029239766081871343	0.11864406779661017	0.6493531214089197	0	0.125
2b43d87ca23d	0.0	0.11816600049205804	0.2192529709249519	0.21925311390470442	0.0	0.03571428571428571	0.0024813895781637717	0.01694915254237288	1.0	0	0.022222222222222223
a3d573b6ec44	0.558025038272938	0.563489468051885	0.5928454402247804	0.5675054331658533	0.6151378083066205	0.030201342281879193	0.003703703703703704	0.1694915254237288	0.8218234495051137	0	0.023809523809523808
0a5c9092b3c6	0.0	0.052289288211202906	0.346583203298102	0.285298603503014	0.4038087115943879	0.030211480362537763	0.0029585798816568047	0.1864406779661017	0.6493531214089197	0	0.3333333333333333
88cc3ef70fd3	0.0	0.0	0.0	0.0	0.0	0.0	0.0	0.0	0.0	0	0.0
576888cf33f3	0.0	0.0	0.06222480934329974	0.036399203817070964	0.07230285101148776	0.03571428571428571	0.0024449877750611247	0.01694915254237288	1.0	0	0.1111111111111111
fcb88996f339	0.0	0.0	0.14448153301321734	0.0986240537385567	0.16788202110402858	0.2	0.00196078431372549	0.03389830508474576	0.8218234495051137	0	0.16666666666666666
52cb3b8b05b0	0.11317273666594312	0.16155788157855885	0.223073608110253	0.21925311390470442	0.07230285101148776	0.14285714285714285	0.004975124378109453	0.4915254237288136	1.0	0	0.05263157894736842
023fd982bef6	0.06620180705356699	0.08938912861378186	0.1866744280298992	0.1350232575556277	0.21690855303446327	0.023809523809523808	0.004132231404958678	0.0847457627118644	0.8218234495051137	0	0.5
f8f6a08506d6	0.0	0.0	0.1808807130935711	0.1350232575556277	0.2029797646658978	0.0967741935483871	0.0029069767441860465	0.10169491525423728	0.8218234495051137	0	0.5
8e0f33f0ae33	0.0	0.11816600049205804	0.1350231695040073	0.1350232575556277	0.0	0.037037037037037035	0.002257336343115124	0.11864406779661017	0.7199963091043476	0	0.25
a79d00ffbaa5	0.22634547333188618	0.32045667405254846	0.4138604234160401	0.3961434443332668	0.37665833054636344	0.03225806451612903	0.003067484662576687	0.01694915254237288	1.0	0	1.0
7e803ef7c42f	0.11317273666594312	0.14167841682498472	0.39449595769461404	0.28896325446569493	0.4931183833911885	0.023622047244094488	0.0031746031746031746	0.06779661016949153	0.8218234495051137	0	0.25
1f70f13bd8f8	0.0	0.14167841682498472	0.34563323227605924	0.29248415602632033	0.392334412108113	0.043478260869565216	0.00819672131147541	0.03389830508474576	0.7199963091043476	0	1.0
f64ab851da28	0.45771515064344315	0.4865399761879694	0.6278553215660712	0.6278145419776997	0.07230285101148776	0.3333333333333333	0.002347417840375587	0.01694915254237288	0.8218234495051137	0	1.0
8611b33dec97	0.0	0.052289288211202906	0.2460491115198026	0.24006228842175747	0.11459730754843683	0.14285714285714285	0.0019455252918287938	0.01694915254237288	1.0	0	0.14285714285714285
334514863909	0.24557635077307707	0.25094701019234067	0.4348695721948365	0.41948677147946223	0.3873662843761989	0.03571428571428571	0.0022026431718061676	0.11864406779661017	0.6493531214089197	0	0.5
90273fe86721	0.1496062201739993	0.17877825722756366	0.4267365599017862	0.4223762180398009	0.25920300957141235	0.02564102564102564	0.001976284584980237	0.0847457627118644	0.8218234495051137	0	0.01098901098901099
0e220f80bad0	0.43088877598780756	0.44075431402818516	0.5455985978961536	0.5437264794549814	0.3071372701121112	0.125	0.001949317738791423	0.01694915254237288	1.0	0	0.05555555555555555
c640c03cd0e1	0.0	0.0	0.30971029428801583	0.2643266520013773	0.3398551926292349	0.14285714285714285	0.0019880715705765406	0.01694915254237288	1.0	0	0.005050505050505051
6ee61ec4dd99	0.11317273666594312	0.3956599494367154	0.4097480361401522	0.34937447740275757	0.47501929121613984	0.037037037037037035	0.005154639175257732	0.01694915254237288	1.0	0	0.2
031fa0b2a528	0.0	0.0	0.11246231544070878	0.0822567773113617	0.11459730754843683	0.03333333333333333	0.0027624309392265192	0.01694915254237288	1.0	0	0.007633587786259542
b646944ab9f8	0.06620180705356699	0.21984644927517105	0.3613615528139077	0.3446733257124728	0.31248772312700407	0.07352941176470588	0.003134796238244514	0.11864406779661017	1.0	0	0.5
bb5436a892c1	0.0	0.0	0.0	0.0	0.0	0.0	0.0	0.0	0.0	0	0.0
a26d84ead33a	0.06620180705356699	0.0	0.23364715892766083	0.1972481074771134	0.24018487211551637	0.020833333333333332	0.027777777777777776	0.01694915254237288	1.0	0	0.014084507042253521
d860d9a66209	0.11317273666594312	0.20755512910583993	0.23691193412730824	0.21108644251844974	0.21690855303446327	0.1111111111111111	0.1	0.06779661016949153	0.8218234495051137	0	0.5
17b41e676e3e	0.06620180705356699	0.11816600049205804	0.30681419075174	0.27748746320483414	0.30149746610836137	0.025	0.002136752136752137	0.0847457627118644	0.8218234495051137	0	1.0
b35182d2ad34	0.4625893557646523	0.4789069051958307	0.5498215486912843	0.5072747008297303	0.6098476680801073	0.037037037037037035	0.002702702702702703	0.01694915254237288	1.0	0	0.047619047619047616
03499953d062	0.0	0.0	0.1350231695040073	0.0822567773113617	0.16788202110402858	0.06451612903225806	0.0038314176245210726	0.10169491525423728	1.0	0	0.25
c98553e7174a	0.0	0.17877825722756366	0.4352223090881957	0.40445193483653896	0.45036134975649394	0.14285714285714285	0.0021008403361344537	0.01694915254237288	1.0	0	0.16666666666666666
f0b4287e3b99	0.0	0.052289288211202906	0.20210167028488468	0.16803445618334878	0.2029797646658978	0.03571428571428571	0.00267379679144385	0.01694915254237288	1.0	0	1.0
99cabc2e733a	0.20454330265592138	0.3092355778889529	0.35809677761426034	0.343702813747676	0.29553521682591577	0.02631578947368421	0.004694835680751174	0.0847457627118644	0.7199963091043476	0	0.16666666666666666
c450475c7bd4	0.0	0.16155788157855885	0.33553592355096173	0.2907409656735231	0.3678380678374035	0.05806451612903226	0.008849557522123894	0.3728813559322034	0.7199963091043476	0	1.0
5214b7ce4bf6	0.0	0.0	0.0	0.0	0.0	0.0	0.0	0.0	0.0	0	0.0
2bdc0712b6f7	0.0	0.08938912861378186	0.1530376635625889	0.12444969984297151	0.1446057020229755	0.03333333333333333	0.011235955056179775	0.01694915254237288	1.0	0	0.5
a15dd771a170	0.06620180705356699	0.32572112959789795	0.39559746137747337	0.3922518109932715	0.2029797646658978	0.06451612903225806	0.01818181818181818	0.10169491525423728	1.0	0	0.14285714285714285
a42de38c7be3	0.20454330265592138	0.2903294102274493	0.39559746137747337	0.3229360542951501	0.4716721281729999	0.3333333333333333	0.003861003861003861	1.0	0.8218234495051137	1	0.058823529411764705
843eb014e939	0.11317273666594312	0.35346216255331403	0.48337378855285384	0.43731039589887094	0.5393381729527135	0.058823529411764705	0.004784688995215311	0.3728813559322034	0.8218234495051137	0	0.3333333333333333
03bdc8339349	0.0	0.08938912861378186	0.2754234804643054	0.23025930610483455	0.30149746610836137	0.1111111111111111	0.005780346820809248	0.15254237288135594	1.0	0	1.0
5118caf1541c	0.0	0.14167841682498472	0.2192529709249519	0.1921169119349664	0.2029797646658978	0.05555555555555555	0.0041841004184100415	0.3728813559322034	0.8218234495051137	0	0.047619047619047616
c0b463f39cfa	0.0	0.0	0.08225672366991757	0.06222484992148576	0.07230285101148776	0.03333333333333333	0.0033112582781456954	0.01694915254237288	1.0	0	0.034482758620689655
6de6a74783af	0.20454330265592138	0.20755512910583993	0.32772478834659746	0.29587216121567017	0.3315058605829001	0.16666666666666666	0.0020325203252032522	0.01694915254237288	1.0	0	0.07142857142857142
909805c2e1b0	0.0	0.0	0.14448153301321734	0.11246238877989302	0.1446057020229755	0.0967741935483871	0.002890173410404624	0.10169491525423728	0.8218234495051137	0	1.0
ce0fb999ecba	0.1496062201739993	0.26816738584134553	0.49936277921615213	0.49549000887250955	0.32706642615002435	0.02564102564102564	0.002012072434607646	0.0847457627118644	0.8218234495051137	0	0.012987012987012988
a41cd89cf60e	0.7696764534651195	0.5393224246657808	0.8121354248429099	0.6369344468851811	1.0	0.020833333333333332	0.0078125	0.01694915254237288	0.8218234495051137	0	0.043478260869565216
79a900d67b0b	0.20454330265592138	0.14167841682498472	0.2689311516998168	0.23691208862286453	0.26755234161774716	0.023622047244094488	0.017241379310344827	0.06779661016949153	0.7199963091043476	0	0.09090909090909091
f7e9a6739560	0.22634547333188618	0.32045667405254846	0.40445167108458346	0.36528256366046225	0.4354343627217757	0.02631578947368421	0.011904761904761904	0.03389830508474576	0.5528664994461185	0	1.0
87f08c61d05b	0.0	0.0	0.16803434660440356	0.1444816272328475	0.1446057020229755	0.02631578947368421	0.002074688796680498	0.0847457627118644	0.8218234495051137	0	0.06666666666666667
ae472cfe5fe0	0.06620180705356699	0.052289288211202906	0.1350231695040073	0.0822567773113617	0.16788202110402858	0.02564102564102564	0.00199203187250996	0.0847457627118644	0.8218234495051137	0	0.02702702702702703
43637a4f77b1	0.2783406069239331	0.052289288211202906	0.37812869194087817	0.3781289385270319	0.0	0.14285714285714285	0.006944444444444444	0.01694915254237288	1.0	0	0.012345679012345678
211e0935f866	0.06620180705356699	0.16155788157855885	0.3869865754596095	0.34937447740275757	0.4121580436407227	0.14285714285714285	0.002028397565922921	0.01694915254237288	1.0	0	0.019230769230769232
74af912aa063	0.11317273666594312	0.25094701019234067	0.3807499416331062	0.3781289385270319	0.16788202110402858	0.16666666666666666	0.0045045045045045045	0.3220338983050848	1.0	0	0.015873015873015872
bd6b2c35cf80	0.3839178463754314	0.5144243790887361	0.5819291191403806	0.5763324617117263	0.4570934251499796	0.06153846153846154	0.002976190476190476	0.5254237288135594	0.8218234495051137	0	1.0
c8dba40d8480	0.06620180705356699	0.14167841682498472	0.21526247290588865	0.16084890366004248	0.2501267689067625	0.0967741935483871	0.0028735632183908046	0.10169491525423728	0.8218234495051137	0	0.5
57286122769d	0.17937454371951006	0.2310675454387666	0.36977183211452735	0.36528256366046225	0.2029797646658978	0.030303030303030304	0.030303030303030304	0.01694915254237288	1.0	0	0.25
5398397a2441	0.0	0.08938912861378186	0.09862398942365351	0.0986240537385567	0.0	0.044444444444444446	0.043478260869565216	0.28813559322033894	1.0	0	0.3333333333333333
7d2bcc8d9eb7	0.26277895683994246	0.25094701019234067	0.41606622047784897	0.4160664918039112	0.0	0.037037037037037035	0.0035587188612099642	0.01694915254237288	1.0	0	1.0
835bcb04ab2b	0.06620180705356699	0.17877825722756366	0.240062131871887	0.22307375358152826	0.1869001585599246	0.04	0.015384615384615385	0.03389830508474576	1.0	0	1.0
996f7c69eeec	0.06620180705356699	0.11816600049205804	0.27748728224918834	0.2754236600741	0.07230285101148776	0.025	0.005681818181818182	0.0847457627118644	0.8218234495051137	0	0.09090909090909091
18191cbac7cc	0.0	0.0	0.08225672366991757	0.0822567773113617	0.0	0.037037037037037035	0.07692307692307693	0.03389830508474576	0.7199963091043476	0	0.14285714285714285
b6f5629b3134	0.11317273666594312	0.14167841682498472	0.2302591559477033	0.11246238877989302	0.31248772312700407	0.08333333333333333	0.015151515151515152	0.06779661016949153	0.8218234495051137	0	0.005917159763313609
a015bc04abcd	0.06620180705356699	0.25094701019234067	0.3922515551972836	0.3719353461784922	0.3647240764551993	0.16666666666666666	0.002178649237472767	0.01694915254237288	1.0	0	1.0
c27b45eb0cd0	0.0	0.19396770503618765	0.38329681951029215	0.3355361423614212	0.4270850306754409	0.125	0.014925373134328358	0.01694915254237288	1.0	0	0.0196078431372549
b309293e86b8	0.26277895683994246	0.3149681328686091	0.5435156407876388	0.49181786164808966	0.617964836744166	0.14285714285714285	0.0024630541871921183	0.01694915254237288	1.0	0	0.014084507042253521
fc946e8c34d2	0.26277895683994246	0.2598444173170428	0.2975191965758062	0.2814779638261902	0.24018487211551637	0.029411764705882353	0.006578947368421052	0.01694915254237288	1.0	0	0.09090909090909091
2329c1cf663c	0.7185029395624528	0.7570939017138881	0.7692877838963705	0.7667827115213957	0.5917898224658975	0.05263157894736842	0.003003003003003003	0.1694915254237288	1.0	0	1.0
d4ebb9df8fcb	0.11317273666594312	0.2413899532786789	0.38392240687720625	0.3826670915662682	0.11459730754843683	0.1111111111111111	0.002173913043478261	0.01694915254237288	1.0	0	0.018867924528301886
3d3c7e2888d4	0.1496062201739993	0.3032362984035436	0.52976507645893	0.3253624582827659	0.6767365779648234	0.1111111111111111	0.005988023952095809	0.3389830508474576	1.0	0	1.0
52dd6d5872a4	0.0	0.0	0.1350231695040073	0.1350232575556277	0.0	0.037037037037037035	0.0025974025974025974	0.01694915254237288	1.0	0	0.007575757575757576
0e9d6908ecc6	0.20454330265592138	0.32045667405254846	0.492378030301539	0.49237835139223446	0.0	0.041666666666666664	0.002398081534772182	0.03389830508474576	0.7199963091043476	0	0.14285714285714285
4913543cffb9	0.0	0.11816600049205804	0.2689311516998168	0.24006228842175747	0.25920300957141235	0.08333333333333333	0.015625	0.0847457627118644	1.0	0	1.0
faaaa849228c	0.0	0.0	0.1530376635625889	0.1444816272328475	0.07230285101148776	0.03125	0.003816793893129771	0.01694915254237288	1.0	0	1.0
7f692a2a2dbe	0.0	0.08938912861378186	0.2795047025172246	0.27748746320483414	0.07230285101148776	0.02564102564102564	0.002036659877800407	0.0847457627118644	0.8218234495051137	0	0.015151515151515152
d71c809a774e	0.06620180705356699	0.16155788157855885	0.26665833602805705	0.24889939968594305	0.21690855303446327	0.125	0.002	0.01694915254237288	1.0	0	0.02857142857142857
06837c765389	0.06620180705356699	0.2759856130067989	0.4039543212038241	0.372645005861498	0.41609477365679826	0.03225806451612903	0.003401360544217687	0.01694915254237288	1.0	0	0.047619047619047616
4c8b2e081042	0.45771515064344315	0.41250489177089955	0.5094564217813707	0.45100120176583464	0.5877703388043897	0.1111111111111111	0.008130081300813009	0.01694915254237288	0.8218234495051137	1	1.0
5c46ac8790a5	0.20454330265592138	0.3492335459308247	0.3511878753697344	0.3229360542951501	0.3475854666888733	0.029411764705882353	0.0029411764705882353	0.01694915254237288	0.7199963091043476	0	0.14285714285714285
d0216ad21b66	0.1496062201739993	0.26816738584134553	0.3807499416331062	0.3572619215579765	0.3647240764551993	0.025	0.25	0.03389830508474576	0.7199963091043476	0	1.0
b6a7e9013f33	0.0	0.08938912861378186	0.20210167028488468	0.1972481074771134	0.07230285101148776	0.02631578947368421	0.022727272727272728	0.0847457627118644	0.8218234495051137	0	0.5
3245b5d3c9f9	0.2925472803854532	0.3448615593629846	0.48837906607566417	0.4429750398501211	0.5439749791844877	0.04938271604938271	0.017543859649122806	0.0847457627118644	0.8218234495051137	0	0.0625
7611611bf317	0.06620180705356699	0.0	0.1350231695040073	0.11246238877989302	0.11459730754843683	0.14285714285714285	0.04	0.01694915254237288	1.0	0	0.015625
25b7ec83be0c	0.31771603932186443	0.4250352504749542	0.4641617102790876	0.45188276186875476	0.3993692771615121	0.03333333333333333	0.011363636363636364	0.01694915254237288	0.7199963091043476	0	0.5
2ac979e39943	0.1496062201739993	0.38951777658204884	0.4626183240030097	0.4383363668648766	0.4609335261970364	0.05263157894736842	0.003205128205128205	0.1694915254237288	1.0	0	1.0
bef1adc66208	0.2783406069239331	0.29694425771962174	0.41906602210103944	0.40445193483653896	0.3647240764551993	0.034482758620689655	0.0035211267605633804	0.01694915254237288	1.0	0	0.3333333333333333
0e5127b55d49	0.0	0.08938912861378186	0.20670634235651703	0.2067064771543332	0.0	0.125	0.012195121951219513	0.01694915254237288	1.0	0	0.2
5974ae0e053b	0.1496062201739993	0.33077908189246075	0.30681419075174	0.2754236600741	0.3071372701121112	0.041791044776119404	0.0058823529411764705	0.5932203389830508	0.7199963091043476	0	0.5
acef0e51c611	0.0	0.052289288211202906	0.24889923737319897	0.2067064771543332	0.26755234161774716	0.034482758620689655	0.00211864406779661	0.11864406779661017	0.7199963091043476	0	0.05263157894736842
80bc940b21ca	0.24557635077307707	0.3403361388061225	0.4623584933618228	0.45419212348985394	0.35820251771156464	0.038461538461538464	0.0037313432835820895	0.01694915254237288	1.0	0	0.1111111111111111
37b047d7ffa2	0.06620180705356699	0.3830683701036636	0.4620979084942046	0.4319969231724721	0.4793213840036361	0.027777777777777776	0.006097560975609756	0.01694915254237288	0.7199963091043476	0	0.06666666666666667
fac0b2f49667	0.06620180705356699	0.052289288211202906	0.2460491115198026	0.22307375358152826	0.21690855303446327	0.02631578947368421	0.0027472527472527475	0.0847457627118644	0.8218234495051137	0	1.0
4a0d85db880a	0.20454330265592138	0.32045667405254846	0.35556783787757956	0.3053305308928899	0.3993692771615121	0.05	0.005291005291005291	0.03389830508474576	1.0	0	0.5
ea05ccd59c94	0.0	0.0	0.21526247290588865	0.21526261328334842	0.0	0.08333333333333333	0.005025125628140704	0.06779661016949153	1.0	0	0.125
8673c39121aa	0.0	0.11816600049205804	0.2569438484539261	0.21925311390470442	0.26755234161774716	0.037037037037037035	0.0026455026455026454	0.01694915254237288	1.0	0	0.007633587786259542
df63ce0e8f78	0.24557635077307707	0.4320078270524341	0.56455340792142	0.5389778421870743	0.5832012449830403	0.04	0.0035971223021582736	0.01694915254237288	0.8218234495051137	0	0.2
4a6f9a7c6453	0.11317273666594312	0.052289288211202906	0.31787696034860546	0.2666585099219055	0.35820251771156464	0.025	0.017857142857142856	0.0847457627118644	0.8218234495051137	0	0.05555555555555555
ad8247b207ea	0.06620180705356699	0.14167841682498472	0.36528232545171063	0.3229360542951501	0.3970766362009022	0.02564102564102564	0.007462686567164179	0.0847457627118644	0.8218234495051137	0	0.05263157894736842
28c59ca96bd2	0.31771603932186443	0.3615248661001558	0.537750018927384	0.5055222293725152	0.5725563888250127	0.034482758620689655	0.00980392156862745	0.03389830508474576	1.0	0	0.3333333333333333
7620cf8ef36f	0.3675768451890223	0.43862267454460646	0.4841936246057054	0.4120561806379748	0.5734149201290525	0.1270718232044199	0.0022988505747126436	0.7627118644067796	0.6493531214089197	0	1.0
512c70ac8e6f	0.06620180705356699	0.3356461218611724	0.2619324331157728	0.2067064771543332	0.30149746610836137	0.027777777777777776	0.0038910505836575876	0.01694915254237288	0.7199963091043476	0	1.0
7595501099cc	0.0	0.28335683364996944	0.32772478834659746	0.2795048847884751	0.3647240764551993	0.042801556420233464	0.003257328990228013	0.5423728813559322	0.7199963091043476	0	0.034482758620689655
ab3f1675170e	0.0	0.0	0.2941939488754821	0.2754236600741	0.2501267689067625	0.14285714285714285	0.0019801980198019802	0.01694915254237288	1.0	0	0.020833333333333332
c8196ea006dc	0.0	0.14167841682498472	0.1746871247840085	0.11246238877989302	0.21690855303446327	0.03225806451612903	0.006896551724137931	0.11864406779661017	0.6493531214089197	0	0.1
cd31063e2325	0.0	0.16155788157855885	0.14448153301321734	0.12444969984297151	0.11459730754843683	0.038461538461538464	0.058823529411764705	0.03389830508474576	0.6493531214089197	0	0.0625
1801b4eb4bb3	0.0	0.0	0.09862398942365351	0.0986240537385567	0.0	0.030303030303030304	0.038461538461538464	0.01694915254237288	1.0	0	0.023809523809523808
f4860feb0cb2	0.0	0.08938912861378186	0.25434159599462464	0.24889939968594305	0.11459730754843683	0.05844155844155844	0.02127659574468085	0.3728813559322034	0.8218234495051137	0	0.5
c4004ea3687f	0.41238517701394173	0.3356461218611724	0.30681419075174	0.24604927197391604	0.35820251771156464	0.037037037037037035	0.002617801047120419	0.01694915254237288	1.0	0	0.017543859649122806
a54bc24dcb81	0.7754311899653076	0.8450196245244627	0.836064422993992	0.8255647794665045	0.8139412359687405	0.0625	0.0034602076124567475	0.11864406779661017	1.0	0	1.0
5726fc2b5d68	0.11317273666594312	0.17877825722756366	0.41205591192712415	0.4106785860999806	0.1446057020229755	0.038461538461538464	0.005	0.01694915254237288	1.0	0	0.02857142857142857
1c486e93c243	0.0	0.11816600049205804	0.23691193412730824	0.1444816272328475	0.3071372701121112	0.042801556420233464	0.003076923076923077	0.5423728813559322	0.7199963091043476	0	0.03571428571428571
f1dafc439473	0.0	0.11816600049205804	0.16084879876695327	0.1350232575556277	0.1446057020229755	0.08333333333333333	0.0049504950495049506	0.06779661016949153	1.0	0	0.038461538461538464
f1d579860625	0.1496062201739993	0.3653747416205808	0.382032412356413	0.37334909952891454	0.27528261567738554	0.02857142857142857	0.0035714285714285713	0.01694915254237288	0.7199963091043476	0	1.0
6acb9b814ba8	0.0	0.0	0.0	0.0	0.0	0.025	0.08333333333333333	0.0847457627118644	0.8218234495051137	0	0.0625
2c9472137fd4	0.1496062201739993	0.3956599494367154	0.46617913054712384	0.4251755556614198	0.5101170347780091	0.038461538461538464	0.09090909090909091	0.03389830508474576	0.5528664994461185	0	0.5
a6ac76024ffb	0.0	0.052289288211202906	0.14448153301321734	0.12444969984297151	0.11459730754843683	0.029900332225913623	0.0033333333333333335	0.1694915254237288	0.8218234495051137	0	0.017241379310344827
967be6917cb8	0.0	0.0	0.06222480934329974	0.036399203817070964	0.07230285101148776	0.02857142857142857	0.007575757575757576	0.01694915254237288	0.7199963091043476	0	0.14285714285714285
67d15b90b5b1	0.17937454371951006	0.41250489177089955	0.4771949060216614	0.44707778991705155	0.4967469567146208	0.059602649006622516	0.004545454545454545	0.3728813559322034	0.8218234495051137	0	0.25
58459ad57487	0.0	0.0	0.03639918008035379	0.0	0.07230285101148776	0.025	0.02040816326530612	0.0847457627118644	0.8218234495051137	0	0.018518518518518517
324ace413314	0.0	0.29694425771962174	0.346583203298102	0.2975193905947101	0.3873662843761989	0.03571428571428571	0.00392156862745098	0.11864406779661017	0.7199963091043476	0	0.3333333333333333
b1edd51d7189	0.0	0.3653747416205808	0.40785804161935896	0.3597442405161959	0.45578132024453394	0.059602649006622516	0.009259259259259259	0.3728813559322034	0.8218234495051137	0	0.5
f2258c95c059	0.0	0.0	0.03639918008035379	0.0	0.07230285101148776	0.039301310043668124	0.002857142857142857	0.3050847457627119	0.26895695005899506	0	0.047619047619047616
cb10f99b4cd6	0.1496062201739993	0.11816600049205804	0.20670634235651703	0.12444969984297151	0.26755234161774716	0.025	0.024390243902439025	0.03389830508474576	0.7199963091043476	0	0.3333333333333333
221055136cad	0.0	0.19396770503618765	0.25434159599462464	0.22307375358152826	0.2501267689067625	0.030211480362537763	0.0030211480362537764	0.1864406779661017	0.6493531214089197	0	0.023809523809523808
1681e9bf49ea	0.06620180705356699	0.3403361388061225	0.35726168857966106	0.30072585581844824	0.41013252437435255	0.038461538461538464	0.013157894736842105	0.03389830508474576	0.5528664994461185	0	1.0
162a51b9a5ba	0.5553262372253955	0.6435724372096662	0.5948304168987303	0.4808686904903751	0.7291603983428209	0.027777777777777776	0.0036900369003690036	0.0847457627118644	1.0	0	1.0
5cf08a0df992	0.22634547333188618	0.3797185388412312	0.49936277921615213	0.46261862568673695	0.5393381729527135	0.125	0.03125	0.01694915254237288	1.0	0	0.02564102564102564
e75994a28494	0.0	0.14167841682498472	0.2689311516998168	0.17468723870137876	0.34379192264531044	0.05555555555555555	0.002457002457002457	0.3728813559322034	0.8218234495051137	0	0.022222222222222223
4cfc0b34e9a5	0.11317273666594312	0.21984644927517105	0.3311559610431165	0.30072585581844824	0.3315058605829001	0.08333333333333333	0.009174311926605505	0.06779661016949153	1.0	0	0.007142857142857143
55a08562c708	0.0	0.052289288211202906	0.16803434660440356	0.16803445618334878	0.0	0.037037037037037035	0.004651162790697674	0.01694915254237288	1.0	0	0.012195121951219513
da4080f9a31b	0.17937454371951006	0.3032362984035436	0.37812869194087817	0.3712200317770567	0.2501267689067625	0.034482758620689655	0.023255813953488372	0.03389830508474576	0.6493531214089197	0	0.5
5c35903bcc09	0.22634547333188618	0.35346216255331403	0.45070512016195324	0.4134129543086664	0.4844608946522104	0.05555555555555555	0.0026595744680851063	0.3728813559322034	0.8218234495051137	0	0.03333333333333333
379a8a8449e1	0.0	0.0	0.0	0.0	0.0	0.030303030303030304	0.004016064257028112	0.01694915254237288	1.0	0	0.5
0ebd36e78171	0.11317273666594312	0.16155788157855885	0.2689311516998168	0.22307375358152826	0.29553521682591577	0.05357142857142857	0.041666666666666664	0.3728813559322034	0.7199963091043476	0	0.03333333333333333
e4be8ab3f5f0	0.06620180705356699	0.0	0.08225672366991757	0.0822567773113617	0.0	0.02564102564102564	0.0020408163265306124	0.0847457627118644	0.8218234495051137	0	0.010416666666666666
8fa97f174112	0.0	0.0	0.1530376635625889	0.0986240537385567	0.1869001585599246	0.037037037037037035	0.005405405405405406	0.01694915254237288	1.0	0	0.00558659217877095
d281dd605e9f	0.11317273666594312	0.17877825722756366	0.23691193412730824	0.2067064771543332	0.22919461509687367	0.03333333333333333	0.0028089887640449437	0.01694915254237288	0.7199963091043476	0	0.024390243902439025
1a2675ebc8be	0.0	0.11816600049205804	0.1350231695040073	0.0822567773113617	0.16788202110402858	0.034482758620689655	0.0125	0.11864406779661017	0.7199963091043476	0	0.034482758620689655
bf61423c255b	0.1496062201739993	0.08938912861378186	0.16803434660440356	0.15303776336186264	0.11459730754843683	0.125	0.0019569471624266144	0.01694915254237288	1.0	0	0.047619047619047616
728d99a4489b	0.11317273666594312	0.17877825722756366	0.2619324331157728	0.21108644251844974	0.29553521682591577	0.029411764705882353	0.004273504273504274	0.01694915254237288	1.0	0	0.5
4f5bd7469d77	0.20454330265592138	0.29694425771962174	0.4512957237649573	0.4507054140768145	0.11459730754843683	0.0223463687150838	0.002380952380952381	0.0847457627118644	0.7199963091043476	0	0.3333333333333333
78cd75aa86db	0.24557635077307707	0.29694425771962174	0.46692412589213106	0.46517639079491796	0.21690855303446327	0.04	0.0020833333333333333	0.01694915254237288	1.0	0	1.0
5dbf9d40986c	0.3289807638935094	0.2598444173170428	0.35892416986625436	0.34272169488472753	0.3071372701121112	0.1111111111111111	0.125	0.01694915254237288	1.0	0	0.02
f2df61d7f8f5	0.22634547333188618	0.33077908189246075	0.4965626637515171	0.45447666091475725	0.5473221422276275	0.03125	0.0025575447570332483	0.0847457627118644	0.8218234495051137	0	1.0
c72c80597b03	0.45269094666377246	0.3032362984035436	0.35809677761426034	0.2795048847884751	0.43381710606892654	0.037037037037037035	0.002688172043010753	0.01694915254237288	1.0	0	0.041666666666666664
db5973aae5f6	0.06620180705356699	0.052289288211202906	0.21526247290588865	0.18667454976445727	0.2029797646658978	0.08333333333333333	0.005263157894736842	0.15254237288135594	1.0	0	0.14285714285714285
2950200d2578	0.0	0.2598444173170428	0.37193510363131554	0.35296581559500884	0.33576404220805717	0.043478260869565216	0.002777777777777778	0.03389830508474576	0.6493531214089197	0	1.0
b0f95dc5d43a	0.06620180705356699	0.2310675454387666	0.2889630660264346	0.2643266520013773	0.26755234161774716	0.03571428571428571	0.002570694087403599	0.01694915254237288	1.0	0	1.0
7177f670bfa4	0.4249508944925871	0.37627936829392306	0.41948649792296083	0.3344610219376306	0.5093297784781747	0.03225806451612903	0.003745318352059925	0.01694915254237288	1.0	0	0.006060606060606061
a62fd5de91d6	0.2783406069239331	0.28335683364996944	0.4455216288535919	0.42318497560358853	0.43381710606892654	0.2	0.0019646365422396855	0.03389830508474576	0.8218234495051137	0	0.5
f2a0a4315195	0.5440615126537508	0.5269326231991397	0.5256181432578809	0.47008315751417046	0.602672486938027	0.034482758620689655	0.002770083102493075	0.01694915254237288	0.5957432788344933	0	1.0
a6b6e3cf36a4	0.8821153743072894	1.0	1.0	1.0	0.07230285101148776	0.05803571428571429	0.0021231422505307855	0.38983050847457623	0.19792631395530566	0	1.0
c173571f8b75	0.11317273666594312	0.11816600049205804	0.2941939488754821	0.2814779638261902	0.21690855303446327	0.03571428571428571	0.004739336492890996	0.01694915254237288	1.0	0	0.038461538461538464
9ce0e4739d54	0.06620180705356699	0.16155788157855885	0.23364715892766083	0.1972481074771134	0.24018487211551637	0.0967741935483871	0.002849002849002849	0.10169491525423728	0.8218234495051137	0	0.25
5b11c38cbf7d	0.0	0.17877825722756366	0.25166165298624243	0.17468723870137876	0.31248772312700407	0.06944444444444445	0.03225806451612903	0.11864406779661017	1.0	0	0.3333333333333333
a9e8ba8ee474	0.0	0.0	0.08225672366991757	0.036399203817070964	0.11459730754843683	0.02631578947368421	0.007692307692307693	0.0847457627118644	0.8218234495051137	0	0.25
95518ea0e56a	0.24557635077307707	0.33077908189246075	0.4106783182874895	0.36136178846583605	0.4609335261970364	0.025	0.0037174721189591076	0.01694915254237288	1.0	0	0.5
84eb31d22fe8	0.1496062201739993	0.2598444173170428	0.48798875492228544	0.38139371585571197	0.6016991271729552	0.03571428571428571	0.0031847133757961785	0.01694915254237288	1.0	0	0.09090909090909091
7a6fa0f8e860	0.39877114937897573	0.4789069051958307	0.49030556541181364	0.422781507587797	0.5759489143235734	0.034482758620689655	0.002304147465437788	0.11864406779661017	0.5173641628202729	0	0.14285714285714285
64da651953bd	0.17937454371951006	0.4621350908775332	0.49797363855584525	0.4977987993718861	0.07230285101148776	0.0625	0.004149377593360996	0.03389830508474576	1.0	0	1.0
e7fadc2d4141	0.20454330265592138	0.3032362984035436	0.4693637168858254	0.46839612698954314	0.16788202110402858	0.022556390977443608	0.010309278350515464	0.06779661016949153	0.8218234495051137	0	1.0
fef93294381a	0.4057200170513963	0.4894710399154403	0.5215399121401386	0.49549000887250955	0.5351046832354943	0.05844155844155844	0.0026041666666666665	0.3728813559322034	0.8218234495051137	0	1.0
83765496c92d	0.06620180705356699	0.14167841682498472	0.35384141113454926	0.35384164188242545	0.0	0.034482758620689655	0.0028169014084507044	0.01694915254237288	1.0	0	0.01694915254237288
fc92d609f635	0.06620180705356699	0.08938912861378186	0.1808807130935711	0.16803445618334878	0.11459730754843683	0.025	0.002183406113537118	0.0847457627118644	0.8218234495051137	0	0.1
423080123a29	0.5440615126537508	0.5995649881164022	0.5600232840896977	0.4850063575092828	0.6639132908629342	0.25	0.004608294930875576	1.0	0.6493531214089197	1	0.058823529411764705
7aa22484bff8	0.0	0.14167841682498472	0.30827392086310235	0.2569440160127405	0.3475854666888733	0.0625	0.009900990099009901	0.05084745762711864	1.0	0	1.0
a63fd4f1343e	0.0	0.0	0.03639918008035379	0.0	0.07230285101148776	0.08333333333333333	0.010101010101010102	0.06779661016949153	1.0	0	0.005208333333333333
0001727ebffd	0.0	0.11816600049205804	0.20210167028488468	0.16803445618334878	0.2029797646658978	0.030303030303030304	0.007518796992481203	0.01694915254237288	1.0	0	0.14285714285714285
48990a506698	0.17937454371951006	0.17877825722756366	0.539198875342495	0.45672106487571257	0.6459313044077319	0.14285714285714285	0.0025906735751295338	0.01694915254237288	1.0	0	0.5
229574f9cc1b	0.0	0.0	0.03639918008035379	0.0	0.07230285101148776	0.1111111111111111	0.008	0.06779661016949153	0.8218234495051137	0	0.058823529411764705
076fb84dcbd9	0.11317273666594312	0.2759856130067989	0.2852984174535528	0.23691208862286453	0.3175770722143346	0.05555555555555555	0.0030864197530864196	0.3728813559322034	0.8218234495051137	0	0.5
ebfeef4aeab7	0.0	0.16155788157855885	0.1530376635625889	0.0986240537385567	0.1869001585599246	0.041666666666666664	0.0032679738562091504	0.03389830508474576	1.0	0	0.09090909090909091
9cd2476c33e0	0.1496062201739993	0.17877825722756366	0.2834084229327595	0.25947295739859916	0.25920300957141235	0.02564102564102564	0.0019193857965451055	0.0847457627118644	0.7199963091043476	0	0.1111111111111111
0982504dedb1	0.06620180705356699	0.20755512910583993	0.3322711483513144	0.32044224164478247	0.2501267689067625	0.047619047619047616	0.003436426116838488	0.01694915254237288	1.0	0	1.0
ce167f1dc093	0.0	0.0	0.03639918008035379	0.0	0.07230285101148776	0.1111111111111111	0.00847457627118644	0.06779661016949153	0.8218234495051137	0	0.010309278350515464
a8c1ae3cd394	0.0	0.20755512910583993	0.2689311516998168	0.2021018020798915	0.32242961991825025	0.037037037037037035	0.0024096385542168677	0.01694915254237288	1.0	0	0.3333333333333333
4d02635a6b23	0.22634547333188618	0.3448615593629846	0.39394009570896044	0.38010201756474693	0.3315058605829001	0.03125	0.007407407407407408	0.0847457627118644	0.8218234495051137	0	1.0
bf44dcf0279c	0.0	0.08938912861378186	0.19724797884730702	0.18667454976445727	0.11459730754843683	0.037037037037037035	0.00273224043715847	0.01694915254237288	1.0	0	0.02631578947368421
5f9635b242f4	0.3587490874390201	0.26816738584134553	0.5301327415074335	0.4467687655760907	0.6360960105533026	0.02564102564102564	0.006666666666666667	0.0847457627118644	0.8218234495051137	0	0.05
b78e9647f25f	0.24557635077307707	0.25094701019234067	0.25166165298624243	0.1972481074771134	0.289211404045951	0.03571428571428571	0.0036496350364963502	0.01694915254237288	1.0	0	0.02631578947368421
0caec9655529	0.17937454371951006	0.29694425771962174	0.4452071927217556	0.4383363668648766	0.32242961991825025	0.25	0.0022222222222222222	1.0	1.0	1	0.0625
c54faef3e7dc	0.30561615310343543	0.3653747416205808	0.4413454608120656	0.41474952712313623	0.44464424973987304	0.027777777777777776	0.0048543689320388345	0.01694915254237288	0.7199963091043476	0	0.02631578947368421
751f9d3e52d5	0.06620180705356699	0.11816600049205804	0.20210167028488468	0.12444969984297151	0.25920300957141235	0.03333333333333333	0.0031545741324921135	0.01694915254237288	1.0	0	0.009174311926605505
3ca62d75a91b	0.3494166190987092	0.4071307286455093	0.5712954487352659	0.5381986675784985	0.6136950333748493	0.025	0.0625	0.0847457627118644	0.8218234495051137	1	0.1
d40314454366	0.0	0.17877825722756366	0.3165664053379244	0.3138866670219051	0.11459730754843683	0.08333333333333333	0.003355704697986577	0.15254237288135594	1.0	0	0.3333333333333333
799eef0aa2b2	0.0	0.08938912861378186	0.3733488560597984	0.3229360542951501	0.4198883177003611	0.14285714285714285	0.00425531914893617	0.4915254237288136	1.0	0	1.0
82ace56021b8	0.0	0.11816600049205804	0.1866744280298992	0.18088083104991842	0.07230285101148776	0.03571428571428571	0.03333333333333333	0.01694915254237288	1.0	0	0.022727272727272728
fc2f87a798bb	0.11317273666594312	0.14167841682498472	0.26665833602805705	0.23691208862286453	0.25920300957141235	0.03225806451612903	0.010752688172043012	0.11864406779661017	0.5528664994461185	0	0.5
bcfa189f0bbd	0.1496062201739993	0.2598444173170428	0.40833428371166935	0.40737952521831483	0.11459730754843683	0.041666666666666664	0.0026246719160104987	0.22033898305084745	1.0	0	0.03571428571428571
ebfaf27aee27	0.1496062201739993	0.17877825722756366	0.29248396529100307	0.285298603503014	0.16788202110402858	0.037037037037037035	0.002127659574468085	0.11864406779661017	0.7199963091043476	0	0.3333333333333333
62ffdc5fc4ea	0.06620180705356699	0.16155788157855885	0.2889630660264346	0.285298603503014	0.11459730754843683	0.027777777777777776	0.007936507936507936	0.01694915254237288	0.8218234495051137	0	0.1111111111111111
eac3045b4fdd	0.2783406069239331	0.40435726148239093	0.50157526752357	0.48023125716789555	0.49403742867203587	0.027777777777777776	0.007874015748031496	0.01694915254237288	0.8218234495051137	0	0.16666666666666666
fde96ee95d30	0.0	0.0	0.03639918008035379	0.0	0.07230285101148776	0.02564102564102564	0.002008032128514056	0.0847457627118644	0.8218234495051137	0	0.058823529411764705
b3d24a786c06	0.0	0.0	0.08225672366991757	0.0822567773113617	0.0	0.02564102564102564	0.006369426751592357	0.0847457627118644	0.8218234495051137	0	0.006993006993006993
5d1455641524	0.26277895683994246	0.3863333863334036	0.50157526752357	0.5009006178802511	0.16788202110402858	0.045454545454545456	0.005319148936170213	0.03389830508474576	1.0	0	0.5
7806941e4a5b	0.17937454371951006	0.4320078270524341	0.510070245874487	0.4868078523925453	0.511673943749339	0.04	0.011494252873563218	0.03389830508474576	0.5957432788344933	0	1.0
20e4670c08e5	0.0	0.14167841682498472	0.29913674347060804	0.21925311390470442	0.3678380678374035	0.05	0.022222222222222223	0.3728813559322034	0.8218234495051137	0	1.0
dce6e71d760d	0.06620180705356699	0.21984644927517105	0.39110795471465654	0.33764850999558577	0.44464424973987304	0.14285714285714285	0.0018975332068311196	0.01694915254237288	1.0	0	1.0
171cfde69ddb	0.2783406069239331	0.17877825722756366	0.2958719682709606	0.29248415602632033	0.11459730754843683	0.025	0.02	0.0847457627118644	0.8218234495051137	1	0.041666666666666664
c49cc937c2bc	0.17937454371951006	0.2310675454387666	0.32772478834659746	0.3053305308928899	0.30149746610836137	0.02903225806451613	0.003676470588235294	0.1694915254237288	0.8218234495051137	0	0.5
8074f4b7e32b	0.6751641338538843	0.7298539153881715	0.7855612757787566	0.7855617880607856	0.0	0.03125	0.0029940119760479044	0.01694915254237288	1.0	0	1.0
11d21601d018	0.06620180705356699	0.11816600049205804	0.23364715892766083	0.16084890366004248	0.289211404045951	0.03333333333333333	0.002785515320334262	0.01694915254237288	1.0	0	0.010526315789473684
95ab60b54c9f	0.11317273666594312	0.26816738584134553	0.38758705545008815	0.3675553808143757	0.35820251771156464	0.06790123456790123	0.002680965147453083	0.4576271186440678	0.8218234495051137	0	1.0
51dcaa96f4d9	0.0	0.0	0.1866744280298992	0.1350232575556277	0.21690855303446327	0.034482758620689655	0.0044444444444444444	0.01694915254237288	1.0	0	0.5
fee7482633ac	0.06620180705356699	0.052289288211202906	0.16084879876695327	0.11246238877989302	0.1869001585599246	0.02564102564102564	0.002044989775051125	0.0847457627118644	0.8218234495051137	0	0.03125
ae44247a7bbf	0.0	0.0	0.06222480934329974	0.036399203817070964	0.07230285101148776	0.037037037037037035	0.00546448087431694	0.01694915254237288	1.0	0	0.00980392156862745
a3a14661a1a8	0.17937454371951006	0.26816738584134553	0.4369654983042203	0.4143062102597437	0.4253318639517733	0.14285714285714285	0.0021598272138228943	0.01694915254237288	1.0	0	0.5
d31f25ca302d	0.0	0.17877825722756366	0.240062131871887	0.18667454976445727	0.27528261567738554	0.03571428571428571	0.0023094688221709007	0.01694915254237288	0.3549401854908129	0	0.043478260869565216
2c77c8d54267	0.0	0.052289288211202906	0.12444961868659946	0.0822567773113617	0.1446057020229755	0.027777777777777776	0.003472222222222222	0.01694915254237288	0.8218234495051137	0	0.02702702702702703
d3b414eb82a5	0.06620180705356699	0.0	0.11246231544070878	0.0986240537385567	0.07230285101148776	0.03225806451612903	0.02564102564102564	0.01694915254237288	1.0	0	1.0
c4155e7babf7	0.0	0.0	0.03639918008035379	0.0	0.07230285101148776	0.037037037037037035	0.002793296089385475	0.01694915254237288	1.0	0	0.0064516129032258064
c9f7c16a0b71	0.06620180705356699	0.16155788157855885	0.223073608110253	0.18088083104991842	0.24018487211551637	0.034482758620689655	0.004366812227074236	0.01694915254237288	1.0	0	1.0
59539dbe627a	0.1496062201739993	0.3403361388061225	0.42712267414803223	0.4251755556614198	0.1869001585599246	0.034482758620689655	0.011627906976744186	0.11864406779661017	0.7199963091043476	0	0.037037037037037035
8063502e105f	0.06620180705356699	0.2598444173170428	0.41948649792296083	0.37334909952891454	0.46584318365578475	0.05555555555555555	0.006060606060606061	0.3728813559322034	0.8218234495051137	0	0.1111111111111111
4f2075f06884	0.0	0.0	0.0	0.0	0.0	0.0	0.0	0.0	0.0	0	0.0
870bdb7ff9c8	0.11317273666594312	0.2413899532786789	0.35384141113454926	0.346583429312739	0.22919461509687367	0.04090909090909091	0.002197802197802198	0.3050847457627119	0.26895695005899506	0	1.0
80d50cf18862	0.4057200170513963	0.5005713292762338	0.5136675788804628	0.4426515386625558	0.6064775640640933	0.04	0.002403846153846154	0.01694915254237288	0.6493531214089197	0	0.1
d7f6e2c70054	0.0	0.14167841682498472	0.24310552243687084	0.1921169119349664	0.27528261567738554	0.042801556420233464	0.004081632653061225	0.5423728813559322	0.7199963091043476	0	0.3333333333333333
c69f4c950bc2	0.46732225949586376	0.4449147152285283	0.5365055306137236	0.5353593580973068	0.2501267689067625	0.023809523809523808	0.002145922746781116	0.0847457627118644	0.8218234495051137	0	0.00847457627118644
f6e50153e29f	0.06620180705356699	0.11816600049205804	0.223073608110253	0.2067064771543332	0.16788202110402858	0.040540540540540536	0.008620689655172414	0.05084745762711864	1.0	0	1.0
1ebe02a49f15	0.0	0.052289288211202906	0.2871494402247173	0.2431056809714042	0.31248772312700407	0.125	0.012048192771084338	0.01694915254237288	1.0	0	0.25
5669efc6a2e5	0.0	0.11816600049205804	0.29248396529100307	0.2569440160127405	0.30149746610836137	0.06944444444444445	0.018867924528301886	0.11864406779661017	1.0	0	1.0
88f09e86c5f7	0.2925472803854532	0.3797185388412312	0.5171262958647541	0.5072747008297303	0.4385955429600647	0.0625	0.004291845493562232	0.03389830508474576	1.0	0	0.3333333333333333
4fa83b891373	0.3494166190987092	0.2413899532786789	0.3511878753697344	0.2431056809714042	0.44464424973987304	0.1111111111111111	0.16666666666666666	0.01694915254237288	1.0	0	0.0196078431372549
417fbcaf20e4	0.33951820999782933	0.4151102582116798	0.5272747247012909	0.5197733075887534	0.4235487271188356	0.034482758620689655	0.006289308176100629	0.01694915254237288	0.5528664994461185	0	1.0
895eed912706	0.26277895683994246	0.3615248661001558	0.40785804161935896	0.37334909952891454	0.428809218106077	0.04938271604938271	0.004761904761904762	0.0847457627118644	1.0	0	0.08333333333333333
5dd39e5971c8	0.1496062201739993	0.2903294102274493	0.36977183211452735	0.3311561769973047	0.39473247092973796	0.058823529411764705	0.029411764705882353	0.01694915254237288	0.8218234495051137	0	1.0
456ee76ce03f	0.3587490874390201	0.4621350908775332	0.49162993077340733	0.47541309451982705	0.4570934251499796	0.047826086956521734	0.0036363636363636364	0.5423728813559322	0.7199963091043476	0	0.5
8870deb3cd89	0.7204941074833855	0.7432839736633603	0.733626838882853	0.6902862430604149	0.8246626996296749	0.039301310043668124	0.00228310502283105	0.3050847457627119	0.25561287290807744	0	0.25
b551a5573b3c	0.0	0.14167841682498472	0.2689311516998168	0.24889939968594305	0.22919461509687367	0.1	0.037037037037037035	0.01694915254237288	0.8218234495051137	0	1.0
980071d3b70f	0.06620180705356699	0.2413899532786789	0.4278899559459768	0.38758730820425163	0.4646372631196007	0.02564102564102564	0.00202020202020202	0.0847457627118644	0.8218234495051137	0	0.024390243902439025
f1b7db754d90	0.0	0.0	0.03639918008035379	0.0	0.07230285101148776	0.038461538461538464	0.008771929824561403	0.01694915254237288	1.0	0	0.2
1afdc916bda0	0.2783406069239331	0.26816738584134553	0.506003248980867	0.45362032867518487	0.5755308337454732	0.02564102564102564	0.004878048780487805	0.0847457627118644	0.7199963091043476	0	0.02564102564102564
aab1f2627d66	0.06620180705356699	0.052289288211202906	0.3288831453713568	0.2907409656735231	0.3475854666888733	0.14285714285714285	0.0020242914979757085	0.01694915254237288	1.0	0	0.02
8c856433e8d5	0.5119438860449188	0.5144243790887361	0.49030556541181364	0.4259595910590377	0.5725563888250127	1.0	0.007352941176470588	1.0	0.8218234495051137	1	1.0
f15277be8b1c	0.41878888976937856	0.37274596226375134	0.5071164607072851	0.4413457486232843	0.5935668835808267	0.05357142857142857	0.0022624434389140274	0.06779661016949153	0.3424051496045322	0	0.0625
bfa82473ab54	0.06620180705356699	0.2413899532786789	0.38818354551084056	0.38075018992863535	0.26755234161774716	0.02564102564102564	0.002512562814070352	0.0847457627118644	0.8218234495051137	0	0.029411764705882353
0e1dbde05ef1	0.0	0.0	0.0	0.0	0.0	0.0	0.0	0.0	0.0	0	0.0
07b1e9415cdc	0.0	0.0	0.1350231695040073	0.11246238877989302	0.11459730754843683	0.03125	0.005128205128205128	0.01694915254237288	1.0	0	1.0
1e127d2b3bb9	0.06620180705356699	0.052289288211202906	0.19724797884730702	0.18088083104991842	0.1446057020229755	0.038461538461538464	0.0037593984962406013	0.01694915254237288	1.0	0	0.09090909090909091
d29a02733091	0.06620180705356699	0.2903294102274493	0.3807499416331062	0.35296581559500884	0.379440121123599	0.058823529411764705	0.004032258064516129	0.3728813559322034	0.8218234495051137	0	1.0
793b582fdf94	0.0	0.0	0.08225672366991757	0.0	0.1446057020229755	0.03333333333333333	0.0027100271002710027	0.01694915254237288	1.0	0	0.045454545454545456
86db3b1b30fd	0.06620180705356699	0.21984644927517105	0.3344608038282807	0.2754236600741	0.3873662843761989	0.037037037037037035	0.0024271844660194173	0.01694915254237288	1.0	0	0.047619047619047616
bc0db962e9cd	0.24557635077307707	0.29694425771962174	0.3774612433356863	0.33764850999558577	0.4059595293317956	0.10370370370370371	0.004464285714285714	0.4067796610169491	1.0	0	0.2
bbac3d3dec30	0.1496062201739993	0.3492335459308247	0.43731011071919407	0.422781507587797	0.3847905741384919	0.039301310043668124	0.0021413276231263384	0.3050847457627119	0.26210166016146186	0	0.1111111111111111
7dc951d9b531	0.17937454371951006	0.37627936829392306	0.45836799534275946	0.43052522656669684	0.4682139894492739	0.029411764705882353	0.011111111111111112	0.01694915254237288	0.7199963091043476	0	0.1
50aec4be6437	0.0	0.052289288211202906	0.11246231544070878	0.0822567773113617	0.11459730754843683	0.03571428571428571	0.0022172949002217295	0.11864406779661017	0.7199963091043476	0	0.14285714285714285
1bfd3a329b59	0.0	0.0	0.03639918008035379	0.0	0.07230285101148776	0.03125	0.002583979328165375	0.0847457627118644	1.0	0	0.3333333333333333
9ba19de9942b	0.06620180705356699	0.08938912861378186	0.2711478426908739	0.21925311390470442	0.3071372701121112	0.03571428571428571	0.002898550724637681	0.01694915254237288	1.0	0	0.030303030303030304
8b4a65e097b4	0.30561615310343543	0.4673995464228827	0.5056826364120087	0.4369657832591678	0.5949670517794695	0.037037037037037035	0.002824858757062147	0.01694915254237288	1.0	0	0.01639344262295082
50962a8c7104	0.06620180705356699	0.14167841682498472	0.26432647962818445	0.23025930610483455	0.26755234161774716	0.03571428571428571	0.003125	0.01694915254237288	1.0	0	1.0
8c31110375c5	0.9152803024284247	0.829080634531919	0.8781007659745617	0.8689093554294399	0.8496398822714858	0.04524886877828054	0.0018867924528301887	0.3389830508474576	0.3998929465360084	0	1.0
1c0ebfbfbc24	0.33951820999782933	0.3615248661001558	0.3484535089441898	0.2907409656735231	0.4016126101729191	0.05555555555555555	0.00684931506849315	0.3728813559322034	0.8218234495051137	0	0.07692307692307693
27696fc6d315	0.1496062201739993	0.2903294102274493	0.43236082623258804	0.3712200317770567	0.5019635919246357	0.25	0.0022522522522522522	1.0	1.0	1	0.3333333333333333
053b106205f4	0.0	0.11816600049205804	0.11246231544070878	0.06222484992148576	0.1446057020229755	0.034482758620689655	0.0031446540880503146	0.01694915254237288	1.0	0	0.07692307692307693
3bafb8c7f62b	0.2925472803854532	0.26816738584134553	0.4455216288535919	0.4308954187712978	0.39473247092973796	0.125	0.010416666666666666	0.01694915254237288	1.0	1	0.05263157894736842
069226248486	0.2925472803854532	0.32572112959789795	0.44002039728840586	0.3982937622881833	0.48140767284038005	0.038461538461538464	0.004901960784313725	0.01694915254237288	0.8218234495051137	0	0.0625
e52264d4ffb7	0.33951820999782933	0.3575565144551274	0.43236082623258804	0.37542884078350797	0.4967469567146208	0.05263157894736842	0.0056179775280898875	0.03389830508474576	1.0	0	0.5
0e36336f74a9	0.17937454371951006	0.052289288211202906	0.3845436648851043	0.38454391565460494	0.0	0.024390243902439025	0.00411522633744856	0.0847457627118644	0.8218234495051137	0	1.0
157bcbd8d0f7	0.17937454371951006	0.16155788157855885	0.30971029428801583	0.0822567773113617	0.4253318639517733	0.1111111111111111	0.0021691973969631237	0.01694915254237288	1.0	0	1.0
8704804c47ad	0.0	0.2310675454387666	0.3152364339923866	0.2569440160127405	0.3647240764551993	0.029411764705882353	0.0024937655860349127	0.01694915254237288	1.0	0	0.07692307692307693
ba502b52fbfd	0.06620180705356699	0.21984644927517105	0.31251587961762084	0.3082741218954018	0.1446057020229755	0.038461538461538464	0.002288329519450801	0.01694915254237288	1.0	0	1.0
2da31f5ac536	0.0	0.0	0.08225672366991757	0.06222484992148576	0.07230285101148776	0.1111111111111111	0.008264462809917356	0.06779661016949153	0.8218234495051137	0	0.01020408163265306
3e658a03c59b	0.06620180705356699	0.16155788157855885	0.2302591559477033	0.21108644251844974	0.1869001585599246	0.029411764705882353	0.0038461538461538464	0.01694915254237288	0.8218234495051137	0	1.0
5f26d9639e6f	0.0	0.0	0.1808807130935711	0.1350232575556277	0.2029797646658978	0.023622047244094488	0.00641025641025641	0.06779661016949153	0.8218234495051137	0	1.0
cd1c20933a2c	0.0	0.08938912861378186	0.1866744280298992	0.11246238877989302	0.24018487211551637	0.03571428571428571	0.0023148148148148147	0.11864406779661017	0.6493531214089197	0	0.3333333333333333
6c63340072aa	0.0	0.19396770503618765	0.24889923737319897	0.21526261328334842	0.2501267689067625	0.027777777777777776	0.0025380710659898475	0.01694915254237288	0.7199963091043476	0	0.02040816326530612
f6e989b1645b	0.06620180705356699	0.17877825722756366	0.41430594008159954	0.4134129543086664	0.11459730754843683	0.14285714285714285	0.0019011406844106464	0.01694915254237288	1.0	0	0.006289308176100629
0085a5c5f382	0.1496062201739993	0.26816738584134553	0.3621595262801692	0.36136178846583605	0.07230285101148776	0.034482758620689655	0.002932551319648094	0.11864406779661017	0.7199963091043476	0	0.038461538461538464
e274f86bbc92	0.0	0.0	0.1921167866513249	0.11246238877989302	0.2501267689067625	0.125	0.0136986301369863	0.01694915254237288	1.0	0	0.022222222222222223
55d9dfb8117d	0.06620180705356699	0.16155788157855885	0.3613615528139077	0.3082741218954018	0.41013252437435255	0.14285714285714285	0.002631578947368421	0.4915254237288136	1.0	0	0.023809523809523808
ff0835024869	0.3289807638935094	0.32045667405254846	0.4738238682546165	0.43272382173837337	0.5191278972113764	0.14285714285714285	0.01098901098901099	0.01694915254237288	1.0	0	0.006369426751592357
65dc770dc623	0.06620180705356699	0.20755512910583993	0.21526247290588865	0.1444816272328475	0.26755234161774716	0.025	0.012658227848101266	0.03389830508474576	0.7199963091043476	0	0.05
b5a42eb95b75	0.0	0.052289288211202906	0.12444961868659946	0.11246238877989302	0.07230285101148776	0.038461538461538464	0.00423728813559322	0.01694915254237288	1.0	0	0.5
10fbee232078	0.06620180705356699	0.052289288211202906	0.12444961868659946	0.0986240537385567	0.11459730754843683	0.037037037037037035	0.0037735849056603774	0.01694915254237288	1.0	0	0.3333333333333333
13dd1c8bd1ba	0.06620180705356699	0.16155788157855885	0.40445167108458346	0.33764850999558577	0.4761115626058756	0.03571428571428571	0.0025252525252525255	0.01694915254237288	1.0	0	1.0
b8b96f40a72d	0.22634547333188618	0.16155788157855885	0.2889630660264346	0.2814779638261902	0.16788202110402858	0.02564102564102564	0.0019305019305019305	0.0847457627118644	0.8218234495051137	0	0.025
0f0b92f3cee5	0.30561615310343543	0.25094701019234067	0.3437025896115514	0.27748746320483414	0.4059595293317956	0.034482758620689655	0.002577319587628866	0.01694915254237288	1.0	0	0.1
af5d23c92a0c	0.0	0.0	0.2689311516998168	0.22307375358152826	0.29553521682591577	0.12280701754385966	0.002105263157894737	0.728813559322034	0.8218234495051137	0	0.5
bbc033cb2f59	0.7996886512097446	0.8332790294023129	0.8291252246666351	0.8199193358955581	0.792909609805809	0.058823529411764705	0.002967359050445104	0.11864406779661017	1.0	0	1.0
3d062790709b	0.17937454371951006	0.11816600049205804	0.33971209159248816	0.33971231312631994	0.0	0.03225806451612903	0.0035842293906810036	0.01694915254237288	1.0	0	1.0
092aa24f8e83	0.0	0.11816600049205804	0.240062131871887	0.22307375358152826	0.1869001585599246	0.030211480362537763	0.006711409395973154	0.1864406779661017	0.6493531214089197	0	0.022727272727272728
ca4f795c3d04	0.06620180705356699	0.11816600049205804	0.19724797884730702	0.1972481074771134	0.0	0.05	0.01639344262295082	0.13559322033898305	1.0	0	0.125
41a469bdeae8	0.11317273666594312	0.26816738584134553	0.4700828509626587	0.39394035260608323	0.5607004756797738	0.16666666666666666	0.001893939393939394	0.01694915254237288	1.0	0	0.3333333333333333
5622ebb5a7fc	0.0	0.11816600049205804	0.2110863048643623	0.2021018020798915	0.11459730754843683	0.042801556420233464	0.004219409282700422	0.5423728813559322	0.7199963091043476	0	0.3333333333333333
3d3a2c23e751	0.06620180705356699	0.11816600049205804	0.2569438484539261	0.25166181710041935	0.11459730754843683	0.1111111111111111	0.006024096385542169	0.3389830508474576	1.0	0	0.5
29a74b0d523e	0.45269094666377246	0.5120138182024616	0.6093038907744311	0.5903794221837038	0.6074075342469821	0.02631578947368421	0.002070393374741201	0.0847457627118644	0.6493531214089197	0	0.09090909090909091
461881f6c621	0.22634547333188618	0.3653747416205808	0.36451175055848645	0.32044224164478247	0.3993692771615121	0.025	0.003215434083601286	0.01694915254237288	1.0	0	1.0
8cddd47108c6	0.22634547333188618	0.2759856130067989	0.41650094977225893	0.38877635184434883	0.4198883177003611	0.125	0.0022935779816513763	0.01694915254237288	1.0	0	0.03125
c240b9fda7ab	0.06620180705356699	0.11816600049205804	0.28147778026825165	0.23691208862286453	0.3071372701121112	0.25	0.0026109660574412533	1.0	1.0	1	0.125
9e47a7e58e16	1.0	0.9371841773881086	0.9848773102164967	0.9848779524769572	0.0	0.08333333333333333	0.00303951367781155	0.01694915254237288	0.8218234495051137	0	1.0
c1f7bba6db9a	0.0	0.2310675454387666	0.3022869412151867	0.2711480195124297	0.30149746610836137	0.037037037037037035	0.0028011204481792717	0.01694915254237288	1.0	0	0.010638297872340425
0c20068ebf99	0.11317273666594312	0.17877825722756366	0.3933807703864162	0.32888335984339123	0.4609335261970364	0.16666666666666666	0.002053388090349076	0.01694915254237288	1.0	0	1.0
63c10f6d307b	0.2783406069239331	0.28335683364996944	0.30533033178017055	0.2543417618564522	0.34379192264531044	0.05128205128205128	0.006756756756756757	0.0847457627118644	1.0	0	0.14285714285714285
e1b77448a09d	0.0	0.0	0.21526247290588865	0.1921169119349664	0.1869001585599246	0.025	0.01282051282051282	0.0847457627118644	0.8218234495051137	0	0.05263157894736842
a8c0e8b231b2	0.22634547333188618	0.11816600049205804	0.3754285959581471	0.3386863421603142	0.3970766362009022	0.14285714285714285	0.0020920502092050207	0.01694915254237288	1.0	0	0.007751937984496124
701541b07be5	0.0	0.052289288211202906	0.2110863048643623	0.1921169119349664	0.16788202110402858	0.025	0.016666666666666666	0.0847457627118644	0.8218234495051137	0	0.021739130434782608
63af134bab32	0.0	0.14167841682498472	0.22673825668313485	0.17468723870137876	0.25920300957141235	0.07272727272727272	0.008695652173913044	0.1694915254237288	1.0	0	0.25
909dd0f4dd6e	0.26277895683994246	0.35346216255331403	0.4448916513639854	0.4034544636588299	0.486447830243424	0.02564102564102564	0.0022371364653243847	0.0847457627118644	0.8218234495051137	0	0.01282051282051282
a8bcd0e69be4	0.3675768451890223	0.2310675454387666	0.3386861212955405	0.3300269610717857	0.22919461509687367	0.04	0.003236245954692557	0.11864406779661017	0.8218234495051137	1	1.0
bc857e7522a0	0.24557635077307707	0.3403361388061225	0.40833428371166935	0.4059276636691618	0.1869001585599246	0.034482758620689655	0.006802721088435374	0.11864406779661017	0.7199963091043476	0	0.023809523809523808
bb7217e001ee	0.06620180705356699	0.0	0.2975191965758062	0.27748746320483414	0.25920300957141235	0.03571428571428571	0.004	0.01694915254237288	1.0	0	0.07142857142857142
530533b8cb6b	0.0	0.0	0.11246231544070878	0.0986240537385567	0.07230285101148776	0.038461538461538464	0.003663003663003663	0.01694915254237288	1.0	0	0.16666666666666666
050a07455240	0.0	0.08938912861378186	0.32772478834659746	0.3253624582827659	0.11459730754843683	0.14285714285714285	0.0019083969465648854	0.01694915254237288	1.0	0	0.005952380952380952
3b937d61c9a6	0.11317273666594312	0.26816738584134553	0.3899495976898972	0.34272169488472753	0.43381710606892654	0.1111111111111111	0.007194244604316547	0.06779661016949153	0.8218234495051137	0	1.0
b9454eb06196	0.06620180705356699	0.19396770503618765	0.2975191965758062	0.23691208862286453	0.3475854666888733	0.3333333333333333	0.0023584905660377358	1.0	1.0	1	0.047619047619047616
b92f5401b053	0.24557635077307707	0.4151102582116798	0.6578842558370337	0.5605481190367587	0.7937403635416256	0.034482758620689655	0.009615384615384616	0.03389830508474576	1.0	0	0.034482758620689655
d2ad105ef868	0.06620180705356699	0.2598444173170428	0.30533033178017055	0.2941941407259178	0.21690855303446327	0.03225806451612903	0.0033783783783783786	0.01694915254237288	1.0	0	0.04
2ba773227a9a	0.06620180705356699	0.11816600049205804	0.24310552243687084	0.21526261328334842	0.22919461509687367	0.16666666666666666	0.0053475935828877	0.01694915254237288	1.0	0	1.0
b750aa96c00d	0.0	0.0	0.03639918008035379	0.0	0.07230285101148776	0.1111111111111111	0.034482758620689655	0.05084745762711864	1.0	0	0.1111111111111111
34bd521b18f6	0.2925472803854532	0.3356461218611724	0.4432970903671096	0.40543844457067363	0.4771925149174606	0.14285714285714285	0.002061855670103093	0.01694915254237288	1.0	0	0.3333333333333333
b59ed1dad51e	0.0	0.2310675454387666	0.37193510363131554	0.3712200317770567	0.07230285101148776	0.02702702702702703	0.004807692307692308	0.01694915254237288	0.7199963091043476	0	1.0
844b574709ed	0.0	0.0	0.06222480934329974	0.0	0.11459730754843683	0.037037037037037035	0.009009009009009009	0.01694915254237288	1.0	0	0.005747126436781609
315136e13a9f	0.0	0.0	0.14448153301321734	0.1350232575556277	0.07230285101148776	0.03225806451612903	0.0022123893805309734	0.11864406779661017	0.6493531214089197	0	0.125
a8c7e8c709bd	0.0	0.2759856130067989	0.31787696034860546	0.25947295739859916	0.3678380678374035	0.037037037037037035	0.01020408163265306	0.01694915254237288	1.0	0	0.006944444444444444
7a1ca569aa2d	0.06620180705356699	0.052289288211202906	0.16084879876695327	0.1444816272328475	0.11459730754843683	0.025	0.023809523809523808	0.03389830508474576	0.7199963091043476	0	0.08333333333333333
ea461be64d35	0.06620180705356699	0.052289288211202906	0.1530376635625889	0.12444969984297151	0.1446057020229755	0.025	0.021739130434782608	0.0847457627118644	0.8218234495051137	0	0.03225806451612903
59b27c76d200	0.0	0.052289288211202906	0.1746871247840085	0.1444816272328475	0.16788202110402858	0.029411764705882353	0.004098360655737705	0.01694915254237288	1.0	0	1.0
7012373d248c	0.1496062201739993	0.38951777658204884	0.4696040689005133	0.4676632944921593	0.22919461509687367	0.06976744186046512	0.006134969325153374	0.22033898305084745	0.29209088984235726	0	0.14285714285714285
434e7e2de4f8	0.0	0.052289288211202906	0.21526247290588865	0.16803445618334878	0.24018487211551637	0.030303030303030304	0.004405286343612335	0.01694915254237288	1.0	0	0.2
59bff22423fb	0.0	0.0	0.09862398942365351	0.06222484992148576	0.11459730754843683	0.027777777777777776	0.00398406374501992	0.01694915254237288	0.8218234495051137	0	0.02564102564102564
d7812bd50c5d	0.0	0.0	0.19724797884730702	0.1921169119349664	0.07230285101148776	0.14285714285714285	0.0020491803278688526	0.01694915254237288	1.0	0	0.008695652173913044
a436501eca32	0.11317273666594312	0.14167841682498472	0.16803434660440356	0.11246238877989302	0.2029797646658978	0.034482758620689655	0.002331002331002331	0.11864406779661017	0.7199963091043476	0	0.022222222222222223
fbf6071aa75f	0.1496062201739993	0.2310675454387666	0.34563323227605924	0.3022871383432432	0.37665833054636344	0.03571428571428571	0.003289473684210526	0.01694915254237288	1.0	0	0.06666666666666667
39b1be32af9a	0.24557635077307707	0.2903294102274493	0.382032412356413	0.3484537361784948	0.3970766362009022	0.023622047244094488	0.014705882352941176	0.06779661016949153	0.7199963091043476	0	0.2
7e22a9fd89f9	0.30561615310343543	0.37627936829392306	0.46492356569060317	0.4572735065108259	0.3547821796639532	0.029411764705882353	0.002551020408163265	0.01694915254237288	0.6493531214089197	0	0.16666666666666666
587bfad47048	0.06620180705356699	0.3653747416205808	0.42712267414803223	0.3839226572415707	0.46937948721239	0.05405405405405406	0.0031645569620253164	0.1694915254237288	1.0	0	1.0
d84ddbe60be0	0.0	0.052289288211202906	0.08225672366991757	0.036399203817070964	0.11459730754843683	0.030211480362537763	0.004484304932735426	0.1864406779661017	0.6493531214089197	0	0.019230769230769232
8bc8d1cd23df	0.4807495818549654	0.5311961934070335	0.6640621244208003	0.628471309295926	0.7275146227663205	0.03333333333333333	0.0026666666666666666	0.01694915254237288	0.7199963091043476	0	1.0
eb3f5bd728a6	0.1496062201739993	0.21984644927517105	0.34072646875661666	0.3344610219376306	0.2029797646658978	0.05357142857142857	0.014084507042253521	0.3728813559322034	0.7199963091043476	0	0.00909090909090909
abafffb7abb6	0.0	0.14167841682498472	0.25434159599462464	0.25166181710041935	0.07230285101148776	0.03571428571428571	0.002638522427440633	0.11864406779661017	0.7199963091043476	0	0.125
ab79e35bd749	0.06620180705356699	0.052289288211202906	0.240062131871887	0.16084890366004248	0.30149746610836137	0.041666666666666664	0.007246376811594203	0.22033898305084745	1.0	0	0.16666666666666666
aefeea9e57e4	0.0	0.0	0.03639918008035379	0.0	0.07230285101148776	0.06451612903225806	0.020833333333333332	0.10169491525423728	1.0	0	0.5
039dbab0105c	0.1496062201739993	0.25094701019234067	0.42940512143010756	0.4223762180398009	0.3071372701121112	0.023622047244094488	0.0019157088122605363	0.06779661016949153	0.8218234495051137	0	0.125
02f433fc484f	0.06620180705356699	0.2413899532786789	0.28147778026825165	0.2711480195124297	0.1869001585599246	0.03225806451612903	0.003115264797507788	0.01694915254237288	1.0	0	0.043478260869565216
80d99fb0cc60	0.06620180705356699	0.08938912861378186	0.2871494402247173	0.2543417618564522	0.289211404045951	0.14285714285714285	0.0024390243902439024	0.4915254237288136	1.0	0	0.05555555555555555
d9b775161740	0.11317273666594312	0.19396770503618765	0.4019369009357878	0.3355361423614212	0.47279982526000147	0.16666666666666666	0.002386634844868735	0.01694915254237288	1.0	0	0.5
9976bc0309cd	0.20454330265592138	0.20755512910583993	0.2711478426908739	0.2666585099219055	0.11459730754843683	0.029411764705882353	0.003937007874015748	0.01694915254237288	1.0	0	0.1
57f73b705615	0.8514620960427483	0.7503737054521155	0.749247348718922	0.7028953792291754	0.8482078120684362	0.038461538461538464	0.008403361344537815	0.01694915254237288	0.8218234495051137	0	0.5
796147becbdc	0.6197037376356613	0.5393224246657808	0.5453924636520576	0.47675299226558854	0.6409059301550325	0.037037037037037035	0.002277904328018223	0.11864406779661017	0.7199963091043476	0	0.2
816c5dc4678b	0.49709058304137455	0.3575565144551274	0.5926018269847504	0.5336116426300898	0.6848291218553895	0.02564102564102564	0.011764705882352941	0.0847457627118644	0.8218234495051137	1	0.09090909090909091
8742d20905a5	0.1496062201739993	0.11816600049205804	0.2733111142076621	0.2666585099219055	0.1446057020229755	0.14285714285714285	0.1111111111111111	0.01694915254237288	1.0	0	0.05555555555555555
4ed05b99cb06	0.11317273666594312	0.2413899532786789	0.4410160240245239	0.3916818314124518	0.49585157813032343	0.05128205128205128	0.004424778761061947	0.13559322033898305	1.0	0	1.0
2f9556adf482	0.0	0.20755512910583993	0.29913674347060804	0.29587216121567017	0.11459730754843683	0.03571428571428571	0.0045871559633027525	0.11864406779661017	0.7199963091043476	0	0.16666666666666666
9e29145f1f6b	0.45771515064344315	0.3492335459308247	0.4722063213598148	0.470321594526592	0.22919461509687367	1.0	0.002352941176470588	1.0	1.0	1	1.0
f204be66af56	0.0	0.052289288211202906	0.14448153301321734	0.1444816272328475	0.0	0.125	0.008547008547008548	0.01694915254237288	1.0	0	0.023809523809523808
516fab3f47e1	0.06620180705356699	0.3032362984035436	0.471972845483452	0.4390138907027561	0.49851498149181356	0.05555555555555555	0.003105590062111801	0.3728813559322034	0.8218234495051137	0	1.0
f3f0ab2a63e5	0.0	0.0	0.06222480934329974	0.06222484992148576	0.0	0.030303030303030304	0.00558659217877095	0.01694915254237288	1.0	0	0.14285714285714285
c6ebe55ff43b	0.0	0.14167841682498472	0.1921167866513249	0.1350232575556277	0.22919461509687367	0.06451612903225806	0.0027548209366391185	0.10169491525423728	1.0	0	0.0625
1a326f3d4525	0.06620180705356699	0.16155788157855885	0.23364715892766083	0.21526261328334842	0.1869001585599246	0.0967741935483871	0.005076142131979695	0.10169491525423728	0.8218234495051137	0	1.0
efad8bd05876	0.0	0.11816600049205804	0.2460491115198026	0.1444816272328475	0.32242961991825025	0.034482758620689655	0.013888888888888888	0.11864406779661017	0.7199963091043476	0	0.03571428571428571
75d78a90d621	0.6451343631012648	0.681328570390296	0.7051164009447538	0.6858004205406656	0.720450253191674	0.09691629955947137	0.0028328611898017	0.7966101694915254	0.46118286771036304	0	1.0
6076dc2d6581	0.17937454371951006	0.20755512910583993	0.359744005919106	0.3407266909519464	0.32242961991825025	0.14285714285714285	0.001937984496124031	0.01694915254237288	1.0	0	0.006329113924050633
c069957da7d0	0.11317273666594312	0.3032362984035436	0.3502856424098959	0.3191688659342263	0.3547821796639532	0.037037037037037035	0.013333333333333334	0.01694915254237288	0.8218234495051137	0	0.16666666666666666
891f4ceca501	0.11317273666594312	0.25094701019234067	0.2871494402247173	0.2795048847884751	0.16788202110402858	0.125	0.0029154518950437317	0.01694915254237288	1.0	0	0.012048192771084338
f084174cf4ce	0.558025038272938	0.6119123905882309	0.5998624031791463	0.5319491602593552	0.7033563832778873	0.025	0.002325581395348837	0.03389830508474576	0.5957432788344933	0	0.14285714285714285
030c66118c3c	0.0	0.052289288211202906	0.09862398942365351	0.0986240537385567	0.0	0.125	0.07142857142857142	0.01694915254237288	1.0	0	0.009259259259259259
7838e9cd0828	0.0	0.11816600049205804	0.19724797884730702	0.12444969984297151	0.2501267689067625	0.04	0.00510204081632653	0.01694915254237288	1.0	0	0.14285714285714285
ab273df755dd	0.24557635077307707	0.3653747416205808	0.48581117150050723	0.48108016640066137	0.3315058605829001	0.038461538461538464	0.0036101083032490976	0.01694915254237288	0.8218234495051137	0	0.1
0104444107df	0.06620180705356699	0.16155788157855885	0.23364715892766083	0.2021018020798915	0.22919461509687367	0.03225806451612903	0.0035460992907801418	0.01694915254237288	1.0	0	0.2
d02380419376	0.24557635077307707	0.3653747416205808	0.44799823899167057	0.43557394945040034	0.382149649166184	0.024390243902439025	0.0030581039755351682	0.01694915254237288	1.0	0	0.5
a444c8335e5d	0.47639535725589305	0.4639138949766895	0.49106473631131936	0.43052522656669684	0.5690498077261086	0.125	0.0036231884057971015	0.01694915254237288	1.0	0	0.25
8a70bdf3ddf1	0.30561615310343543	0.3032362984035436	0.3520811307382998	0.3253624582827659	0.34379192264531044	0.025	0.14285714285714285	0.0847457627118644	0.8218234495051137	0	0.2
f1888f1d73a3	0.11317273666594312	0.17877825722756366	0.3437025896115514	0.2941941407259178	0.3847905741384919	0.034482758620689655	0.0024330900243309003	0.03389830508474576	1.0	0	1.0
9cc2d4ea6add	0.0	0.11816600049205804	0.1530376635625889	0.12444969984297151	0.1446057020229755	0.25	0.002364066193853428	1.0	1.0	1	0.3333333333333333
dd8c9154d4a9	0.7253683126045948	0.752841030577022	0.8016616028170425	0.8016621255984538	0.0	0.024390243902439025	0.0072992700729927005	0.01694915254237288	1.0	0	1.0
99f711bfc283	0.37595169350588553	0.49923493128011215	0.5504089319680685	0.49584909528089904	0.6300647953413387	0.03875968992248062	0.005847953216374269	0.711864406779661	0.5528664994461185	0	1.0
f363962587a4	0.0	0.0	0.03639918008035379	0.0	0.07230285101148776	0.038461538461538464	0.0038022813688212928	0.01694915254237288	1.0	0	0.058823529411764705
1d0ee9713d52	0.06620180705356699	0.19396770503618765	0.32772478834659746	0.32415745384924033	0.1446057020229755	0.038461538461538464	0.0024509803921568627	0.01694915254237288	1.0	0	0.06666666666666667
2a0ee780de10	0.17937454371951006	0.3032362984035436	0.433802968473097	0.4059276636691618	0.4401409188488913	0.03225806451612903	0.005235602094240838	0.01694915254237288	1.0	0	0.14285714285714285
b0b458d19b74	0.20454330265592138	0.25094701019234067	0.4539063853314598	0.4423268674862326	0.382149649166184	0.14285714285714285	0.0019723865877712033	0.01694915254237288	1.0	0	0.005076142131979695
313ca82fe335	0.0	0.0	0.0	0.0	0.0	0.0	0.0	0.0	0.0	0	0.0
0932ea92468f	0.06620180705356699	0.08938912861378186	0.2754234804643054	0.2711480195124297	0.11459730754843683	0.025	0.025	0.0847457627118644	0.8218234495051137	0	0.14285714285714285
83e3929a69a2	0.06620180705356699	0.0	0.223073608110253	0.1972481074771134	0.2029797646658978	0.041666666666666664	0.004329004329004329	0.22033898305084745	1.0	0	0.017543859649122806
1601fec6703f	0.26277895683994246	0.3691130106843987	0.43089513777496785	0.399349909557005	0.44754196286794984	0.03225806451612903	0.003367003367003367	0.01694915254237288	1.0	0	0.1
50c0b0794df3	0.0	0.14167841682498472	0.2110863048643623	0.21108644251844974	0.0	0.125	0.001953125	0.01694915254237288	1.0	0	0.037037037037037035
57b488e7b3db	0.06620180705356699	0.25094701019234067	0.46790793216413384	0.4312640906750884	0.5028082197345402	0.03333333333333333	0.0026954177897574125	0.01694915254237288	1.0	0	0.1111111111111111
a3bffb91336d	0.0	0.052289288211202906	0.24889923737319897	0.21925311390470442	0.24018487211551637	0.08333333333333333	0.005747126436781609	0.15254237288135594	1.0	0	1.0
a445bc8a6a71	0.06620180705356699	0.08938912861378186	0.16803434660440356	0.16803445618334878	0.0	0.08333333333333333	0.004672897196261682	0.06779661016949153	1.0	0	0.03571428571428571
8027842efbc0	0.06620180705356699	0.08938912861378186	0.2192529709249519	0.21108644251844974	0.11459730754843683	0.025	0.014285714285714285	0.03389830508474576	0.7199963091043476	0	1.0
c132a3995ece	0.20454330265592138	0.4098458026663303	0.5571731582363013	0.5531953603999847	0.39473247092973796	0.1111111111111111	0.006993006993006993	0.11864406779661017	0.8218234495051137	0	1.0
e0b34a58b387	0.24557635077307707	0.2413899532786789	0.4712687522751903	0.47008315751417046	0.1869001585599246	0.02564102564102564	0.0019120458891013384	0.0847457627118644	0.8218234495051137	0	0.16666666666666666
5ae5284da107	0.0	0.0	0.2192529709249519	0.21925311390470442	0.0	0.02564102564102564	0.0020964360587002098	0.0847457627118644	0.8218234495051137	0	0.015873015873015872
dc23423fc28a	0.0	0.052289288211202906	0.20210167028488468	0.1921169119349664	0.11459730754843683	0.16666666666666666	0.0021551724137931034	0.01694915254237288	1.0	0	0.2
d3f6653ef391	0.06620180705356699	0.14167841682498472	0.23691193412730824	0.23025930610483455	0.11459730754843683	0.16666666666666666	0.002242152466367713	0.01694915254237288	1.0	0	0.14285714285714285
78e51ff47675	0.0	0.17877825722756366	0.3111240467164987	0.29587216121567017	0.2501267689067625	0.03571428571428571	0.002544529262086514	0.01694915254237288	1.0	0	0.020833333333333332
d46f3d62790f	0.11317273666594312	0.37274596226375134	0.43015322095823927	0.3597442405161959	0.5093297784781747	0.037037037037037035	0.002840909090909091	0.01694915254237288	1.0	0	0.09090909090909091
e22fcb83e260	0.06620180705356699	0.19396770503618765	0.2460491115198026	0.18667454976445727	0.289211404045951	0.029411764705882353	0.0032258064516129032	0.01694915254237288	1.0	0	0.08333333333333333
880c34ae13d8	0.0	0.28335683364996944	0.3311559610431165	0.3097104962570064	0.30149746610836137	0.04281345565749235	0.003246753246753247	0.5932203389830508	0.7199963091043476	0	1.0
f5db2d16cf0d	0.20454330265592138	0.3149681328686091	0.4341599129746153	0.43272382173837337	0.16788202110402858	0.04938271604938271	0.009523809523809525	0.0847457627118644	1.0	0	0.1
acb14eef2d73	0.11317273666594312	0.32045667405254846	0.3893647654986319	0.3407266909519464	0.4354343627217757	0.0223463687150838	0.005555555555555556	0.0847457627118644	0.6493531214089197	0	0.5
041f945c2cfe	0.0	0.052289288211202906	0.2110863048643623	0.21108644251844974	0.0	0.08333333333333333	0.0047169811320754715	0.06779661016949153	1.0	0	0.024390243902439025
240757961e17	0.0	0.0	0.27748728224918834	0.21925311390470442	0.32242961991825025	0.029411764705882353	0.0029498525073746312	0.01694915254237288	0.8218234495051137	0	0.1111111111111111
a32c31c1d811	0.2925472803854532	0.46566849690770495	0.5462141757861175	0.5334939095215405	0.4967469567146208	0.03875968992248062	0.006535947712418301	0.711864406779661	0.5528664994461185	0	0.07142857142857142
f7d9047970fe	0.24557635077307707	0.21984644927517105	0.4151903947615779	0.40295154087343216	0.34379192264531044	0.125	0.02702702702702703	0.01694915254237288	1.0	0	1.0
44a86a1cffb1	0.0	0.052289288211202906	0.16803434660440356	0.15303776336186264	0.11459730754843683	0.023622047244094488	0.001996007984031936	0.06779661016949153	0.8218234495051137	0	0.14285714285714285
301519a63d0a	0.0	0.0	0.06222480934329974	0.036399203817070964	0.07230285101148776	0.030303030303030304	0.045454545454545456	0.01694915254237288	1.0	0	0.022727272727272728
4f26ae04f798	0.06620180705356699	0.052289288211202906	0.23364715892766083	0.1972481074771134	0.24018487211551637	0.12280701754385966	0.0020876826722338203	0.728813559322034	0.8218234495051137	0	0.25
4778908578c8	0.0	0.0	0.09862398942365351	0.0822567773113617	0.07230285101148776	0.08333333333333333	0.003875968992248062	0.06779661016949153	1.0	0	0.09090909090909091
9120847e9676	0.06620180705356699	0.19396770503618765	0.3893647654986319	0.34272169488472753	0.4321743797627714	0.034482758620689655	0.009345794392523364	0.03389830508474576	1.0	0	0.045454545454545456
1aff33595aee	0.0	0.11816600049205804	0.1808807130935711	0.1444816272328475	0.1869001585599246	0.034482758620689655	0.004048582995951417	0.03389830508474576	1.0	0	0.14285714285714285
accf68f0c4e4	0.4931560855267949	0.4923369634710196	0.4776349629021611	0.410214649757849	0.5611822823774625	0.14285714285714285	0.02857142857142857	0.01694915254237288	0.8218234495051137	0	1.0
9c2e192820ff	0.0	0.0	0.12444961868659946	0.06222484992148576	0.16788202110402858	0.3333333333333333	0.0023752969121140144	1.0	1.0	1	0.125
de490d89b989	0.0	0.052289288211202906	0.16803434660440356	0.12444969984297151	0.1869001585599246	0.03333333333333333	0.0034482758620689655	0.01694915254237288	1.0	0	0.05555555555555555
9faa11b0f0d4	0.17937454371951006	0.35346216255331403	0.41779264722087933	0.3820326614882699	0.44316463678141416	0.0625	0.004201680672268907	0.03389830508474576	1.0	0	0.25
03164dd721dd	0.26277895683994246	0.17877825722756366	0.3605564225394263	0.3484537361784948	0.2824793286524654	0.14285714285714285	0.010526315789473684	0.01694915254237288	1.0	0	0.058823529411764705
5ba3d5d0b2f1	0.1496062201739993	0.08938912861378186	0.24310552243687084	0.22673840454420918	0.1869001585599246	0.125	0.0021929824561403508	0.01694915254237288	1.0	0	0.125
b91bb5a5841c	0.2925472803854532	0.38951777658204884	0.4698437791200057	0.3851609042166359	0.5672512982655408	0.3333333333333333	0.009433962264150943	1.0	1.0	1	0.043478260869565216
439e09d216d9	0.06620180705356699	0.37274596226375134	0.4219688152624057	0.36830037664521104	0.48036974423103274	0.027777777777777776	0.0033222591362126247	0.01694915254237288	0.7199963091043476	0	0.3333333333333333
170ec57a6e92	0.1496062201739993	0.11816600049205804	0.1746871247840085	0.17468723870137876	0.0	0.029411764705882353	0.0027397260273972603	0.01694915254237288	1.0	0	0.25
2c797fd1523d	0.06620180705356699	0.11816600049205804	0.25434159599462464	0.2431056809714042	0.16788202110402858	0.125	0.001984126984126984	0.01694915254237288	1.0	0	0.03225806451612903
180776201731	0.2925472803854532	0.4741003394381032	0.5813088150871166	0.5764055357755102	0.44316463678141416	0.034482758620689655	0.00625	0.11864406779661017	0.7199963091043476	0	0.0136986301369863
32357c55a495	0.0	0.14167841682498472	0.16803434660440356	0.1350232575556277	0.16788202110402858	0.1111111111111111	0.007751937984496124	0.06779661016949153	0.8218234495051137	0	1.0
b5f47179808b	0.06620180705356699	0.08938912861378186	0.06222480934329974	0.06222484992148576	0.0	0.037037037037037035	0.00390625	0.01694915254237288	1.0	0	0.038461538461538464
5799d0bb1b3a	0.0	0.11816600049205804	0.2958719682709606	0.2941941407259178	0.07230285101148776	0.02631578947368421	0.002066115702479339	0.0847457627118644	0.8218234495051137	0	0.08333333333333333
4e05a83d705e	0.0	0.14167841682498472	0.33553592355096173	0.3253624582827659	0.24018487211551637	0.14285714285714285	0.001968503937007874	0.01694915254237288	1.0	0	0.003861003861003861
8f5e4967219c	0.0	0.16155788157855885	0.30072565970853826	0.22307375358152826	0.3678380678374035	0.034482758620689655	0.005714285714285714	0.03389830508474576	1.0	0	0.05555555555555555
a8ff45e04265	0.4366182672237859	0.5995649881164022	0.6642819504843883	0.6585307369145323	0.5547382263973281	0.06122448979591836	0.0030120481927710845	0.3728813559322034	0.8218234495051137	0	1.0
9d137cc269f7	0.0	0.0	0.03639918008035379	0.0	0.07230285101148776	0.08333333333333333	0.0070921985815602835	0.06779661016949153	1.0	0	0.00980392156862745
7ba3d6c6a5ba	0.06620180705356699	0.17877825722756366	0.4352223090881957	0.4334448816985424	0.1869001585599246	0.029900332225913623	0.002531645569620253	0.1694915254237288	0.8218234495051137	0	0.25
2ddbcd35497d	0.0	0.17877825722756366	0.2619324331157728	0.22307375358152826	0.27528261567738554	0.034482758620689655	0.06666666666666667	0.01694915254237288	0.5528664994461185	0	0.022222222222222223
e4021194e5f2	0.17937454371951006	0.2598444173170428	0.3747406889609206	0.3740477138126567	0.07230285101148776	0.05555555555555555	0.0030303030303030303	0.3728813559322034	0.8218234495051137	0	0.16666666666666666
a0b3c9666cce	0.11317273666594312	0.2310675454387666	0.3605564225394263	0.21526261328334842	0.46937948721239	0.038461538461538464	0.003424657534246575	0.01694915254237288	1.0	0	0.05555555555555555
e04b56dad3ce	0.0	0.052289288211202906	0.16803434660440356	0.15303776336186264	0.11459730754843683	0.037037037037037035	0.0020161290322580645	0.11864406779661017	0.7199963091043476	0	1.0
041bc915ce9b	0.0	0.17877825722756366	0.2689311516998168	0.23691208862286453	0.26755234161774716	0.05555555555555555	0.005376344086021506	0.3728813559322034	0.8218234495051137	0	0.09090909090909091
3997a50b7cd8	0.0	0.08938912861378186	0.1350231695040073	0.0822567773113617	0.16788202110402858	0.029411764705882353	0.0045662100456621	0.01694915254237288	0.8218234495051137	0	0.04
ea8c2bc25fa1	0.20454330265592138	0.3575565144551274	0.47079627000629926	0.46313604200328573	0.36151425505743884	0.041379310344827586	0.0030959752321981426	0.559322033898305	0.7199963091043476	0	1.0
061861d1f6cd	0.06620180705356699	0.19396770503618765	0.23364715892766083	0.23364731129418437	0.0	0.05555555555555555	0.0024875621890547263	0.3728813559322034	0.8218234495051137	0	0.011494252873563218
22a47ce74ef8	0.0	0.11816600049205804	0.1808807130935711	0.17468723870137876	0.07230285101148776	0.1	0.010638297872340425	0.05084745762711864	1.0	0	1.0
e7a1bc3b607b	0.0	0.20755512910583993	0.30681419075174	0.24889939968594305	0.3547821796639532	0.03125	0.002652519893899204	0.0847457627118644	1.0	0	0.5
c4c120894916	0.06620180705356699	0.21984644927517105	0.4286507352776374	0.42865101481034246	0.0	0.043478260869565216	0.0064516129032258064	0.11864406779661017	1.0	0	1.0
9af54590edce	0.0	0.11816600049205804	0.1866744280298992	0.15303776336186264	0.1869001585599246	0.125	0.002506265664160401	0.3220338983050848	1.0	0	0.2
6bb813672b4a	0.0	0.14167841682498472	0.1866744280298992	0.16803445618334878	0.1446057020229755	0.025	0.047619047619047616	0.0847457627118644	0.8218234495051137	0	0.16666666666666666
bd155b519b8e	0.0	0.2598444173170428	0.34467310094345616	0.30072585581844824	0.37665833054636344	0.045454545454545456	1.0	0.03389830508474576	1.0	0	1.0
7d0c9721833e	0.06620180705356699	0.2413899532786789	0.2871494402247173	0.2569440160127405	0.2824793286524654	0.0625	0.0035335689045936395	0.11864406779661017	1.0	0	1.0
9f4dde178496	0.06620180705356699	0.16155788157855885	0.30072565970853826	0.2941941407259178	0.16788202110402858	0.02564102564102564	0.0021141649048625794	0.0847457627118644	0.8218234495051137	0	0.015873015873015872
83da4029a17a	0.0	0.052289288211202906	0.2110863048643623	0.1921169119349664	0.16788202110402858	0.037037037037037035	0.007042253521126761	0.11864406779661017	0.7199963091043476	0	0.3333333333333333
bd07549559c4	0.1496062201739993	0.16155788157855885	0.3704987302064021	0.35028587083897605	0.3398551926292349	0.14285714285714285	0.002004008016032064	0.01694915254237288	1.0	0	0.005
21be72feac54	0.22634547333188618	0.3492335459308247	0.49181754092290186	0.48973226350343374	0.25920300957141235	0.045454545454545456	0.004310344827586207	0.03389830508474576	1.0	0	0.5
531bd6e79f0c	0.20454330265592138	0.32572112959789795	0.4501106052483139	0.4362725637341425	0.39473247092973796	0.03225806451612903	0.0033444816053511705	0.01694915254237288	1.0	0	0.5
4d0aa751dd79	0.11317273666594312	0.20755512910583993	0.38877609831478394	0.3138866670219051	0.46584318365578475	0.14285714285714285	0.003952569169960474	0.4915254237288136	1.0	0	0.1111111111111111
b612a6628984	0.11317273666594312	0.11816600049205804	0.3529655854182781	0.31656661177793793	0.37086178576992634	0.2	0.002079002079002079	0.03389830508474576	0.8218234495051137	0	1.0
895cb15198bc	0.4931560855267949	0.40435726148239093	0.4726714593116125	0.39882338908929965	0.5616618738641208	0.05357142857142857	0.005649717514124294	0.3728813559322034	0.7199963091043476	0	0.0196078431372549
89f547830056	0.0	0.19396770503618765	0.33971209159248816	0.3053305308928899	0.3512458761073479	0.12280701754385966	0.002336448598130841	0.728813559322034	0.7199963091043476	0	1.0
fec6de3f36e3	0.06620180705356699	0.0	0.23364715892766083	0.23364731129418437	0.0	0.14285714285714285	0.002881844380403458	0.4915254237288136	1.0	0	0.03225806451612903
76742e2af71d	0.06620180705356699	0.0	0.03639918008035379	0.036399203817070964	0.0	0.05555555555555555	0.5	0.3728813559322034	0.8218234495051137	0	0.14285714285714285
601a67187f93	0.06620180705356699	0.08938912861378186	0.23364715892766083	0.22307375358152826	0.1446057020229755	0.14285714285714285	0.0040650406504065045	0.01694915254237288	1.0	0	0.024390243902439025
fd5345e5622e	0.7195015588586812	0.7878562204754311	0.8445734186103161	0.8440605131437627	0.5154674877929019	0.05357142857142857	0.005434782608695652	0.3728813559322034	0.7199963091043476	0	1.0
bf6e5ac3b136	0.06620180705356699	0.2413899532786789	0.37812869194087817	0.36903924075360267	0.27528261567738554	0.02564102564102564	0.019230769230769232	0.0847457627118644	0.8218234495051137	0	0.027777777777777776
cc69d8d6d435	0.1496062201739993	0.2413899532786789	0.30072565970853826	0.24889939968594305	0.3398551926292349	0.05	0.005917159763313609	0.3728813559322034	0.8218234495051137	0	0.3333333333333333
60d57bf5df89	0.06620180705356699	0.2598444173170428	0.3386861212955405	0.33764850999558577	0.07230285101148776	0.037037037037037035	0.0027247956403269754	0.11864406779661017	0.7199963091043476	0	0.16666666666666666
a8fad3442db5	0.06620180705356699	0.2310675454387666	0.3529655854182781	0.35028587083897605	0.1446057020229755	0.029900332225913623	0.05	0.1694915254237288	0.8218234495051137	0	1.0
dccb650b3603	0.0	0.08938912861378186	0.19724797884730702	0.16084890366004248	0.2029797646658978	0.05555555555555555	0.004347826086956522	0.3728813559322034	0.8218234495051137	0	0.1111111111111111
c3b14c00ac13	0.06620180705356699	0.16155788157855885	0.24889923737319897	0.2021018020798915	0.27528261567738554	0.2	0.0028653295128939827	0.03389830508474576	0.7199963091043476	0	0.3333333333333333
b0ab5ea76110	0.20454330265592138	0.3356461218611724	0.4991903076475201	0.48337410377168244	0.4634172379299443	0.05357142857142857	0.008928571428571428	0.3728813559322034	0.7199963091043476	0	0.009259259259259259
8fbe5526ff63	0.1496062201739993	0.20755512910583993	0.34563323227605924	0.3407266909519464	0.1869001585599246	0.125	0.01694915254237288	0.01694915254237288	1.0	0	0.02127659574468085
29dc0ecace96	0.6466968032153738	0.5736862438774188	0.6077203992833897	0.5761128819469667	0.651940946223749	0.05357142857142857	0.008333333333333333	0.3728813559322034	0.7199963091043476	0	0.07692307692307693
ffa2380d19f5	0.0	0.0	0.16084879876695327	0.15303776336186264	0.07230285101148776	0.125	0.00234192037470726	0.01694915254237288	1.0	0	0.02702702702702703
082166ab529c	0.11317273666594312	0.052289288211202906	0.16084879876695327	0.0986240537385567	0.2029797646658978	0.02564102564102564	0.0019267822736030828	0.0847457627118644	0.8218234495051137	0	0.038461538461538464
6e30d390c677	0.0	0.0	0.12444961868659946	0.0822567773113617	0.1446057020229755	0.034482758620689655	0.005494505494505495	0.03389830508474576	1.0	0	0.25
34e71894ee10	0.06620180705356699	0.052289288211202906	0.08225672366991757	0.036399203817070964	0.11459730754843683	0.020833333333333332	0.0024752475247524753	0.01694915254237288	0.8218234495051137	0	0.09090909090909091
35537f523c37	0.0	0.0	0.29248396529100307	0.24006228842175747	0.3315058605829001	0.034482758620689655	0.018518518518518517	0.03389830508474576	1.0	0	0.02702702702702703
8c23756b7c1e	0.0	0.052289288211202906	0.2852984174535528	0.2754236600741	0.1869001585599246	0.030211480362537763	0.0029850746268656717	0.1864406779661017	0.6493531214089197	0	0.2
3a0c6787e3a9	0.20454330265592138	0.3956599494367154	0.41736414319077336	0.4049465448062133	0.3475854666888733	0.029900332225913623	0.0025	0.1694915254237288	0.8218234495051137	0	0.04
5ee1dff77954	0.47192182410496325	0.522523261974449	0.6176618757604145	0.6102110784756793	0.5267553511891595	0.02631578947368421	0.0023923444976076554	0.0847457627118644	0.7199963091043476	0	1.0
32f3e0522438	0.2783406069239331	0.48354074211263887	0.6271110125443109	0.5729810009895621	0.7184472524587997	0.038461538461538464	0.01	0.03389830508474576	0.5528664994461185	0	1.0
c64aa12e5b85	0.0	0.0	0.06222480934329974	0.036399203817070964	0.07230285101148776	0.03571428571428571	0.004629629629629629	0.01694915254237288	1.0	0	0.014925373134328358
efe0d828766c	0.0	0.14167841682498472	0.37193510363131554	0.3111242496074288	0.4321743797627714	0.034482758620689655	0.0022471910112359553	0.11864406779661017	0.6493531214089197	0	1.0
887eadc04fe4	0.9571449391108585	0.8058800956244184	0.8268074133456284	0.7989297784651308	0.8952794844069695	0.05442176870748299	0.006622516556291391	0.3728813559322034	0.8218234495051137	0	1.0
006e5e0a5ef9	0.06620180705356699	0.0	0.3152364339923866	0.3138866670219051	0.07230285101148776	0.14285714285714285	0.002109704641350211	0.01694915254237288	1.0	0	0.3333333333333333
7f063225c752	0.0	0.0	0.1746871247840085	0.16084890366004248	0.11459730754843683	0.3333333333333333	0.002369668246445498	1.0	1.0	1	0.2
8557180ee9aa	0.1496062201739993	0.3356461218611724	0.42940512143010756	0.42318497560358853	0.29553521682591577	0.05555555555555555	0.0055248618784530384	0.3728813559322034	0.8218234495051137	0	0.013333333333333334
f31a6d768696	0.1496062201739993	0.17877825722756366	0.3520811307382998	0.3111242496074288	0.379440121123599	0.020833333333333332	0.012345679012345678	0.01694915254237288	1.0	0	0.007692307692307693
5ea3b6ec7449	0.17937454371951006	0.3092355778889529	0.41990501347752274	0.40244578470528286	0.382149649166184	0.029411764705882353	0.003278688524590164	0.01694915254237288	1.0	0	1.0
07de5a904de1	0.1496062201739993	0.16155788157855885	0.32169759753390653	0.3097104962570064	0.24018487211551637	0.034482758620689655	0.0022271714922048997	0.11864406779661017	0.6493531214089197	0	1.0
f36d9de51b42	0.11317273666594312	0.19396770503618765	0.30827392086310235	0.1921169119349664	0.3993692771615121	0.060402684563758385	0.03571428571428571	0.3728813559322034	0.8218234495051137	0	1.0
0ec1dbdaddd6	0.24557635077307707	0.4673995464228827	0.5249727671939045	0.4990178295038078	0.538743806873955	0.024390243902439025	0.010869565217391304	0.03389830508474576	0.7199963091043476	0	1.0
3addaaf0a2e6	0.0	0.32045667405254846	0.41779264722087933	0.3555680697512972	0.486447830243424	0.02564102564102564	0.005208333333333333	0.0847457627118644	0.8218234495051137	0	1.0
9f3b9b34daad	0.0	0.08938912861378186	0.25947278819060676	0.24006228842175747	0.21690855303446327	0.14285714285714285	0.001941747572815534	0.01694915254237288	1.0	0	0.005128205128205128
d0eae7cc5be5	0.06620180705356699	0.14167841682498472	0.30382153283792823	0.24889939968594305	0.3475854666888733	0.02564102564102564	0.002232142857142857	0.0847457627118644	0.8218234495051137	0	0.1
4c9f1ec424c8	0.1496062201739993	0.44285129116709593	0.4908755446209372	0.4586399177067642	0.5184060191428247	0.03333333333333333	0.05555555555555555	0.03389830508474576	0.6493531214089197	0	1.0
737052fdf35b	0.31771603932186443	0.2413899532786789	0.42712267414803223	0.42398651202132265	0.22919461509687367	0.020833333333333332	0.013513513513513514	0.01694915254237288	0.8218234495051137	0	0.5
93ecb234ad40	0.5553262372253955	0.6572913873004699	0.7475267129334384	0.7462037101757296	0.5011120691175648	0.029411764705882353	0.0021321961620469083	0.01694915254237288	1.0	0	1.0
d5c7957b4d55	0.06620180705356699	0.08938912861378186	0.1530376635625889	0.0986240537385567	0.1869001585599246	0.06666666666666667	0.0033003300330033004	0.15254237288135594	1.0	0	0.5
b262d0f7fcdd	0.0	0.29694425771962174	0.5192222219741379	0.48001776959426873	0.5677038411210971	0.05263157894736842	0.006493506493506494	0.01694915254237288	1.0	0	1.0
749876173c25	0.0	0.0	0.12444961868659946	0.0986240537385567	0.11459730754843683	0.02564102564102564	0.002188183807439825	0.0847457627118644	0.8218234495051137	0	0.03333333333333333
dfd114b082c8	0.0	0.14167841682498472	0.1808807130935711	0.17468723870137876	0.07230285101148776	0.0223463687150838	0.002150537634408602	0.0847457627118644	0.6493531214089197	0	0.034482758620689655
a7150be1795b	0.17937454371951006	0.28335683364996944	0.5051995603197057	0.5051998897716069	0.0	0.16666666666666666	0.001890359168241966	0.01694915254237288	1.0	0	0.5
76bcf372d6c4	0.9203045064080954	0.7980462924878657	0.841892805893336	0.824147051993886	0.8713367645632695	0.05555555555555555	0.007142857142857143	0.38983050847457623	0.6493531214089197	0	1.0
62a01b93abcd	0.1496062201739993	0.19396770503618765	0.16084879876695327	0.1444816272328475	0.11459730754843683	0.034482758620689655	0.003968253968253968	0.01694915254237288	1.0	0	0.017543859649122806
f01637839c9c	0.11317273666594312	0.28335683364996944	0.3322711483513144	0.2941941407259178	0.3512458761073479	0.025	0.3333333333333333	0.03389830508474576	0.7199963091043476	0	0.045454545454545456
b0bc47c76757	0.0	0.052289288211202906	0.1350231695040073	0.11246238877989302	0.11459730754843683	0.06944444444444445	0.0051813471502590676	0.11864406779661017	1.0	0	0.16666666666666666
3d22e1cbbcc4	0.06620180705356699	0.25094701019234067	0.41779264722087933	0.386382303770726	0.4321743797627714	0.25	0.0022675736961451248	1.0	1.0	1	0.024390243902439025
c0fb72e62931	0.06620180705356699	0.17877825722756366	0.2834084229327595	0.25166181710041935	0.2824793286524654	0.034482758620689655	0.006172839506172839	0.03389830508474576	1.0	0	0.3333333333333333
a50cdaf71385	0.0	0.17877825722756366	0.2834084229327595	0.2431056809714042	0.30149746610836137	0.03571428571428571	0.002207505518763797	0.11864406779661017	0.6493531214089197	0	1.0
41a2193a461c	0.24557635077307707	0.40435726148239093	0.4839893664428178	0.4383363668648766	0.5393381729527135	0.06944444444444445	0.00909090909090909	0.11864406779661017	1.0	0	0.16666666666666666
63a888e9010e	0.06620180705356699	0.16155788157855885	0.2302591559477033	0.21526261328334842	0.16788202110402858	0.02631578947368421	0.0019230769230769232	0.0847457627118644	0.8218234495051137	0	0.125
120bb852b98c	0.3675768451890223	0.2759856130067989	0.40244552226158176	0.35296581559500884	0.45174297213508674	0.05357142857142857	0.014492753623188406	0.3728813559322034	0.7199963091043476	0	0.25
b9e3925cccac	0.06620180705356699	0.08938912861378186	0.08225672366991757	0.036399203817070964	0.11459730754843683	0.05	0.0035087719298245615	0.11864406779661017	1.0	0	1.0
12e6c203814e	0.0	0.0	0.08225672366991757	0.0822567773113617	0.0	0.041666666666666664	0.015873015873015872	0.22033898305084745	1.0	0	0.016666666666666666
ffee7035de1b	0.17937454371951006	0.21984644927517105	0.30971029428801583	0.24889939968594305	0.36151425505743884	0.041666666666666664	0.0034129692832764505	0.22033898305084745	0.7199963091043476	0	0.07692307692307693
eaf43055f658	0.8175600391483544	0.7015815654631168	0.7270539814176639	0.653475242730424	0.8565477037813019	0.038461538461538464	0.002320185614849188	0.01694915254237288	0.4872331722265683	0	0.5
60b94907c8ed	0.06620180705356699	0.0	0.06222480934329974	0.06222484992148576	0.0	0.027777777777777776	0.004166666666666667	0.01694915254237288	0.8218234495051137	0	0.025
98092061d280	0.0	0.0	0.0	0.0	0.0	0.03333333333333333	0.003787878787878788	0.01694915254237288	1.0	0	0.03225806451612903
319963da7542	0.06620180705356699	0.14167841682498472	0.2907407760749784	0.285298603503014	0.1446057020229755	0.05	0.005952380952380952	0.3728813559322034	0.8218234495051137	0	0.07142857142857142
389506228cea	0.11317273666594312	0.29694425771962174	0.3993496491321918	0.3869868278221867	0.32706642615002435	0.037037037037037035	0.012987012987012988	0.03389830508474576	0.7199963091043476	0	0.03125
8dee8417b38c	0.0	0.08938912861378186	0.3300267458539839	0.3300269610717857	0.0	0.041666666666666664	0.002564102564102564	0.22033898305084745	1.0	0	0.027777777777777776
75f36131b3e9	0.06620180705356699	0.14167841682498472	0.1808807130935711	0.16803445618334878	0.11459730754843683	0.034482758620689655	0.016129032258064516	0.03389830508474576	1.0	0	0.034482758620689655
58f2988b6311	0.0	0.17877825722756366	0.16803434660440356	0.12444969984297151	0.1869001585599246	0.034482758620689655	0.0043859649122807015	0.01694915254237288	1.0	0	0.2
089a8bec6c63	0.26277895683994246	0.33077908189246075	0.4572732083127678	0.4572735065108259	0.0	0.038461538461538464	0.003389830508474576	0.01694915254237288	1.0	0	0.09090909090909091
2c37aaf08640	0.43088877598780756	0.5044993868254617	0.5533839921902742	0.5146905455424678	0.6061657223831218	0.037037037037037035	0.004830917874396135	0.01694915254237288	1.0	0	0.25
41fd38c9de59	0.0	0.11816600049205804	0.1921167866513249	0.1921169119349664	0.0	0.037037037037037035	0.003484320557491289	0.01694915254237288	1.0	0	0.005263157894736842
370f35c6869b	0.06620180705356699	0.2310675454387666	0.35641875821878183	0.354709005947806	0.11459730754843683	0.03571428571428571	0.2	0.03389830508474576	0.6493531214089197	0	0.25
29e4f48f1145	0.0	0.19396770503618765	0.4059273989548512	0.32888335984339123	0.4874272831166255	0.16666666666666666	0.00205761316872428	0.01694915254237288	1.0	0	0.25
d9667515fb73	0.0	0.08938912861378186	0.240062131871887	0.1350232575556277	0.3175770722143346	0.02564102564102564	0.0019342359767891683	0.0847457627118644	0.8218234495051137	0	0.02702702702702703
3260fa58b4e4	0.22634547333188618	0.32572112959789795	0.46667648042788323	0.46542820437490184	0.1869001585599246	0.08333333333333333	0.003048780487804878	0.06779661016949153	1.0	0	0.5
d5dc607f61dc	0.4057200170513963	0.47732453868615715	0.5814470313174377	0.5622745469056304	0.5763653259128882	0.029411764705882353	0.0025188916876574307	0.01694915254237288	0.7199963091043476	0	1.0
cfa1a3c7c463	0.2925472803854532	0.43645520751459366	0.5045513883785047	0.46441668401215025	0.5526725952425204	0.058823529411764705	0.006329113924050633	0.03389830508474576	1.0	0	1.0
47a21a8cd2f0	0.5188927537173394	0.5432012509670123	0.6498746358236858	0.6458552611693253	0.5019635919246357	0.02824858757062147	0.0021645021645021645	0.10169491525423728	0.7199963091043476	0	0.014084507042253521
3a59a69e2189	0.1496062201739993	0.2598444173170428	0.32655128897148417	0.2431056809714042	0.4016126101729191	0.03571428571428571	0.0024691358024691358	0.01694915254237288	1.0	0	0.023255813953488372
3012cb7729d8	0.11317273666594312	0.32045667405254846	0.44167369307484355	0.4379956777182098	0.25920300957141235	0.027777777777777776	0.006211180124223602	0.01694915254237288	0.8218234495051137	0	0.25
8e9c5790265b	0.0	0.08938912861378186	0.20210167028488468	0.18088083104991842	0.16788202110402858	0.16666666666666666	0.0022727272727272726	0.01694915254237288	1.0	0	0.2
56f3ce6da958	0.0	0.0	0.1866744280298992	0.18088083104991842	0.07230285101148776	0.037037037037037035	0.004524886877828055	0.01694915254237288	1.0	0	0.006329113924050633
5bafad827a5e	0.3675768451890223	0.43645520751459366	0.5194980176560676	0.5061634569731308	0.47053210628364495	0.022857142857142857	0.0019047619047619048	0.0847457627118644	0.6493531214089197	0	1.0
