revisions	files	functions	lines	addLines	deleteLines	pos	time	rf	ibf	isComponent	distance
d097bbf224ec	0.32457761273795777	0.42262468958867977	0.448606861145672	0.43522259290637055	0.3951770389209836	1.0	0.022222222222222223	0.5555555555555556	0.819836637888477	0	0.3333333333333333
9e464ec455df	0.15283719984194166	0.19396770503618765	0.3022869412151867	0.28340860774971316	0.26272467931750615	0.125	0.16666666666666666	0.5555555555555556	1.0	0	0.25
ebd3b0ceb37a	0.9015412846855929	0.7961791889997339	0.8423923572835764	0.8376743442782604	0.7512818971795265	0.02127659574468085	0.014492753623188406	0.22222222222222218	1.0	0	1.0
3ae59f888cd5	0.0	0.08938912861378186	0.29248396529100307	0.2431056809714042	0.3315101243147952	0.07142857142857142	0.013157894736842105	0.11111111111111109	1.0	0	1.0
479e8e84888c	0.4624675137264996	0.4151102582116798	0.604145889134063	0.5304992528484446	0.7235772864285496	0.023255813953488372	0.1111111111111111	0.22222222222222218	0.819836637888477	0	1.0
691741b825d7	0.1156168784316249	0.21984644927517105	0.38329681951029215	0.3555680697512972	0.38734173725256144	0.05555555555555555	0.016666666666666666	0.3333333333333333	1.0	0	0.3333333333333333
ca389cecc6e1	0.44604771970518375	0.5925924115389224	0.6627317424485197	0.6547355376217033	0.5938510348306981	1.0	0.02	1.0	0.819836637888477	0	0.5
b7b9418c5943	0.0	0.11816600049205804	0.16803434660440356	0.16084890366004248	0.07328519594407364	0.045454545454545456	0.029411764705882353	0.11111111111111109	0.7169883280031308	0	1.0
8475b20f280d	0.39996868489450776	0.5845297079920807	0.6530403878304294	0.6528539843173897	0.20573755554755108	0.5	0.013888888888888888	0.5555555555555556	0.819836637888477	0	0.5
9de8383ec493	0.23123375686324976	0.20755512910583993	0.40039351465970996	0.38075018992863535	0.375900510949421	0.06666666666666667	0.03571428571428571	0.22222222222222218	0.7169883280031308	1	1.0
2c51582762ea	0.06763153833293722	0.20755512910583993	0.27748728224918834	0.2431056809714042	0.28631724283122884	0.058823529411764705	0.04	0.11111111111111109	0.819836637888477	1	1.0
1d2c3fca8353	0.15283719984194166	0.17877825722756366	0.2907407760749784	0.2733112924399355	0.2434481513459436	0.03125	0.02857142857142857	0.11111111111111109	0.7169883280031308	1	1.0
0d16742315f5	0.15283719984194166	0.32572112959789795	0.42114897920955413	0.41948677147946223	0.17016295540186993	0.020833333333333332	0.013333333333333334	0.22222222222222218	1.0	0	1.0
bc646136f4d9	0.18324841676456208	0.2598444173170428	0.2460491115198026	0.21526261328334842	0.2434481513459436	0.5	0.5	0.5555555555555556	0.819836637888477	0	0.043478260869565216
57f73b705615	0.8698507480462417	0.7503737054521155	0.749247348718922	0.7028953792291754	0.8597320138711119	0.0625	0.025	0.3333333333333333	0.819836637888477	0	1.0
5b47d761d33c	0.18324841676456208	0.20755512910583993	0.3547087746343028	0.35028587083897605	0.18943948337343253	0.09090909090909091	0.043478260869565216	0.5555555555555556	0.819836637888477	1	0.1111111111111111
93de7d3d0ec5	0.18324841676456208	0.32045667405254846	0.3950483989694681	0.3826670915662682	0.3268103199710318	0.09090909090909091	0.01818181818181818	0.11111111111111109	1.0	0	0.125
6740d85a98b3	0.0	0.11816600049205804	0.16803434660440356	0.11246238877989302	0.20573755554755108	0.08333333333333333	0.045454545454545456	0.5555555555555556	0.819836637888477	1	0.5
da9f032a4037	0.49113211890816166	0.5005713292762338	0.6110587636533681	0.6098091909218705	0.3444726457672762	0.09090909090909091	0.01694915254237288	0.11111111111111109	1.0	0	1.0
5628706a2c7e	0.2684540782735666	0.42972526741990447	0.56455340792142	0.5527211306526693	0.5178397308809984	0.025	0.027777777777777776	0.22222222222222218	0.819836637888477	0	1.0
87070923a1ec	0.0	0.052289288211202906	0.06222480934329974	0.0	0.11615428742935889	0.05	0.017543859649122806	0.3333333333333333	1.0	0	1.0
525251d47bfd	0.2089607343063329	0.4923369634710196	0.5567195371404215	0.5274012407164037	0.5942348036323013	0.4375	0.022727272727272728	1.0	0.7169883280031308	0	1.0
de2af481dc41	0.43412837186206144	0.39262542701732545	0.5950087117415686	0.5244534468307523	0.7098770891469948	0.047619047619047616	0.02564102564102564	0.11111111111111109	1.0	0	1.0
fbb4d5aa821d	0.06763153833293722	0.052289288211202906	0.12444961868659946	0.11246238877989302	0.07328519594407364	0.09090909090909091	0.14285714285714285	0.5555555555555556	0.819836637888477	1	0.25
cdba21b47239	0.15283719984194166	0.20755512910583993	0.32655128897148417	0.3265515019228631	0.0	0.02564102564102564	0.0196078431372549	0.11111111111111109	0.7169883280031308	0	1.0
48cdcb685705	0.1156168784316249	0.2413899532786789	0.3300267458539839	0.3229360542951501	0.20573755554755108	0.07142857142857142	0.03333333333333333	0.5555555555555556	0.819836637888477	1	1.0
e3593bb995f4	0.0	0.08938912861378186	0.20210167028488468	0.2021018020798915	0.0	0.05263157894736842	0.017241379310344827	0.3333333333333333	1.0	0	1.0
f8558605dddb	0.1156168784316249	0.11816600049205804	0.223073608110253	0.1444816272328475	0.28631724283122884	0.09090909090909091	0.018518518518518517	0.11111111111111109	1.0	0	0.125
22e0033985af	0.0	0.0	0.0	0.0	0.0	0.0	0.0	0.0	0.0	0	0.0
87e7cad3b187	0.06763153833293722	0.19396770503618765	0.3547087746343028	0.34752345342449975	0.23230857485871778	0.09090909090909091	0.047619047619047616	0.5555555555555556	0.819836637888477	1	0.045454545454545456
dbe505926331	0.15283719984194166	0.20755512910583993	0.31388646232954215	0.29913693854435036	0.25352512402695815	0.07692307692307693	0.017857142857142856	0.11111111111111109	1.0	0	0.3333333333333333
e88ab0dea2d0	0.0	0.14167841682498472	0.25434159599462464	0.22673840454420918	0.2434481513459436	0.7777777777777779	0.015625	1.0	0.819836637888477	0	1.0
870bdb7ff9c8	0.1156168784316249	0.2413899532786789	0.35384141113454926	0.346583429312739	0.23230857485871778	0.02564102564102564	0.015151515151515152	0.5555555555555556	0.2641201612339208	0	1.0
138bfa21f3a6	0.1156168784316249	0.25094701019234067	0.3893647654986319	0.37611151694339084	0.3268103199710318	0.08333333333333333	0.02631578947368421	0.11111111111111109	1.0	0	1.0
4d5f202d5e23	0.2684540782735666	0.3653747416205808	0.37678879506889323	0.3580970111371559	0.3444726457672762	0.05555555555555555	0.05263157894736842	0.3333333333333333	1.0	0	1.0
e109df9be1af	0.7133474688239989	0.6032150785425553	0.7183681874565422	0.657943609364512	0.8439303190817832	0.021739130434782608	0.125	0.22222222222222218	1.0	0	1.0
493703d05279	0.6949993308151405	0.8309406848429126	0.8581113098000227	0.8580960291375812	0.18943948337343253	0.09090909090909091	0.012987012987012988	0.11111111111111109	0.5127778372010168	0	0.2
d8a48cf04822	0.15283719984194166	0.25094701019234067	0.342721471388412	0.3038217309667262	0.36967941145631705	0.5	0.015384615384615385	0.5555555555555556	0.819836637888477	0	0.5
ef4c23fd35a9	0.06763153833293722	0.08938912861378186	0.14448153301321734	0.11246238877989302	0.14657039188814727	0.125	0.2	0.5555555555555556	1.0	0	0.1111111111111111
c8e6d9debe86	0.1156168784316249	0.20755512910583993	0.3916815759881601	0.38877635184434883	0.18943948337343253	0.06666666666666667	0.058823529411764705	0.22222222222222218	0.819836637888477	1	1.0
417fbcaf20e4	0.34685063529487464	0.4151102582116798	0.5272747247012909	0.5197733075887534	0.4293032850645836	0.025	0.02040816326530612	0.11111111111111109	0.819836637888477	0	1.0
a6b6e3cf36a4	0.9011660316653285	1.0	1.0	1.0	0.07328519594407364	0.14285714285714285	0.014285714285714285	1.0	0.20523098471151385	0	1.0
e04b56dad3ce	0.0	0.052289288211202906	0.16803434660440356	0.15303776336186264	0.11615428742935889	0.05263157894736842	0.0136986301369863	0.11111111111111109	0.5916741449658187	0	1.0
2bc794b05dce	0.06763153833293722	0.21984644927517105	0.3950483989694681	0.39053089920676354	0.23230857485871778	0.025	1.0	0.5555555555555556	0.2641201612339208	0	0.5
8d3383935a74	0.2089607343063329	0.3448615593629846	0.41736414319077336	0.3972250415423424	0.3976648757927639	0.03225806451612903	0.024390243902439025	0.22222222222222218	0.7169883280031308	0	1.0
f9e8471002d7	0.06763153833293722	0.3149681328686091	0.35726168857966106	0.343702813747676	0.29314078377629454	0.0625	0.038461538461538464	0.11111111111111109	0.819836637888477	1	1.0
771232b89f38	0.06763153833293722	0.28335683364996944	0.37611127167284186	0.36604658088821196	0.28631724283122884	1.0	0.016129032258064516	0.5555555555555556	0.819836637888477	0	0.16666666666666666
2728bff12ca2	0.15283719984194166	0.26816738584134553	0.40833428371166935	0.4059276636691618	0.18943948337343253	0.03225806451612903	0.06666666666666667	0.22222222222222218	0.7169883280031308	0	0.1
1fe7e086684b	0.06763153833293722	0.14167841682498472	0.2852984174535528	0.2666585099219055	0.2434481513459436	0.058823529411764705	0.05	0.3333333333333333	1.0	0	1.0
5be5523c8c96	0.15283719984194166	0.21984644927517105	0.29248396529100307	0.2795048847884751	0.2198555878322209	0.125	0.25	0.5555555555555556	1.0	0	0.16666666666666666
84a1d576b4ec	0.1156168784316249	0.3448615593629846	0.458095547716768	0.44200101782755763	0.42368807942882813	0.05555555555555555	0.014705882352941176	0.11111111111111109	1.0	0	1.0
e3b5eb90906b	0.0	0.052289288211202906	0.24310552243687084	0.1921169119349664	0.2790227514916247	0.04	0.018867924528301886	0.11111111111111109	1.0	0	1.0
3bba4cd96313	0.18324841676456208	0.19396770503618765	0.382032412356413	0.3668041506363452	0.3315101243147952	0.0625	0.08333333333333333	0.22222222222222218	0.819836637888477	1	1.0
d1864e8d273a	0.0	0.08938912861378186	0.08225672366991757	0.06222484992148576	0.07328519594407364	0.1	0.1	0.5555555555555556	1.0	1	0.3333333333333333
a90ae029cad6	0.06763153833293722	0.11816600049205804	0.1746871247840085	0.16084890366004248	0.11615428742935889	0.09090909090909091	0.07692307692307693	0.5555555555555556	0.819836637888477	1	0.024390243902439025
2e51dc92f442	0.06763153833293722	0.052289288211202906	0.2871494402247173	0.2431056809714042	0.31673334729001723	0.041666666666666664	0.07142857142857142	0.11111111111111109	1.0	0	1.0
317ac07da1e6	0.32457761273795777	0.4909119627558094	0.5192222219741379	0.4533330596863628	0.6159724390636047	0.35	0.023255813953488372	1.0	0.7169883280031308	0	1.0
f7d5709ee3bd	0.0	0.0	0.06222480934329974	0.036399203817070964	0.07328519594407364	0.058823529411764705	0.09090909090909091	0.22222222222222218	0.819836637888477	1	1.0
ff4dcd4e7cbf	0.18324841676456208	0.2598444173170428	0.35384141113454926	0.343702813747676	0.26272467931750615	0.06666666666666667	0.03225806451612903	0.11111111111111109	0.7169883280031308	1	1.0
1f74053488c5	0.1156168784316249	0.3403361388061225	0.3916815759881601	0.3417297347099609	0.4461209071232984	0.047619047619047616	0.034482758620689655	0.11111111111111109	0.6457112531348923	0	0.5
5147c17e9683	0.06763153833293722	0.14167841682498472	0.19724797884730702	0.18088083104991842	0.14657039188814727	0.5	0.014925373134328358	0.5555555555555556	0.819836637888477	0	0.125
313ca82fe335	0.0	0.0	0.0	0.0	0.0	0.0	0.0	0.0	0.0	0	0.0
e40326dfa9b6	0.650848639992007	0.6978926532612499	0.7844671428377498	0.7844676544062703	0.0	0.024390243902439025	0.020833333333333332	0.22222222222222218	0.819836637888477	0	1.0
13374d0158f9	0.06763153833293722	0.2413899532786789	0.3845436648851043	0.3832970694666971	0.11615428742935889	0.022727272727272728	0.014084507042253521	0.22222222222222218	1.0	0	1.0
6825565854d6	0.31221641060425004	0.3403361388061225	0.5148353537065401	0.514835689442157	0.0	0.1	0.041666666666666664	0.5555555555555556	0.819836637888477	1	1.0
32b89f63cf8e	0.2684540782735666	0.3403361388061225	0.39110795471465654	0.37542884078350797	0.3444726457672762	0.03125	0.05555555555555555	0.22222222222222218	0.7169883280031308	0	1.0
b0af6b72f007	0.1156168784316249	0.11816600049205804	0.1746871247840085	0.11246238877989302	0.2198555878322209	0.5	0.02127659574468085	0.5555555555555556	0.819836637888477	0	0.045454545454545456
92915ddbc36f	0.0	0.19396770503618765	0.11246231544070878	0.11246238877989302	0.0	0.09090909090909091	0.3333333333333333	0.5555555555555556	0.819836637888477	1	0.02564102564102564
30b89717bac5	0.0	0.0	0.03639918008035379	0.0	0.07328519594407364	0.034482758620689655	0.037037037037037035	0.44444444444444436	0.7169883280031308	1	1.0
21e5630a726a	0.0	0.052289288211202906	0.08225672366991757	0.036399203817070964	0.11615428742935889	1.0	0.021739130434782608	1.0	0.819836637888477	0	1.0
1c6ed0c751b3	0.0	0.052289288211202906	0.240062131871887	0.1972481074771134	0.26272467931750615	0.09090909090909091	0.0625	0.5555555555555556	0.819836637888477	1	0.027777777777777776
8559551465d2	1.0	0.9192997660272638	0.9469898526770555	0.9469904702302598	0.0	0.04878048780487805	0.02702702702702703	0.44444444444444436	0.43339347763417224	1	1.0
124b4010279f	0.06763153833293722	0.052289288211202906	0.11246231544070878	0.06222484992148576	0.14657039188814727	1.0	0.015873015873015872	0.5555555555555556	0.819836637888477	0	0.16666666666666666
7012373d248c	0.15283719984194166	0.38951777658204884	0.4696040689005133	0.4676632944921593	0.23230857485871778	0.047619047619047616	0.019230769230769232	0.44444444444444436	0.4824894837218527	0	1.0
0bfbad79b7bd	0.06763153833293722	0.20755512910583993	0.2733111142076621	0.23025930610483455	0.2995505152351511	0.05263157894736842	0.030303030303030304	0.44444444444444436	0.7169883280031308	1	1.0
8c31110375c5	0.9350472081371242	0.829080634531919	0.8781007659745617	0.8689093554294399	0.8611835409404869	0.05555555555555555	0.013513513513513514	0.11111111111111109	0.43339347763417224	0	1.0
78e10891a932	0.9624157703013159	0.7652006926941957	0.6945972537553731	0.6102611881517791	0.8389774466324769	0.07692307692307693	0.03125	0.3333333333333333	0.819836637888477	1	1.0
