revisions	files	functions	lines	addLines	deleteLines	pos	time	rf	ibf	isComponent	distance
33e01910f0e5	0.18324841676456208	0.052289288211202906	0.223073608110253	0.21526261328334842	0.11615428742935889	0.09417040358744395	0.125	1.0	1.0	1	0.2
da95a1b91da7	0.7738800678488662	0.9333001968632375	0.9488005359155721	0.9488011546495635	0.0	0.05	0.015625	0.022727272727272724	0.7169883280031308	0	1.0
2ac68f59b417	0.0	0.2413899532786789	0.29913674347060804	0.2543417618564522	0.3315101243147952	0.08333333333333333	0.014705882352941176	0.022727272727272724	1.0	0	1.0
a239f9ec0c0e	0.8374331659063003	0.8409074680823564	0.9499762973278433	0.9499769168285749	0.0	0.06465517241379311	0.0125	0.75	1.0	0	1.0
acb14eef2d73	0.1156168784316249	0.32045667405254846	0.3893647654986319	0.3407266909519464	0.44135040522507246	0.02857142857142857	0.015384615384615385	0.022727272727272724	1.0	0	1.0
9519a4901110	0.18324841676456208	0.20755512910583993	0.29913674347060804	0.268931327075819	0.2995505152351511	0.018518518518518517	1.0	0.022727272727272724	0.819836637888477	0	1.0
479e8e84888c	0.4624675137264996	0.4151102582116798	0.604145889134063	0.5304992528484446	0.7235772864285496	0.027777777777777776	0.09090909090909091	0.022727272727272724	0.819836637888477	0	1.0
40f4a43d0a51	0.2089607343063329	0.29694425771962174	0.44981186479338786	0.4400206842355211	0.36642597972036817	0.015873015873015872	0.2	0.022727272727272724	0.819836637888477	0	1.0
a5aa40c05edd	0.5117509140505785	0.6395629561582741	0.7075388559908385	0.7074545233159374	0.18943948337343253	0.01639344262295082	0.01098901098901099	0.022727272727272724	1.0	0	1.0
197b8d811943	0.0	0.11816600049205804	0.2110863048643623	0.1972481074771134	0.14657039188814727	0.05555555555555555	0.02	0.022727272727272724	1.0	0	1.0
b7b9418c5943	0.0	0.11816600049205804	0.16803434660440356	0.16084890366004248	0.07328519594407364	0.04580152671755725	0.023809523809523808	0.4545454545454545	0.7169883280031308	0	1.0
9de8383ec493	0.23123375686324976	0.20755512910583993	0.40039351465970996	0.38075018992863535	0.375900510949421	0.07096774193548387	0.02857142857142857	0.5	0.7169883280031308	1	1.0
2c51582762ea	0.06763153833293722	0.20755512910583993	0.27748728224918834	0.2431056809714042	0.28631724283122884	0.1111111111111111	0.03333333333333333	0.06818181818181818	0.819836637888477	1	1.0
19bcb5a6573d	0.1156168784316249	0.28335683364996944	0.32772478834659746	0.28714962748127176	0.35601808912051	0.015384615384615385	0.015151515151515152	0.022727272727272724	1.0	0	1.0
1d2c3fca8353	0.15283719984194166	0.17877825722756366	0.2907407760749784	0.2733112924399355	0.2434481513459436	0.029411764705882353	0.022727272727272728	0.11363636363636362	0.7169883280031308	1	1.0
5b47d761d33c	0.18324841676456208	0.20755512910583993	0.3547087746343028	0.35028587083897605	0.18943948337343253	0.0805084745762712	0.03571428571428571	0.9545454545454545	0.819836637888477	1	0.01818181818181818
3bede0725dfe	0.0	0.052289288211202906	0.1530376635625889	0.15303776336186264	0.0	0.09417040358744395	0.037037037037037035	1.0	1.0	1	0.3333333333333333
f1fdee5a67f3	0.8661846686659406	0.6832776440530254	0.8165654700218236	0.7476465557578882	0.9690572319395623	0.047619047619047616	0.08333333333333333	0.022727272727272724	1.0	1	1.0
6740d85a98b3	0.0	0.11816600049205804	0.16803434660440356	0.11246238877989302	0.20573755554755108	0.07865168539325842	0.038461538461538464	1.0	0.819836637888477	1	0.5
5628706a2c7e	0.2684540782735666	0.42972526741990447	0.56455340792142	0.5527211306526693	0.5178397308809984	0.030303030303030304	0.022222222222222223	0.022727272727272724	0.819836637888477	0	1.0
525251d47bfd	0.2089607343063329	0.4923369634710196	0.5567195371404215	0.5274012407164037	0.5942348036323013	0.024691358024691357	0.01694915254237288	0.06818181818181818	0.7169883280031308	0	1.0
fbb4d5aa821d	0.06763153833293722	0.052289288211202906	0.12444961868659946	0.11246238877989302	0.07328519594407364	0.0805084745762712	0.1	0.9545454545454545	0.819836637888477	1	0.015625
cdba21b47239	0.15283719984194166	0.20755512910583993	0.32655128897148417	0.3265515019228631	0.0	0.019230769230769232	0.016129032258064516	0.022727272727272724	0.7169883280031308	0	1.0
48cdcb685705	0.1156168784316249	0.2413899532786789	0.3300267458539839	0.3229360542951501	0.20573755554755108	0.06840390879478828	0.02564102564102564	1.0	0.819836637888477	1	1.0
efe0d828766c	0.0	0.14167841682498472	0.37193510363131554	0.3111242496074288	0.43804613040626883	0.05172413793103449	0.013157894736842105	0.0909090909090909	0.7169883280031308	0	1.0
6f40e478320f	0.23123375686324976	0.3032362984035436	0.39449595769461404	0.38454391565460494	0.3055937708027914	0.05	0.020833333333333332	0.022727272727272724	1.0	0	1.0
74a7ac1e7541	0.392209151070895	0.4585021392981806	0.5868731402467455	0.5866782967522381	0.14657039188814727	0.125	0.018518518518518517	0.022727272727272724	1.0	0	1.0
bb2cae300f3b	0.1156168784316249	0.19396770503618765	0.23691193412730824	0.21526261328334842	0.20573755554755108	0.020833333333333332	0.5	0.0909090909090909	0.819836637888477	0	0.125
87e7cad3b187	0.06763153833293722	0.19396770503618765	0.3547087746343028	0.34752345342449975	0.23230857485871778	0.09417040358744395	0.04	1.0	0.819836637888477	1	1.0
d14e12f80210	0.2089607343063329	0.28335683364996944	0.3813934671405255	0.3191688659342263	0.45068542265940303	0.023529411764705882	0.016666666666666666	0.06818181818181818	0.819836637888477	0	1.0
870bdb7ff9c8	0.1156168784316249	0.2413899532786789	0.35384141113454926	0.346583429312739	0.23230857485871778	0.03220338983050847	0.012658227848101266	0.9545454545454545	0.2641201612339208	0	1.0
f64ab851da28	0.46760022322744493	0.4865399761879694	0.6278553215660712	0.6278145419776997	0.07328519594407364	0.1	0.0136986301369863	0.022727272727272724	1.0	0	1.0
63e25a9ed0fb	0.0	0.19396770503618765	0.1921167866513249	0.16084890366004248	0.18943948337343253	0.07692307692307693	0.014925373134328358	0.022727272727272724	1.0	0	1.0
d6ea0db8559d	0.0	0.2310675454387666	0.3484535089441898	0.3265515019228631	0.3268103199710318	0.06666666666666667	0.023255813953488372	0.022727272727272724	1.0	0	1.0
493703d05279	0.6949993308151405	0.8309406848429126	0.8581113098000227	0.8580960291375812	0.18943948337343253	0.022222222222222223	0.011111111111111112	0.022727272727272724	0.5127778372010168	0	1.0
07de5a904de1	0.15283719984194166	0.16155788157855885	0.32169759753390653	0.3097104962570064	0.2434481513459436	0.047619047619047616	0.012987012987012988	0.0909090909090909	0.7169883280031308	0	1.0
76fa796a79cb	0.06763153833293722	0.2413899532786789	0.43272353954970183	0.42902900055783094	0.25352512402695815	0.016666666666666666	0.3333333333333333	0.022727272727272724	0.819836637888477	0	1.0
c8e6d9debe86	0.1156168784316249	0.20755512910583993	0.3916815759881601	0.38877635184434883	0.18943948337343253	0.05357142857142857	0.045454545454545456	0.1818181818181818	0.819836637888477	1	1.0
82baad1f07c0	0.0	0.14167841682498472	0.2907407760749784	0.23364731129418437	0.34032591080373986	0.017857142857142856	0.25	0.022727272727272724	0.819836637888477	0	1.0
a6b6e3cf36a4	0.9011660316653285	1.0	1.0	1.0	0.07328519594407364	0.04468085106382979	0.012345679012345678	1.0	0.20523098471151385	0	1.0
85c760ec6331	0.39996868489450776	0.522523261974449	0.5266411904991696	0.45971826679794364	0.6257939266696149	0.043478260869565216	0.014285714285714285	0.1818181818181818	1.0	0	1.0
e04b56dad3ce	0.0	0.052289288211202906	0.16803434660440356	0.15303776336186264	0.11615428742935889	0.05454545454545455	0.012195121951219513	0.5454545454545454	0.5916741449658187	0	1.0
a89f90129c0d	0.0	0.0	0.12444961868659946	0.11246238877989302	0.07328519594407364	0.041666666666666664	0.011904761904761904	0.022727272727272724	1.0	0	1.0
2bc794b05dce	0.06763153833293722	0.21984644927517105	0.3950483989694681	0.39053089920676354	0.23230857485871778	0.031198686371100164	0.14285714285714285	0.9545454545454545	0.2641201612339208	0	0.5
a3bcc6676c47	0.06763153833293722	0.20755512910583993	0.3475232267968525	0.3407266909519464	0.2198555878322209	0.03125	0.02040816326530612	0.022727272727272724	1.0	0	1.0
8d3383935a74	0.2089607343063329	0.3448615593629846	0.41736414319077336	0.3972250415423424	0.3976648757927639	0.03007518796992481	0.017857142857142856	0.11363636363636362	0.7169883280031308	0	1.0
d5b9c38679c2	0.0	0.14167841682498472	0.2192529709249519	0.21526261328334842	0.07328519594407364	0.022727272727272728	0.014492753623188406	0.022727272727272724	1.0	0	1.0
f9e8471002d7	0.06763153833293722	0.3149681328686091	0.35726168857966106	0.343702813747676	0.29314078377629454	0.1111111111111111	0.03225806451612903	0.06818181818181818	0.819836637888477	1	1.0
1c3b774c2681	0.0	0.0	0.03639918008035379	0.0	0.07328519594407364	0.05263157894736842	0.05555555555555555	0.04545454545454545	1.0	0	1.0
2728bff12ca2	0.15283719984194166	0.26816738584134553	0.40833428371166935	0.4059276636691618	0.18943948337343253	0.03007518796992481	0.05	0.11363636363636362	0.7169883280031308	0	0.1
ba21ebdb445a	0.1156168784316249	0.19396770503618765	0.31916865779722586	0.3178771676432612	0.07328519594407364	0.02564102564102564	0.011494252873563218	0.022727272727272724	1.0	0	1.0
3bba4cd96313	0.18324841676456208	0.19396770503618765	0.382032412356413	0.3668041506363452	0.3315101243147952	0.05084745762711864	0.0625	0.1818181818181818	0.819836637888477	1	1.0
a50cdaf71385	0.0	0.17877825722756366	0.2834084229327595	0.2431056809714042	0.3055937708027914	0.05454545454545455	0.01282051282051282	0.0909090909090909	0.7169883280031308	0	1.0
afa073274618	0.7840396415996993	0.8441891019595081	0.8869796960717886	0.8733079103306942	0.9110255962857308	0.025	0.011235955056179775	0.022727272727272724	0.5127778372010168	0	1.0
a90ae029cad6	0.06763153833293722	0.11816600049205804	0.1746871247840085	0.16084890366004248	0.11615428742935889	0.0805084745762712	0.058823529411764705	0.9545454545454545	0.819836637888477	1	0.06666666666666667
1635bfd3831c	0.0	0.17877825722756366	0.3253622461067884	0.3053305308928899	0.29314078377629454	0.058823529411764705	0.021739130434782608	0.022727272727272724	1.0	0	1.0
a55a6e022b57	0.49546482736881214	0.4707934594675118	0.543831182145409	0.49049628073118345	0.6291506590378744	0.02631578947368421	0.16666666666666666	0.022727272727272724	1.0	1	1.0
29313eb2c393	0.0	0.0	0.14448153301321734	0.11246238877989302	0.14657039188814727	0.05263157894736842	0.013513513513513514	0.022727272727272724	1.0	0	1.0
a99f19922716	0.0	0.16155788157855885	0.31251587961762084	0.28340860774971316	0.3113102001789346	0.03225806451612903	0.07142857142857142	0.022727272727272724	1.0	0	1.0
ff4dcd4e7cbf	0.18324841676456208	0.2598444173170428	0.35384141113454926	0.343702813747676	0.26272467931750615	0.08974358974358974	0.025	0.38636363636363635	0.7169883280031308	1	1.0
1f74053488c5	0.1156168784316249	0.3403361388061225	0.3916815759881601	0.3417297347099609	0.4461209071232984	0.048	0.02631578947368421	0.4545454545454545	0.6457112531348923	0	0.5
f7d5709ee3bd	0.0	0.0	0.06222480934329974	0.036399203817070964	0.07328519594407364	0.04838709677419355	0.06666666666666667	0.1818181818181818	0.819836637888477	1	1.0
317ac07da1e6	0.32457761273795777	0.4909119627558094	0.5192222219741379	0.4533330596863628	0.6159724390636047	0.01694915254237288	0.017241379310344827	0.022727272727272724	0.7169883280031308	0	1.0
313ca82fe335	0.0	0.0	0.0	0.0	0.0	0.0	0.0	0.0	0.0	0	0.0
e40326dfa9b6	0.650848639992007	0.6978926532612499	0.7844671428377498	0.7844676544062703	0.0	0.029411764705882353	0.01639344262295082	0.022727272727272724	0.819836637888477	0	1.0
3d8c257c8ac6	0.33608561660650377	0.4850490780504972	0.45419182730123314	0.3928181944644745	0.534587710920228	0.0196078431372549	0.014084507042253521	0.022727272727272724	1.0	0	1.0
0890318f266f	0.0	0.20755512910583993	0.2871494402247173	0.285298603503014	0.07328519594407364	0.04109589041095891	0.012048192771084338	0.1818181818181818	1.0	0	1.0
6825565854d6	0.31221641060425004	0.3403361388061225	0.5148353537065401	0.514835689442157	0.0	0.09333333333333334	0.034482758620689655	1.0	0.819836637888477	1	1.0
32b89f63cf8e	0.2684540782735666	0.3403361388061225	0.39110795471465654	0.37542884078350797	0.3444726457672762	0.029197080291970802	0.041666666666666664	0.11363636363636362	0.7169883280031308	0	1.0
227528c6f76c	0.06763153833293722	0.16155788157855885	0.2711478426908739	0.22673840454420918	0.2995505152351511	0.125	0.07692307692307693	0.0909090909090909	1.0	1	0.3333333333333333
92915ddbc36f	0.0	0.19396770503618765	0.11246231544070878	0.11246238877989302	0.0	0.0805084745762712	0.1111111111111111	0.9545454545454545	0.819836637888477	1	0.03333333333333333
30b89717bac5	0.0	0.0	0.03639918008035379	0.0	0.07328519594407364	0.032407407407407406	0.029411764705882353	0.22727272727272724	0.7169883280031308	1	1.0
25bd88d965e8	0.25087995509749933	0.3403361388061225	0.46517608744321615	0.45971826679794364	0.3268103199710318	0.021739130434782608	0.043478260869565216	0.0909090909090909	0.819836637888477	0	1.0
05e86ba380c9	0.1156168784316249	0.21984644927517105	0.3437025896115514	0.3355361423614212	0.23230857485871778	0.02247191011235955	0.05263157894736842	0.06818181818181818	1.0	0	1.0
6ff62eb1cb80	0.25087995509749933	0.3956599494367154	0.48857358711355064	0.48023125716789555	0.3951770389209836	0.038461538461538464	0.013333333333333334	0.1818181818181818	1.0	0	1.0
fc2f87a798bb	0.1156168784316249	0.14167841682498472	0.26665833602805705	0.23691208862286453	0.26272467931750615	0.0625	0.0196078431372549	0.04545454545454545	0.819836637888477	0	1.0
1c6ed0c751b3	0.0	0.052289288211202906	0.240062131871887	0.1972481074771134	0.26272467931750615	0.0805084745762712	0.047619047619047616	0.9545454545454545	0.819836637888477	1	0.125
a9037c382b1f	0.298865295196187	0.3092355778889529	0.41948649792296083	0.401425643245588	0.39001854323409085	0.05555555555555555	0.018867924528301886	0.022727272727272724	1.0	0	1.0
e8451ed3f7b0	0.23123375686324976	0.17877825722756366	0.2569438484539261	0.2431056809714042	0.18943948337343253	0.058823529411764705	0.03125	0.04545454545454545	1.0	0	1.0
0efab465dc69	0.298865295196187	0.3356461218611724	0.43089513777496785	0.40927952169377846	0.4197717728647314	0.07142857142857142	0.011764705882352941	0.0909090909090909	1.0	0	0.5
04b13382be1d	0.15283719984194166	0.2598444173170428	0.2733111142076621	0.2643266520013773	0.17016295540186993	0.014705882352941176	0.011363636363636364	0.022727272727272724	1.0	0	0.5
8559551465d2	1.0	0.9192997660272638	0.9469898526770555	0.9469904702302598	0.0	0.050595238095238096	0.02127659574468085	0.8636363636363636	0.43339347763417224	1	1.0
6d1de89ec39b	0.1156168784316249	0.17877825722756366	0.16803434660440356	0.1444816272328475	0.14657039188814727	0.08064516129032258	0.027777777777777776	0.29545454545454547	0.819836637888477	1	0.1
7012373d248c	0.15283719984194166	0.38951777658204884	0.4696040689005133	0.4676632944921593	0.23230857485871778	0.047619047619047616	0.015873015873015872	0.20454545454545453	0.4824894837218527	0	1.0
78494d510c1b	0.06763153833293722	0.17877825722756366	0.3311559610431165	0.2569440160127405	0.40479532025886883	0.014492753623188406	0.01818181818181818	0.022727272727272724	1.0	0	1.0
0bfbad79b7bd	0.06763153833293722	0.20755512910583993	0.2733111142076621	0.23025930610483455	0.2995505152351511	0.056910569105691054	0.024390243902439025	0.6818181818181818	0.7169883280031308	1	1.0
8c31110375c5	0.9350472081371242	0.829080634531919	0.8781007659745617	0.8689093554294399	0.8611835409404869	0.057692307692307696	0.011627906976744186	0.5454545454545454	0.43339347763417224	0	1.0
ec9db3d2acf6	0.0	0.08938912861378186	0.16084879876695327	0.15303776336186264	0.07328519594407364	0.02564102564102564	0.030303030303030304	0.022727272727272724	1.0	1	1.0
35b7b196ea28	0.4144821736278119	0.4850490780504972	0.6132173062516808	0.61238986453018	0.3055937708027914	0.05263157894736842	0.013888888888888888	0.04545454545454545	0.819836637888477	0	1.0
d5e354ff2378	0.0	0.28335683364996944	0.38392240687720625	0.3826670915662682	0.11615428742935889	0.09090909090909091	0.019230769230769232	0.022727272727272724	1.0	0	1.0
be3686c05545	0.18324841676456208	0.19396770503618765	0.29913674347060804	0.2941941407259178	0.14657039188814727	0.1111111111111111	0.02702702702702703	0.022727272727272724	1.0	1	1.0
