revisions	files	functions	lines	addLines	deleteLines	pos	time	rf	ibf	isComponent	distance
4f31df7b30bb	0.4624675137264996	0.4707934594675118	0.5224771316400801	0.4671713947276991	0.6068579084569787	0.25	0.05555555555555555	0.49999999999999994	0.7733135557050786	0	1.0
44a4cf43ec91	0.5587636572410989	0.5213969556662159	0.5879072357574254	0.4747355706819476	0.730555699240491	0.16666666666666666	0.02857142857142857	1.0	1.0	1	0.14285714285714285
5a272432b638	0.31221641060425004	0.3956599494367154	0.31787696034860546	0.2569440160127405	0.375900510949421	0.25	0.025	0.0	1.0	0	0.2
fd5345e5622e	0.7350403172406622	0.7878562204754311	0.8445734186103161	0.8440605131437627	0.5224709028375683	0.058823529411764705	0.041666666666666664	0.0	1.0	0	1.0
9d23f4c45f93	0.0	0.11816600049205804	0.223073608110253	0.1972481074771134	0.20573755554755108	0.07692307692307693	0.2	0.0	1.0	0	0.25
b1ddc9cae116	0.15283719984194166	0.3403361388061225	0.5165590179969173	0.4569977106490437	0.6054892396514744	0.07692307692307693	0.03125	0.0	1.0	0	1.0
ba9fd7dd4576	0.7569315008735075	0.747270728626659	0.7823707068483857	0.7575343746537336	0.8446141803890029	0.14285714285714285	0.045454545454545456	1.0	1.0	1	1.0
7fd6ba9bcb96	0.0	0.0	0.23364715892766083	0.18667454976445727	0.26272467931750615	0.1111111111111111	0.1	0.0	1.0	0	0.016129032258064516
c1b97f227c17	0.0	0.0	0.1746871247840085	0.16084890366004248	0.11615428742935889	0.1111111111111111	0.02702702702702703	0.0	1.0	0	0.047619047619047616
89f71cf3d34d	0.0	0.0	0.16803434660440356	0.16084890366004248	0.07328519594407364	0.1111111111111111	0.0625	1.0	1.0	0	1.0
1a6007bf36d3	0.0	0.0	0.06222480934329974	0.036399203817070964	0.07328519594407364	0.25	0.125	0.0	1.0	0	0.045454545454545456
6e1cdc178209	0.06763153833293722	0.052289288211202906	0.21526247290588865	0.1921169119349664	0.18943948337343253	0.125	0.022222222222222223	1.0	1.0	1	0.2
c9f7c16a0b71	0.06763153833293722	0.16155788157855885	0.223073608110253	0.18088083104991842	0.2434481513459436	0.07142857142857142	0.03571428571428571	0.49999999999999994	1.0	0	1.0
80468262d502	0.0	0.0	0.16803434660440356	0.16084890366004248	0.07328519594407364	0.1111111111111111	0.030303030303030304	0.0	1.0	0	0.047619047619047616
20e740a2b4f2	0.0	0.14167841682498472	0.30827392086310235	0.29248415602632033	0.25352512402695815	0.2	0.02	1.0	1.0	1	1.0
e2064d75c608	0.0	0.11816600049205804	0.240062131871887	0.18667454976445727	0.2790227514916247	0.25	0.3333333333333333	0.0	1.0	0	0.07692307692307693
f7b1baf0f797	0.0	0.11816600049205804	0.24310552243687084	0.12444969984297151	0.3315101243147952	0.25	0.08333333333333333	0.0	0.7733135557050786	0	0.047619047619047616
6354c32197a1	0.0	0.14167841682498472	0.24310552243687084	0.16084890366004248	0.3113102001789346	0.07142857142857142	0.047619047619047616	0.0	1.0	0	1.0
a140d038b478	0.2089607343063329	0.21984644927517105	0.32655128897148417	0.29248415602632033	0.34032591080373986	0.1	0.16666666666666666	0.0	1.0	0	0.5
eaf0e76adf73	0.1156168784316249	0.2759856130067989	0.2619324331157728	0.2431056809714042	0.2198555878322209	0.05555555555555555	0.05263157894736842	0.0	0.6439070137955224	0	0.5
baf63f6cd06c	0.0	0.11816600049205804	0.21526247290588865	0.2067064771543332	0.11615428742935889	0.14285714285714285	0.06666666666666667	1.0	1.0	1	0.02631578947368421
219a0ffbcdf1	0.2089607343063329	0.39862470650273474	0.47894233684149795	0.47336498707623875	0.3444726457672762	0.041666666666666664	0.07142857142857142	0.49999999999999994	0.6439070137955224	0	1.0
870bdb7ff9c8	0.1156168784316249	0.2413899532786789	0.35384141113454926	0.346583429312739	0.23230857485871778	0.03571428571428571	0.022727272727272728	0.49999999999999994	0.07409596422305327	0	1.0
45ab295fbbcd	0.18324841676456208	0.29694425771962174	0.3712197896963522	0.35384164188242545	0.3315101243147952	0.07142857142857142	0.043478260869565216	0.0	1.0	0	0.14285714285714285
2e2856bbae1b	0.0	0.0	0.25947278819060676	0.1972481074771134	0.3113102001789346	0.1111111111111111	0.04	0.0	1.0	0	0.125
fe5d08b521b6	0.0	0.11816600049205804	0.37264476285153675	0.3712200317770567	0.11615428742935889	0.1111111111111111	0.02631578947368421	0.0	1.0	0	0.5
1610e23ca92b	0.1156168784316249	0.16155788157855885	0.4369654983042203	0.4177929196727829	0.41570480266450993	0.14285714285714285	0.019230769230769232	1.0	1.0	1	0.07692307692307693
460d7785656e	0.23123375686324976	0.3149681328686091	0.3845436648851043	0.3022871383432432	0.4733807118591791	0.125	0.25	1.0	1.0	0	0.2
93ecb234ad40	0.5673193734697535	0.6572913873004699	0.7475267129334384	0.7462037101757296	0.5079204438202034	0.037037037037037035	0.021739130434782608	0.49999999999999994	1.0	0	1.0
a6b6e3cf36a4	0.9011660316653285	1.0	1.0	1.0	0.07328519594407364	0.25	0.020833333333333332	1.0	0.0	0	1.0
794bb4ee379b	0.06763153833293722	0.28335683364996944	0.37611127167284186	0.33227136503274113	0.41775784171134983	0.06666666666666667	0.07692307692307693	0.49999999999999994	1.0	0	1.0
4b38c4442186	0.0	0.0	0.06222480934329974	0.036399203817070964	0.07328519594407364	0.1111111111111111	0.14285714285714285	0.0	1.0	0	0.022727272727272728
2bc794b05dce	0.06763153833293722	0.21984644927517105	0.3950483989694681	0.39053089920676354	0.23230857485871778	0.034482758620689655	0.5	0.49999999999999994	0.07409596422305327	0	0.5
9c3c8a505d57	0.06763153833293722	0.20755512910583993	0.439013604412193	0.4366198426291333	0.2198555878322209	0.1	0.058823529411764705	0.0	1.0	0	1.0
6c563c769572	0.18324841676456208	0.25094701019234067	0.31388646232954215	0.285298603503014	0.3113102001789346	0.05555555555555555	0.05	0.0	0.7733135557050786	0	1.0
745dbf28ecc1	0.06763153833293722	0.14167841682498472	0.3311559610431165	0.3082741218954018	0.3113102001789346	0.1111111111111111	0.029411764705882353	0.0	1.0	0	0.07142857142857142
7620cf8ef36f	0.3755152404765367	0.43862267454460646	0.4841936246057054	0.4120561806379748	0.581205639764277	0.125	0.023809523809523808	1.0	0.7733135557050786	0	0.5
894fe07157c0	0.28435180646288283	0.32045667405254846	0.4693637168858254	0.4572735065108259	0.40929507120565345	0.05555555555555555	1.0	0.49999999999999994	0.5542242588099543	0	1.0
08351eaddc86	0.0	0.0	0.03639918008035379	0.0	0.07328519594407364	0.06666666666666667	0.03225806451612903	0.0	1.0	0	0.25
5f4434682020	0.4212912781155082	0.4707934594675118	0.6353949478831278	0.6068404221089561	0.6843094507391945	0.1	0.034482758620689655	0.49999999999999994	1.0	0	1.0
c48142fbb8bd	0.0	0.0	0.1921167866513249	0.18088083104991842	0.11615428742935889	0.07692307692307693	0.027777777777777776	0.49999999999999994	1.0	0	1.0
eaf43055f658	0.8352165233556171	0.7015815654631168	0.7270539814176639	0.653475242730424	0.8681852157819551	0.25	0.024390243902439025	0.49999999999999994	0.5542242588099543	0	0.25
1521cdc53e31	0.0	0.16155788157855885	0.33971209159248816	0.32044224164478247	0.3055937708027914	0.1	0.038461538461538464	0.49999999999999994	1.0	0	1.0
017a876778bd	0.34685063529487464	0.48354074211263887	0.6138452498990427	0.5849018884592277	0.6601844567166438	0.07142857142857142	0.02564102564102564	0.0	1.0	0	0.16666666666666666
7606620a81fa	0.15283719984194166	0.20755512910583993	0.3165664053379244	0.3082741218954018	0.20573755554755108	0.0625	0.1111111111111111	0.49999999999999994	0.5542242588099543	0	1.0
b612a6628984	0.1156168784316249	0.11816600049205804	0.3529655854182781	0.31656661177793793	0.375900510949421	0.125	0.02040816326530612	1.0	1.0	0	1.0
5fc35794c2d4	0.0	0.0	0.06222480934329974	0.06222484992148576	0.0	0.25	0.023255813953488372	0.0	1.0	0	0.058823529411764705
9280ba0cf471	0.15283719984194166	0.20755512910583993	0.43089513777496785	0.36136178846583605	0.5162498033444642	0.14285714285714285	0.018867924528301886	1.0	1.0	1	0.25
791a7b76cbe5	0.0	0.0	0.11246231544070878	0.06222484992148576	0.14657039188814727	0.1111111111111111	0.037037037037037035	0.0	1.0	0	0.02564102564102564
ddd0c6956a1d	0.7840396415996993	0.42262468958867977	0.5523395746325763	0.5236682685098301	0.5871043591661964	0.25	0.02127659574468085	0.0	1.0	1	0.1
63323195bc5c	0.0	0.0	0.03639918008035379	0.036399203817070964	0.0	0.14285714285714285	0.0196078431372549	1.0	1.0	1	0.022222222222222223
8c31110375c5	0.9350472081371242	0.829080634531919	0.8781007659745617	0.8689093554294399	0.8611835409404869	0.14285714285714285	0.018518518518518517	1.0	0.2870802566955126	1	0.5
0f355f91abee	0.5369081565471331	0.49651985725929115	0.588675064448563	0.5355898369977246	0.6814942817522125	0.05263157894736842	0.09090909090909091	0.0	0.7733135557050786	0	1.0
2dc507e6288b	0.06763153833293722	0.11816600049205804	0.24310552243687084	0.2067064771543332	0.25352512402695815	0.07142857142857142	0.03333333333333333	0.0	1.0	0	0.08333333333333333
