revisions	files	functions	lines	addLines	deleteLines	pos	time	rf	ibf	isComponent	distance
5c7728ec39e9	0.25087995509749933	0.29694425771962174	0.41113986904127436	0.40974830334598555	0.14657039188814727	0.14285714285714285	0.1111111111111111	0.2	1.0	1	1.0
9224404ce904	0.2089607343063329	0.29694425771962174	0.39449595769461404	0.3712200317770567	0.3845953961230083	0.09090909090909091	0.03571428571428571	0.2	1.0	0	1.0
a6b6e3cf36a4	0.9011660316653285	1.0	1.0	1.0	0.07328519594407364	0.03225806451612903	0.03333333333333333	0.8	0.20523098471151385	0	1.0
f084174cf4ce	0.5700764593352821	0.6119123905882309	0.5998624031791463	0.5319491602593552	0.7129125566410259	0.02702702702702703	0.045454545454545456	0.6	0.819836637888477	0	1.0
01c927aaf8b2	0.298865295196187	0.4449147152285283	0.47675268136453164	0.4049465448062133	0.5721635352679192	0.09090909090909091	0.047619047619047616	0.6	0.819836637888477	0	0.3333333333333333
99483a77658b	0.3569628159789997	0.41250489177089955	0.4610479383511417	0.4312640906750884	0.4836759058534916	0.1111111111111111	0.16666666666666666	0.2	1.0	1	1.0
b3dcb286377d	0.1156168784316249	0.26816738584134553	0.4097480361401522	0.3572619215579765	0.4709500717368375	0.018518518518518517	0.03125	0.2	0.6457112531348923	0	0.5
dc4b9333f202	0.43412837186206144	0.5460356783073758	0.6198943175057641	0.6132177061443633	0.5254493586350123	0.1	0.08333333333333333	0.6	1.0	1	1.0
4b361b475588	0.4212912781155082	0.5044993868254617	0.6118989097279184	0.5794221414078315	0.6680930534928603	0.2	0.3333333333333333	1.0	1.0	1	1.0
499f688cc11a	0.298865295196187	0.43862267454460646	0.5445631605363066	0.5422426195157545	0.3315101243147952	0.3333333333333333	0.5	1.0	1.0	1	1.0
dd1d0aec0638	0.23123375686324976	0.3797185388412312	0.4518824671861192	0.40974830334598555	0.5025884810086572	0.1111111111111111	0.125	0.6	1.0	1	1.0
afa073274618	0.7840396415996993	0.8441891019595081	0.8869796960717886	0.8733079103306942	0.9110255962857308	0.06666666666666667	0.029411764705882353	0.2	0.5127778372010168	0	1.0
85a3e43952a0	0.1156168784316249	0.37627936829392306	0.41113986904127436	0.354709005947806	0.4780805162029425	0.018518518518518517	0.034482758620689655	0.2	0.7169883280031308	0	1.0
7ab00d2ec62b	0.23123375686324976	0.39862470650273474	0.5417063155164193	0.5417066687751898	0.0	0.07142857142857142	0.03225806451612903	0.6	0.819836637888477	0	1.0
9eca54b3d126	0.06763153833293722	0.20755512910583993	0.2711478426908739	0.2569440160127405	0.20573755554755108	0.03571428571428571	0.04	0.6	0.819836637888477	0	1.0
d83f17cfc533	0.15283719984194166	0.28335683364996944	0.3712197896963522	0.36295070573993404	0.26272467931750615	0.125	0.09090909090909091	0.6	1.0	1	1.0
157b3680f06d	0.2089607343063329	0.3356461218611724	0.4778541850473909	0.4156296467452772	0.5633066972588475	0.14285714285714285	0.1	0.6	1.0	1	1.0
b5f286bdebec	0.6404202508773412	0.6277233396120825	0.7319119797818076	0.7118256008544538	0.7654649596182255	0.1	0.06666666666666667	0.6	1.0	1	0.5
eaf43055f658	0.8352165233556171	0.7015815654631168	0.7270539814176639	0.653475242730424	0.8681852157819551	0.018518518518518517	0.043478260869565216	0.2	0.6457112531348923	0	0.3333333333333333
b4085d2e2003	0.33608561660650377	0.4621350908775332	0.4700828509626587	0.4247809551034229	0.5297653941771724	0.07692307692307693	0.05263157894736842	0.2	0.6457112531348923	0	1.0
1f630f395867	0.44604771970518375	0.4894710399154403	0.669220824330759	0.5982166066035673	0.7976485691815713	0.1	0.07142857142857142	0.2	1.0	1	0.5
313ca82fe335	0.0	0.0	0.0	0.0	0.0	0.0	0.0	0.0	0.0	0	0.0
cdaabc6064f9	0.4624675137264996	0.5478912679119624	0.5457014877914969	0.46492386887762993	0.6610024738630571	0.1	0.07692307692307693	0.2	0.819836637888477	1	1.0
8c82958ed72c	0.0	0.11816600049205804	0.1746871247840085	0.16084890366004248	0.11615428742935889	0.07692307692307693	0.2	0.2	0.819836637888477	0	0.5
03112f82b9e4	0.31221641060425004	0.4250352504749542	0.5702845861614818	0.5699716192311545	0.17016295540186993	0.14285714285714285	0.14285714285714285	0.2	1.0	1	1.0
e0a7e74466fb	0.31221641060425004	0.3032362984035436	0.3950483989694681	0.35118810438718073	0.4397111756644418	0.125	1.0	0.2	1.0	1	1.0
801601ae75cc	0.0	0.052289288211202906	0.30382153283792823	0.2431056809714042	0.35960243877530246	0.017857142857142856	0.038461538461538464	0.2	1.0	0	1.0
7012373d248c	0.15283719984194166	0.38951777658204884	0.4696040689005133	0.4676632944921593	0.23230857485871778	0.03225806451612903	0.058823529411764705	0.6	0.4824894837218527	0	1.0
332c539581e1	0.06763153833293722	0.16155788157855885	0.19724797884730702	0.18667454976445727	0.11615428742935889	0.08333333333333333	0.05	0.6	0.819836637888477	0	1.0
493703d05279	0.6949993308151405	0.8309406848429126	0.8581113098000227	0.8580960291375812	0.18943948337343253	0.01818181818181818	0.02857142857142857	0.2	0.5127778372010168	0	1.0
2b25de3ee40c	0.1156168784316249	0.2598444173170428	0.3966856131715804	0.3961434443332668	0.07328519594407364	0.09090909090909091	0.037037037037037035	0.6	0.819836637888477	0	1.0
b13c3c93d6ed	0.15283719984194166	0.17877825722756366	0.20670634235651703	0.17468723870137876	0.20573755554755108	0.018518518518518517	0.05555555555555555	0.2	0.7169883280031308	0	0.06666666666666667
9506818a964f	0.06763153833293722	0.16155788157855885	0.1350231695040073	0.12444969984297151	0.07328519594407364	0.037037037037037035	0.041666666666666664	0.6	0.819836637888477	0	1.0
5bafad827a5e	0.3755152404765367	0.43645520751459366	0.5194980176560676	0.5061634569731308	0.4769250053707536	0.08333333333333333	0.030303030303030304	0.2	0.6457112531348923	0	1.0
dabaacb8e0c2	0.1156168784316249	0.19396770503618765	0.4064139661289901	0.4059276636691618	0.07328519594407364	0.02564102564102564	0.25	0.6	0.5916741449658187	0	1.0
