revisions	files	functions	lines	addLines	deleteLines	pos	time	rf	ibf	isComponent	distance
6c08609a8a8b	0.23123375686324976	0.3797185388412312	0.471972845483452	0.41906629538333917	0.5442352676809111	1.0	0.3333333333333333	1.0	1.0	1	1.0
9133807c4acb	0.15283719984194166	0.3149681328686091	0.36977183211452735	0.35641899064740357	0.3055937708027914	0.05555555555555555	0.07692307692307693	1.0	1.0	1	1.0
a6b6e3cf36a4	0.9011660316653285	1.0	1.0	1.0	0.07328519594407364	0.06666666666666667	0.07142857142857142	1.0	0.0	0	1.0
b4085d2e2003	0.33608561660650377	0.4621350908775332	0.4700828509626587	0.4247809551034229	0.5297653941771724	0.038461538461538464	0.125	1.0	0.5542242588099543	0	1.0
2bc794b05dce	0.06763153833293722	0.21984644927517105	0.3950483989694681	0.39053089920676354	0.23230857485871778	0.03333333333333333	0.5	1.0	0.07409596422305327	0	0.5
26eb0ac12e3c	0.32457761273795777	0.43645520751459366	0.5636318079818768	0.56363217553875	0.0	0.05263157894736842	0.1	1.0	1.0	1	1.0
7ee2469bbf78	0.1156168784316249	0.21984644927517105	0.2460491115198026	0.23025930610483455	0.18943948337343253	0.07692307692307693	0.16666666666666666	1.0	0.7733135557050786	0	1.0
b8c63a046f4e	0.2089607343063329	0.38951777658204884	0.48759673934798464	0.4705593999170489	0.4633037391781645	0.03571428571428571	0.09090909090909091	1.0	0.7733135557050786	0	1.0
7606620a81fa	0.15283719984194166	0.20755512910583993	0.3165664053379244	0.3082741218954018	0.20573755554755108	0.25	0.25	1.0	0.5542242588099543	0	1.0
b3dcb286377d	0.1156168784316249	0.26816738584134553	0.4097480361401522	0.3572619215579765	0.4709500717368375	0.045454545454545456	0.06666666666666667	1.0	0.5542242588099543	0	1.0
eaf0e76adf73	0.1156168784316249	0.2759856130067989	0.2619324331157728	0.2431056809714042	0.2198555878322209	0.3333333333333333	0.2	1.0	0.6439070137955224	0	0.5
bb276c9cffeb	0.28435180646288283	0.46910766745501303	0.5121861686322841	0.5093026398385373	0.31673334729001723	0.05	0.1111111111111111	1.0	0.7733135557050786	0	1.0
870bdb7ff9c8	0.1156168784316249	0.2413899532786789	0.35384141113454926	0.346583429312739	0.23230857485871778	0.034482758620689655	0.08333333333333333	1.0	0.07409596422305327	0	1.0
f523a1101c52	0.15283719984194166	0.2759856130067989	0.4639063148753641	0.34272169488472753	0.5883266639792277	0.3333333333333333	0.14285714285714285	1.0	0.7733135557050786	0	1.0
493703d05279	0.6949993308151405	0.8309406848429126	0.8581113098000227	0.8580960291375812	0.18943948337343253	0.047619047619047616	0.0625	1.0	0.3869638178809339	0	1.0
894fe07157c0	0.28435180646288283	0.32045667405254846	0.4693637168858254	0.4572735065108259	0.40929507120565345	0.16666666666666666	1.0	1.0	0.5542242588099543	0	1.0
