revisions	files	functions	lines	addLines	deleteLines	pos	time	rf	ibf	isComponent	distance
aca57a5188cb	0.0	0.11816600049205804	0.1350231695040073	0.0822567773113617	0.14620423763884519	0.5	0.018518518518518517	1.0	1.0	0	0.3333333333333333
7806941e4a5b	0.17905642074863906	0.4320078270524341	0.510070245874487	0.4868078523925453	0.4456039924559756	0.058823529411764705	0.03333333333333333	1.0	0.7727449069190901	0	0.034482758620689655
7e0b572d6827	0.06608439733031304	0.19396770503618765	0.25947278819060676	0.2067064771543332	0.25737420116409937	0.09090909090909091	0.07692307692307693	1.0	1.0	0	0.5
13722a58d0f3	0.11297202341832605	0.16155788157855885	0.2958719682709606	0.2795048847884751	0.2091709754808875	0.2	0.0196078431372549	1.0	1.0	0	1.0
461391b66c92	0.0	0.052289288211202906	0.11246231544070878	0.0822567773113617	0.09979991827237679	0.038461538461538464	0.05	1.0	0.7727449069190901	0	0.047619047619047616
9d272134d2ec	0.17905642074863906	0.2598444173170428	0.3022869412151867	0.2814779638261902	0.23300461763247096	0.058823529411764705	0.0625	1.0	0.7727449069190901	0	0.023809523809523808
482ea75b5e4c	0.06608439733031304	0.14167841682498472	0.16084879876695327	0.12444969984297151	0.14620423763884519	0.058823529411764705	0.03571428571428571	1.0	0.7727449069190901	0	0.05555555555555555
75096cc58f16	0.0	0.0	0.03639918008035379	0.0	0.06296673784204228	1.0	0.1	1.0	0.7727449069190901	0	0.25
28ac6c2fe563	0.06608439733031304	0.19396770503618765	0.20210167028488468	0.16084890366004248	0.18890021352612682	0.07142857142857142	0.05263157894736842	1.0	0.7727449069190901	0	1.0
bb842c35b9b2	0.0	0.19396770503618765	0.342721471388412	0.33971231312631994	0.12593347568408456	0.3333333333333333	0.02040816326530612	1.0	1.0	0	0.2
404e91b4fd8e	0.2920284441669651	0.32572112959789795	0.42438433562346894	0.41159932732424326	0.3119495802941435	0.2	0.025	1.0	1.0	0	1.0
0e8c2bb0935f	0.14934089169295822	0.35346216255331403	0.4623584933618228	0.4602526224375852	0.19959983654475358	0.5	0.01818181818181818	1.0	1.0	0	1.0
4be33cc6a39d	0.2623129151112843	0.3032362984035436	0.35641875821878183	0.30072585581844824	0.3553752131197327	0.3333333333333333	0.07142857142857142	1.0	1.0	0	0.09090909090909091
32f3e0522438	0.2778469664164643	0.48354074211263887	0.6271110125443109	0.5729810009895621	0.6256776761364661	0.07142857142857142	0.030303030303030304	1.0	0.7727449069190901	0	1.0
4e3f11acd75b	0.0	0.052289288211202906	0.1350231695040073	0.0986240537385567	0.12593347568408456	0.03333333333333333	0.25	1.0	0.03759471421008239	0	0.1
38e5ee5223ce	0.0	0.3149681328686091	0.2689311516998168	0.22307375358152826	0.25737420116409937	0.045454545454545456	0.14285714285714285	1.0	0.48466164096884395	0	0.09090909090909091
1f70f13bd8f8	0.0	0.14167841682498472	0.34563323227605924	0.29248415602632033	0.34167419027084084	0.03571428571428571	0.029411764705882353	1.0	1.0	0	0.5
870bdb7ff9c8	0.11297202341832605	0.2413899532786789	0.35384141113454926	0.346583429312739	0.19959983654475358	0.034482758620689655	0.021739130434782608	1.0	0.03759471421008239	0	1.0
80d50cf18862	0.4050004675852912	0.5005713292762338	0.5136675788804628	0.4426515386625558	0.5281660854208462	0.3333333333333333	0.023809523809523808	1.0	0.5529330732412384	0	0.5
e8cc135aa452	0.06608439733031304	0.052289288211202906	0.20670634235651703	0.2067064771543332	0.0	0.1111111111111111	0.038461538461538464	1.0	1.0	1	0.5
2950200d2578	0.0	0.2598444173170428	0.37193510363131554	0.35296581559500884	0.29240847527769037	0.09090909090909091	0.02564102564102564	1.0	1.0	0	1.0
493703d05279	0.6791005062725557	0.8309406848429126	0.8581113098000227	0.8580960291375812	0.16276665611441907	1.0	0.017543859649122806	1.0	0.3849133192841419	0	0.3333333333333333
75d78a90d621	0.6439902093325914	0.681328570390296	0.7051164009447538	0.6858004205406656	0.6274220391910332	0.3333333333333333	0.02631578947368421	1.0	0.6429400081353716	0	1.0
a6b6e3cf36a4	0.8805509317854763	1.0	1.0	1.0	0.06296673784204228	0.07692307692307693	0.02	1.0	0.0	0	1.0
63540ed8c724	0.11297202341832605	0.16155788157855885	0.23364715892766083	0.16084890366004248	0.2518669513681691	0.07142857142857142	0.05555555555555555	1.0	0.7727449069190901	0	1.0
21c791bcf703	0.0	0.052289288211202906	0.19724797884730702	0.1350232575556277	0.2091709754808875	1.0	0.017857142857142856	1.0	0.7727449069190901	0	1.0
2bc794b05dce	0.06608439733031304	0.21984644927517105	0.3950483989694681	0.39053089920676354	0.19959983654475358	0.03333333333333333	0.1111111111111111	1.0	0.03759471421008239	0	0.5
f00cb5b08a6b	0.06608439733031304	0.25094701019234067	0.2889630660264346	0.21925311390470442	0.3027034570908527	0.0625	0.047619047619047616	1.0	0.7727449069190901	0	0.1
25acba01ff82	0.06608439733031304	0.14167841682498472	0.1808807130935711	0.1444816272328475	0.16276665611441907	0.0625	0.16666666666666666	1.0	0.7727449069190901	0	0.08333333333333333
8870deb3cd89	0.7192163022763876	0.7432839736633603	0.733626838882853	0.6902862430604149	0.718178042625765	0.03333333333333333	0.022727272727272728	1.0	0.0305686537796311	0	0.08333333333333333
b84be1c4fb63	0.0	0.0	0.12444961868659946	0.12444969984297151	0.0	0.1111111111111111	0.058823529411764705	1.0	1.0	1	0.07692307692307693
9e319c1450ee	0.0	0.16155788157855885	0.2975191965758062	0.2666585099219055	0.25737420116409937	0.09090909090909091	0.06666666666666667	1.0	1.0	0	1.0
a8e67ec3eec0	0.17905642074863906	0.32045667405254846	0.35726168857966106	0.33764850999558577	0.28079586165524895	0.07692307692307693	0.043478260869565216	1.0	0.7727449069190901	0	0.5
da5d8af5ec5e	0.06608439733031304	0.17877825722756366	0.2711478426908739	0.268931327075819	0.06296673784204228	0.034482758620689655	1.0	1.0	0.03759471421008239	0	0.25
a5ae494d2f87	0.2920284441669651	0.3403361388061225	0.3857734296483708	0.3111242496074288	0.4025033753632295	0.09090909090909091	0.027777777777777776	1.0	1.0	0	0.5
d0bc44447e65	0.5673870541888975	0.6874022177069344	0.6181220070797211	0.5580739452023848	0.6233302121705059	0.07692307692307693	0.023255813953488372	1.0	0.3849133192841419	0	0.25
95da06f756f9	0.06608439733031304	0.11816600049205804	0.2975191965758062	0.29248415602632033	0.12593347568408456	0.034482758620689655	0.2	1.0	0.03759471421008239	0	0.3333333333333333
0da6f771bfa5	0.0	0.11816600049205804	0.223073608110253	0.22307375358152826	0.0	0.07142857142857142	0.024390243902439025	1.0	0.7727449069190901	0	0.2
bbac3d3dec30	0.14934089169295822	0.3492335459308247	0.43731011071919407	0.422781507587797	0.335104451164972	0.03333333333333333	0.020833333333333332	1.0	0.0305686537796311	0	0.1111111111111111
ec46851dbf86	0.0	0.0	0.03639918008035379	0.0	0.06296673784204228	0.03571428571428571	0.08333333333333333	1.0	1.0	0	0.058823529411764705
34769b9e45f9	0.0	0.052289288211202906	0.19724797884730702	0.15303776336186264	0.18890021352612682	0.07142857142857142	0.09090909090909091	1.0	0.7727449069190901	0	0.16666666666666666
250e7f9c03fb	0.11297202341832605	0.17877825722756366	0.3152364339923866	0.3082741218954018	0.16276665611441907	0.3333333333333333	0.019230769230769232	1.0	1.0	0	0.3333333333333333
2c9472137fd4	0.14934089169295822	0.3956599494367154	0.46617913054712384	0.4251755556614198	0.44424811951776894	0.0625	0.041666666666666664	1.0	0.7727449069190901	0	0.5
f7e9a6739560	0.22594404683665206	0.32045667405254846	0.40445167108458346	0.36528256366046225	0.37920885527131615	0.038461538461538464	0.034482758620689655	1.0	0.7727449069190901	0	0.25
02537e8972a3	0.49620898674688363	0.40435726148239093	0.614277421268465	0.5843687229282378	0.5701815952018535	0.3333333333333333	0.018867924528301886	1.0	1.0	0	1.0
6a4c8c42118d	0.0	0.32572112959789795	0.5003907075144273	0.4068981756339586	0.5300447124977966	0.0625	0.03225806451612903	1.0	0.7727449069190901	0	0.2
0053a2c402fe	0.0	0.0	0.12444961868659946	0.12444969984297151	0.0	0.2	0.022222222222222223	1.0	1.0	0	0.25
8559551465d2	0.9771239714375873	0.9192997660272638	0.9469898526770555	0.9469904702302598	0.0	0.1111111111111111	0.037037037037037035	1.0	0.28443950313895794	1	1.0
4d36a0faa1b4	0.0	0.19396770503618765	0.2460491115198026	0.18088083104991842	0.25737420116409937	0.03333333333333333	0.125	1.0	0.03759471421008239	0	0.05
7012373d248c	0.14934089169295822	0.38951777658204884	0.4696040689005133	0.4676632944921593	0.19959983654475358	0.05	0.02857142857142857	1.0	0.1785733566564812	0	1.0
456e9caacb50	0.17905642074863906	0.33077908189246075	0.48337378855285384	0.4765310601812294	0.31762904208558346	0.058823529411764705	0.03125	1.0	0.7727449069190901	0	1.0
7fb5ef1cea79	0.0	0.0	0.03639918008035379	0.036399203817070964	0.0	0.03333333333333333	0.5	1.0	0.03759471421008239	0	0.0625
ce650300429b	0.06608439733031304	0.0	0.03639918008035379	0.0	0.06296673784204228	0.047619047619047616	0.045454545454545456	1.0	0.6429400081353716	0	0.5
f2258c95c059	0.0	0.0	0.03639918008035379	0.0	0.06296673784204228	0.03333333333333333	0.02702702702702703	1.0	0.03759471421008239	0	0.043478260869565216
c69dce88c617	0.11297202341832605	0.19396770503618765	0.29248396529100307	0.25166181710041935	0.27213771332292974	0.07142857142857142	0.02127659574468085	1.0	0.7727449069190901	0	0.09090909090909091
dc7a82dd70ec	0.11297202341832605	0.3032362984035436	0.3300267458539839	0.2907409656735231	0.3058912157618215	0.0625	0.3333333333333333	1.0	0.7727449069190901	0	1.0
dabaacb8e0c2	0.11297202341832605	0.19396770503618765	0.4064139661289901	0.4059276636691618	0.06296673784204228	0.047619047619047616	0.04	1.0	0.6429400081353716	0	1.0
