revisions	files	functions	lines	addLines	deleteLines	pos	time	rf	ibf	isComponent	distance
2c012b7f3154	0.06608439733031304	0.052289288211202906	0.240062131871887	0.18667454976445727	0.23973671924881043	1.0	0.0625	1.0	1.0	0	1.0
d3354600ed81	0.0	0.08938912861378186	0.4423265790352049	0.38010201756474693	0.4482564962391283	0.16666666666666666	0.027777777777777776	0.5	0.8208464761373714	1	0.125
92eb61725564	0.0	0.052289288211202906	0.14448153301321734	0.06222484992148576	0.17676998140676817	0.08333333333333333	0.05555555555555555	0.5	0.8208464761373714	0	0.5
abafffb7abb6	0.0	0.14167841682498472	0.25434159599462464	0.25166181710041935	0.06296673784204228	0.08333333333333333	0.016666666666666666	0.5	0.8208464761373714	0	0.08333333333333333
05bbc6538b65	0.20418054257991852	0.2759856130067989	0.32415724245907257	0.31251608341619624	0.2091709754808875	0.07692307692307693	0.017543859649122806	0.5	0.8208464761373714	0	0.1
60d57bf5df89	0.06608439733031304	0.2598444173170428	0.3386861212955405	0.33764850999558577	0.06296673784204228	0.09090909090909091	0.01694915254237288	0.5	0.8208464761373714	0	0.16666666666666666
1cae752ae9e0	0.14934089169295822	0.21984644927517105	0.4841936246057054	0.3365985391678139	0.5336892849666947	0.14285714285714285	0.045454545454545456	0.5	1.0	1	0.045454545454545456
ead0217f1e03	0.0	0.0	0.09862398942365351	0.0822567773113617	0.06296673784204228	0.09090909090909091	0.037037037037037035	0.5	0.8208464761373714	0	0.06666666666666667
1d2c3fca8353	0.14934089169295822	0.17877825722756366	0.2907407760749784	0.2733112924399355	0.2091709754808875	0.16666666666666666	0.022727272727272728	0.5	0.8208464761373714	1	0.25
cd1c20933a2c	0.0	0.08938912861378186	0.1866744280298992	0.11246238877989302	0.2091709754808875	0.07692307692307693	0.016129032258064516	0.5	0.8208464761373714	0	0.030303030303030304
4e1d045b9059	0.06608439733031304	0.052289288211202906	0.19724797884730702	0.1444816272328475	0.19959983654475358	1.0	0.03125	1.0	1.0	0	0.1111111111111111
0085a5c5f382	0.14934089169295822	0.26816738584134553	0.3621595262801692	0.36136178846583605	0.06296673784204228	0.07692307692307693	0.017857142857142856	0.5	0.8208464761373714	0	0.03571428571428571
740c1251d729	0.06608439733031304	0.08938912861378186	0.35726168857966106	0.3572619215579765	0.0	1.0	0.058823529411764705	1.0	1.0	0	0.25
daaac468f78b	0.0	0.32045667405254846	0.22673825668313485	0.21108644251844974	0.14620423763884519	0.16666666666666666	0.029411764705882353	0.5	0.8208464761373714	1	0.06666666666666667
faa1f9e9bb4a	0.11297202341832605	0.25094701019234067	0.342721471388412	0.2067064771543332	0.3885000500708804	0.14285714285714285	0.05263157894736842	0.5	1.0	1	0.037037037037037035
3d7198ee62eb	0.24514081807895213	0.32045667405254846	0.5038985024181433	0.45944989146382814	0.487878427909686	0.25	0.125	1.0	0.8208464761373714	1	1.0
3990c03cdc65	0.3581128414972781	0.35346216255331403	0.41430594008159954	0.3826670915662682	0.37343918314433405	0.14285714285714285	0.16666666666666666	0.5	1.0	1	0.0625
1a2675ebc8be	0.0	0.11816600049205804	0.1350231695040073	0.0822567773113617	0.14620423763884519	0.07692307692307693	0.020833333333333332	0.5	0.8208464761373714	0	0.03225806451612903
dab74895e41f	0.0	0.2598444173170428	0.32772478834659746	0.3038217309667262	0.26747813811100074	0.2	0.02631578947368421	1.0	1.0	1	0.037037037037037035
efe0d828766c	0.0	0.14167841682498472	0.37193510363131554	0.3111242496074288	0.37636981795152175	0.07692307692307693	0.015151515151515152	0.5	0.8208464761373714	0	1.0
2f9556adf482	0.0	0.20755512910583993	0.29913674347060804	0.29587216121567017	0.09979991827237679	0.08333333333333333	0.018867924528301886	0.5	0.8208464761373714	0	0.1
ebfe0a15cf37	0.06608439733031304	0.2413899532786789	0.3613615528139077	0.3138866670219051	0.3497543400439164	0.09090909090909091	0.07692307692307693	0.5	0.8208464761373714	0	0.058823529411764705
59539dbe627a	0.14934089169295822	0.3403361388061225	0.42712267414803223	0.4251755556614198	0.16276665611441907	0.07692307692307693	0.02040816326530612	0.5	0.8208464761373714	0	0.034482758620689655
8e0f33f0ae33	0.0	0.11816600049205804	0.1350231695040073	0.1350232575556277	0.0	0.09090909090909091	0.015384615384615385	0.5	0.8208464761373714	0	0.25
2160fbaa2114	0.0	0.3863333863334036	0.4700828509626587	0.4251755556614198	0.4545674916654651	0.08333333333333333	0.041666666666666664	0.5	0.7185165141705541	0	0.2
c400281fe50c	0.0	0.052289288211202906	0.08225672366991757	0.036399203817070964	0.09979991827237679	0.14285714285714285	0.06666666666666667	0.5	1.0	1	0.5
4e3f11acd75b	0.0	0.052289288211202906	0.1350231695040073	0.0986240537385567	0.12593347568408456	0.07692307692307693	0.043478260869565216	1.0	0.2413006195117587	0	0.1
dcbe23a00e62	0.06608439733031304	0.052289288211202906	0.24310552243687084	0.22673840454420918	0.16276665611441907	1.0	0.25	1.0	1.0	0	0.09090909090909091
180776201731	0.2920284441669651	0.4741003394381032	0.5813088150871166	0.5764055357755102	0.38594095688765573	0.07692307692307693	0.019230769230769232	0.5	0.8208464761373714	0	0.011235955056179775
5ebab4c6d07a	0.11297202341832605	0.2759856130067989	0.40833428371166935	0.40737952521831483	0.09979991827237679	0.14285714285714285	0.1111111111111111	0.5	0.8208464761373714	1	1.0
870bdb7ff9c8	0.11297202341832605	0.2413899532786789	0.35384141113454926	0.346583429312739	0.19959983654475358	0.08333333333333333	0.014285714285714285	1.0	0.2413006195117587	0	1.0
334514863909	0.24514081807895213	0.25094701019234067	0.4348695721948365	0.41948677147946223	0.33734757254989495	0.08333333333333333	0.014492753623188406	0.5	0.8208464761373714	0	0.5
52c0bc149cd4	0.11297202341832605	0.16155788157855885	0.27748728224918834	0.2619326039277545	0.18890021352612682	1.0	0.03225806451612903	1.0	1.0	0	1.0
efad8bd05876	0.0	0.11816600049205804	0.2460491115198026	0.1444816272328475	0.28079586165524895	0.07692307692307693	0.02127659574468085	0.5	0.8208464761373714	0	0.03333333333333333
a2be67539dc6	0.11297202341832605	0.20755512910583993	0.3605564225394263	0.35641899064740357	0.16276665611441907	0.14285714285714285	0.1	0.5	1.0	1	0.038461538461538464
07de5a904de1	0.14934089169295822	0.16155788157855885	0.32169759753390653	0.3097104962570064	0.2091709754808875	0.07692307692307693	0.014925373134328358	0.5	0.8208464761373714	0	0.02857142857142857
acef0e51c611	0.0	0.052289288211202906	0.24889923737319897	0.2067064771543332	0.23300461763247096	0.07692307692307693	0.0136986301369863	0.5	0.8208464761373714	0	0.04
bc09d5a2d071	0.20418054257991852	0.2598444173170428	0.32293584370148376	0.29587216121567017	0.27213771332292974	0.07692307692307693	1.0	0.5	0.8208464761373714	0	1.0
460d7785656e	0.22594404683665206	0.3149681328686091	0.3845436648851043	0.3022871383432432	0.40672933733933353	1.0	0.030303030303030304	1.0	0.8208464761373714	0	1.0
a1e1ee18d049	0.06608439733031304	0.11816600049205804	0.16084879876695327	0.0822567773113617	0.18890021352612682	0.1111111111111111	0.3333333333333333	0.5	0.8208464761373714	1	0.25
a6b6e3cf36a4	0.8805509317854763	1.0	1.0	1.0	0.06296673784204228	0.08333333333333333	0.013888888888888888	1.0	0.21166332761200468	0	1.0
e04b56dad3ce	0.0	0.052289288211202906	0.16803434660440356	0.15303776336186264	0.09979991827237679	0.09090909090909091	0.013513513513513514	0.5	0.8208464761373714	0	1.0
19fe6b3f1520	0.14934089169295822	0.19396770503618765	0.33764828980760514	0.2907409656735231	0.32553331222883813	0.2	0.09090909090909091	1.0	1.0	1	0.08333333333333333
053eb3bddfb9	0.11297202341832605	0.25094701019234067	0.40445167108458346	0.3826670915662682	0.335104451164972	0.16666666666666666	0.2	0.5	0.8208464761373714	1	0.5
2bc794b05dce	0.06608439733031304	0.21984644927517105	0.3950483989694681	0.39053089920676354	0.19959983654475358	0.07692307692307693	0.03333333333333333	1.0	0.2413006195117587	0	0.5
7a6fa0f8e860	0.3980639238155956	0.4789069051958307	0.49030556541181364	0.422781507587797	0.5015794507585779	0.07692307692307693	0.015873015873015872	0.5	0.8208464761373714	0	0.1111111111111111
d73f986cfd5c	0.06608439733031304	0.3863333863334036	0.46441638115586986	0.4173644153632399	0.4520954534006667	0.16666666666666666	0.04	0.5	0.8208464761373714	1	0.0625
8870deb3cd89	0.7192163022763876	0.7432839736633603	0.733626838882853	0.6902862430604149	0.718178042625765	0.07692307692307693	0.015625	1.0	0.2357617184120198	0	0.08333333333333333
5367b9b5f16e	0.06608439733031304	0.21984644927517105	0.3851606530447835	0.38454391565460494	0.06296673784204228	0.14285714285714285	0.024390243902439025	0.5	1.0	1	0.03571428571428571
da5d8af5ec5e	0.06608439733031304	0.17877825722756366	0.2711478426908739	0.268931327075819	0.06296673784204228	0.08333333333333333	0.5	1.0	0.2413006195117587	0	0.25
a8bcd0e69be4	0.3669249431097742	0.2310675454387666	0.3386861212955405	0.3300269610717857	0.19959983654475358	0.1111111111111111	0.01818181818181818	0.5	0.8208464761373714	0	1.0
a50cdaf71385	0.0	0.17877825722756366	0.2834084229327595	0.2431056809714042	0.2625665743867958	0.08333333333333333	0.014705882352941176	0.5	0.8208464761373714	0	1.0
e79e3029b1e8	0.11297202341832605	0.3149681328686091	0.47675268136453164	0.47630857807875054	0.09979991827237679	0.08333333333333333	0.023255813953488372	0.5	0.8208464761373714	0	0.058823529411764705
bc857e7522a0	0.24514081807895213	0.3403361388061225	0.40833428371166935	0.4059276636691618	0.16276665611441907	0.07692307692307693	0.0196078431372549	0.5	0.7185165141705541	0	0.022727272727272728
95da06f756f9	0.06608439733031304	0.11816600049205804	0.2975191965758062	0.29248415602632033	0.12593347568408456	0.08333333333333333	0.038461538461538464	1.0	0.2413006195117587	0	0.3333333333333333
57637df59335	0.14934089169295822	0.17877825722756366	0.21526247290588865	0.18667454976445727	0.17676998140676817	0.08333333333333333	0.047619047619047616	0.5	0.8208464761373714	0	0.038461538461538464
c531f935e5d0	0.3487969244049448	0.3492335459308247	0.4927497551550771	0.481291145304825	0.37041084270747926	0.14285714285714285	0.07142857142857142	0.5	0.8208464761373714	1	0.05263157894736842
1f74053488c5	0.11297202341832605	0.3403361388061225	0.3916815759881601	0.3417297347099609	0.38330767684818395	0.09090909090909091	0.025	0.5	0.8208464761373714	0	0.3333333333333333
bbac3d3dec30	0.14934089169295822	0.3492335459308247	0.43731011071919407	0.422781507587797	0.335104451164972	0.07692307692307693	0.014084507042253521	1.0	0.2357617184120198	0	0.1111111111111111
313ca82fe335	0.0	0.0	0.0	0.0	0.0	0.0	0.0	0.0	0.0	0	0.0
949724cb4301	0.11297202341832605	0.14167841682498472	0.4138604234160401	0.2795048847884751	0.45931847235258116	0.07692307692307693	0.08333333333333333	0.5	0.8208464761373714	0	0.3333333333333333
6cf4ee58ea02	0.06608439733031304	0.21984644927517105	0.3152364339923866	0.3022871383432432	0.2091709754808875	0.14285714285714285	0.023809523809523808	0.5	1.0	1	0.03333333333333333
30b89717bac5	0.0	0.0	0.03639918008035379	0.0	0.06296673784204228	0.16666666666666666	0.02564102564102564	0.5	0.8208464761373714	1	0.3333333333333333
0c30b6632f78	0.0	0.2310675454387666	0.2941939488754821	0.21526261328334842	0.3148336892102114	0.09090909090909091	0.02857142857142857	0.5	0.8208464761373714	0	0.3333333333333333
8559551465d2	0.9771239714375873	0.9192997660272638	0.9469898526770555	0.9469904702302598	0.0	0.25	0.021739130434782608	1.0	0.43589741901226553	1	0.5
4d36a0faa1b4	0.0	0.19396770503618765	0.2460491115198026	0.18088083104991842	0.25737420116409937	0.07692307692307693	0.034482758620689655	1.0	0.2413006195117587	0	0.05
4781d928e047	0.0	0.08938912861378186	0.1530376635625889	0.15303776336186264	0.0	0.14285714285714285	0.022222222222222223	0.5	1.0	1	0.1111111111111111
324ace413314	0.0	0.29694425771962174	0.346583203298102	0.2975193905947101	0.33734757254989495	0.08333333333333333	0.018518518518518517	0.5	0.8208464761373714	0	0.3333333333333333
f781f1c83214	0.0	0.16155788157855885	0.20210167028488468	0.16084890366004248	0.18890021352612682	0.16666666666666666	0.05	0.5	0.8208464761373714	1	0.2
7fb5ef1cea79	0.0	0.0	0.03639918008035379	0.036399203817070964	0.0	0.07692307692307693	0.14285714285714285	1.0	0.2413006195117587	0	0.0625
8c31110375c5	0.913657041496575	0.829080634531919	0.8781007659745617	0.8689093554294399	0.739930043956803	0.125	0.013333333333333334	0.5	0.41559276351891056	0	1.0
f2258c95c059	0.0	0.0	0.03639918008035379	0.0	0.06296673784204228	0.07692307692307693	0.017241379310344827	1.0	0.2413006195117587	0	0.043478260869565216
a436501eca32	0.11297202341832605	0.14167841682498472	0.16803434660440356	0.11246238877989302	0.17676998140676817	0.07692307692307693	0.01639344262295082	0.5	0.8208464761373714	0	0.017241379310344827
f8c46025e279	0.0	0.052289288211202906	0.03639918008035379	0.0	0.06296673784204228	0.16666666666666666	0.03571428571428571	0.5	0.8208464761373714	1	0.058823529411764705
8adcb69831ae	0.0	0.0	0.06222480934329974	0.06222484992148576	0.0	0.14285714285714285	0.02702702702702703	0.5	1.0	1	0.047619047619047616
