revisions	files	functions	lines	addLines	deleteLines	pos	time	rf	ibf	isComponent	distance
5ab756c2fe76	0.0	0.08938912861378186	0.2110863048643623	0.1350232575556277	0.23300461763247096	0.07692307692307693	0.09090909090909091	1.0	0.8753360525486473	0	0.01282051282051282
ee9744e6ecf9	0.11297202341832605	0.14167841682498472	0.2619324331157728	0.25947295739859916	0.06296673784204228	0.3333333333333333	0.058823529411764705	1.0	0.7888938619453838	1	0.007462686567164179
bc2e814493f0	0.14934089169295822	0.29694425771962174	0.40039351465970996	0.38139371585571197	0.3203409390061417	0.1111111111111111	0.02564102564102564	1.0	1.0	0	0.047619047619047616
c1466184ac0c	0.06608439733031304	0.11816600049205804	0.223073608110253	0.21108644251844974	0.12593347568408456	0.3333333333333333	0.05555555555555555	1.0	0.7888938619453838	1	0.0625
066e38fde362	0.0	0.08938912861378186	0.23691193412730824	0.1972481074771134	0.21782912381320668	0.125	0.018867924528301886	1.0	1.0	0	0.16666666666666666
3bd528b8e6da	0.14934089169295822	0.2903294102274493	0.39882312900784195	0.3697720732509864	0.3516668696405459	0.07692307692307693	0.023255813953488372	1.0	0.8753360525486473	0	0.02631578947368421
c3b14c00ac13	0.06608439733031304	0.16155788157855885	0.24889923737319897	0.2021018020798915	0.23973671924881043	0.2	0.01639344262295082	1.0	0.7888938619453838	0	0.3333333333333333
1159e77fbd11	0.0	0.052289288211202906	0.1921167866513249	0.1444816272328475	0.18890021352612682	0.125	0.034482758620689655	1.0	1.0	0	0.25
355e1f63f5f7	0.0	0.20755512910583993	0.2795047025172246	0.23364731129418437	0.26747813811100074	0.07692307692307693	0.03125	1.0	0.8753360525486473	0	0.014705882352941176
fafdca3be201	0.11297202341832605	0.2310675454387666	0.28147778026825165	0.25166181710041935	0.23973671924881043	0.3333333333333333	0.03571428571428571	1.0	0.7888938619453838	1	0.3333333333333333
92547139a8ae	0.0	0.052289288211202906	0.20210167028488468	0.2021018020798915	0.0	0.125	0.022222222222222223	1.0	1.0	0	0.05263157894736842
d1171e687187	0.2778469664164643	0.3356461218611724	0.4039543212038241	0.38758730820425163	0.3119495802941435	0.1111111111111111	0.07692307692307693	1.0	1.0	0	0.05263157894736842
212a21c6eb2e	0.11297202341832605	0.2903294102274493	0.35809677761426034	0.3111242496074288	0.34580407418359876	0.08333333333333333	0.02127659574468085	1.0	1.0	0	0.1
ae4dd114186f	0.06608439733031304	0.19396770503618765	0.25166165298624243	0.22307375358152826	0.2091709754808875	0.1111111111111111	0.2	1.0	1.0	0	0.06666666666666667
44d678fbb97d	0.0	0.0	0.1530376635625889	0.15303776336186264	0.0	0.07692307692307693	0.1	1.0	0.8753360525486473	0	0.011111111111111112
6883f090400d	0.0	0.08938912861378186	0.1746871247840085	0.12444969984297151	0.17676998140676817	0.125	0.03333333333333333	1.0	1.0	0	0.1111111111111111
834f7dce22ba	0.0	0.14167841682498472	0.39053064453301994	0.3344610219376306	0.389753060287233	0.07692307692307693	0.027777777777777776	1.0	0.8753360525486473	0	0.034482758620689655
e12cdf153f7a	0.11297202341832605	0.16155788157855885	0.3322711483513144	0.32888335984339123	0.12593347568408456	0.125	0.019230769230769232	1.0	1.0	0	0.5
e0c1835422e4	0.39081898983479035	0.4585021392981806	0.6154198089924868	0.5789973544209004	0.5861157434556381	0.08333333333333333	0.020833333333333332	1.0	0.8753360525486473	0	0.09090909090909091
aed4cdeec86f	0.0	0.0	0.03639918008035379	0.036399203817070964	0.0	0.1	0.5	1.0	1.0	0	0.5
a52559485c17	0.06608439733031304	0.3032362984035436	0.38392240687720625	0.36528256366046225	0.3027034570908527	0.125	0.07142857142857142	1.0	1.0	0	0.16666666666666666
a4d8f21e6731	0.06608439733031304	0.21984644927517105	0.2907407760749784	0.2619326039277545	0.246004155911222	0.125	0.047619047619047616	1.0	1.0	0	0.027777777777777776
d6415e5a4bbf	0.14934089169295822	0.2413899532786789	0.30072565970853826	0.29248415602632033	0.16276665611441907	0.07692307692307693	0.02040816326530612	1.0	0.8753360525486473	0	0.01818181818181818
5b4a78cade87	0.0	0.08938912861378186	0.1866744280298992	0.15303776336186264	0.16276665611441907	0.07692307692307693	0.125	1.0	0.8753360525486473	0	0.008264462809917356
b91bb5a5841c	0.2920284441669651	0.38951777658204884	0.4698437791200057	0.3851609042166359	0.4940049152801654	0.3333333333333333	0.017241379310344827	1.0	0.7888938619453838	1	0.2
3941e68ff26d	0.11297202341832605	0.3492335459308247	0.41779264722087933	0.3520813603382579	0.42700009929409416	0.08333333333333333	0.030303030303030304	1.0	0.8753360525486473	0	0.16666666666666666
219a0ffbcdf1	0.20418054257991852	0.39862470650273474	0.47894233684149795	0.47336498707623875	0.29597135547451325	0.07692307692307693	0.025	1.0	0.531034038257011	0	0.02631578947368421
ff195c275de6	0.0	0.052289288211202906	0.1746871247840085	0.06222484992148576	0.21782912381320668	0.07692307692307693	0.037037037037037035	1.0	0.8753360525486473	0	0.017543859649122806
26847aebc78f	0.5596855815960106	0.6532860575182532	0.7303216791971582	0.7297945519251913	0.33734757254989495	0.3333333333333333	0.015625	1.0	0.7233263346410762	1	0.1111111111111111
54f02ea642a2	0.0	0.08938912861378186	0.20210167028488468	0.1444816272328475	0.2091709754808875	0.125	0.029411764705882353	1.0	1.0	0	1.0
345def86187c	0.06608439733031304	0.11816600049205804	0.35641875821878183	0.24889939968594305	0.39220839355006715	0.08333333333333333	0.021739130434782608	1.0	1.0	0	0.3333333333333333
d93ebab1bd5e	0.0	0.052289288211202906	0.4359236519043293	0.38075018992863535	0.4341441825708676	0.07692307692307693	0.08333333333333333	1.0	0.8753360525486473	0	1.0
5b2f5b265733	0.17905642074863906	0.3830683701036636	0.47675268136453164	0.47008315751417046	0.30897089375326425	0.09090909090909091	0.25	1.0	0.531034038257011	0	1.0
e84b4b9c4e32	0.46649345769120276	0.4865399761879694	0.6626758797062939	0.6626763118520153	0.0	0.07692307692307693	0.017543859649122806	1.0	0.531034038257011	0	0.03125
5d4df555973f	0.0	0.0	0.37404746988795895	0.31251608341619624	0.37920885527131615	0.07692307692307693	0.02	1.0	0.8753360525486473	0	0.018867924528301886
21e1b916a4e7	0.06608439733031304	0.16155788157855885	0.25166165298624243	0.23691208862286453	0.16276665611441907	0.1111111111111111	0.01818181818181818	1.0	1.0	0	0.041666666666666664
bb5436a892c1	0.0	0.0	0.0	0.0	0.0	0.0	0.0	0.0	0.0	0	0.0
e9db5fb1fd21	0.11297202341832605	0.25094701019234067	0.2834084229327595	0.2619326039277545	0.21782912381320668	0.16666666666666666	0.043478260869565216	1.0	1.0	0	1.0
9da102f75bcb	0.0	0.0	0.30533033178017055	0.24604927197391604	0.30897089375326425	0.07692307692307693	0.024390243902439025	1.0	0.8753360525486473	0	0.02702702702702703
7620cf8ef36f	0.3669249431097742	0.43862267454460646	0.4841936246057054	0.4120561806379748	0.49937265882841864	0.2	0.015873015873015872	1.0	0.7888938619453838	0	0.5
b5ba4cc6b65f	0.0	0.21984644927517105	0.2907407760749784	0.24889939968594305	0.27213771332292974	0.07692307692307693	0.06666666666666667	1.0	0.8753360525486473	0	0.017857142857142856
dc83f1e94703	0.0	0.052289288211202906	0.2192529709249519	0.16803445618334878	0.21782912381320668	0.07692307692307693	0.1111111111111111	1.0	0.8753360525486473	0	0.1
e5fa705634a1	0.3487969244049448	0.3797185388412312	0.3754285959581471	0.29913693854435036	0.3934116137950853	0.3333333333333333	0.01694915254237288	1.0	0.7888938619453838	1	0.009009009009009009
7a3ef736a43b	0.0	0.052289288211202906	0.19724797884730702	0.18667454976445727	0.09979991827237679	0.1111111111111111	0.0196078431372549	1.0	1.0	0	0.09090909090909091
6118e902327b	0.39081898983479035	0.42016821050624265	0.6431524288518654	0.6036623386377155	0.6200370784268897	0.08333333333333333	0.02857142857142857	1.0	1.0	0	0.5
d984c2c1a9aa	0.0	0.3032362984035436	0.38877609831478394	0.32169780732008496	0.39919967308950716	0.125	0.05	1.0	1.0	0	0.07692307692307693
73d33b74fd87	0.06608439733031304	0.16155788157855885	0.30533033178017055	0.23025930610483455	0.32297421904561335	0.3333333333333333	0.016666666666666666	1.0	0.7888938619453838	1	0.011235955056179775
0953ef594e72	0.0	0.08938912861378186	0.16803434660440356	0.15303776336186264	0.09979991827237679	0.125	0.03225806451612903	1.0	1.0	0	0.16666666666666666
c4005287acdf	0.17905642074863906	0.0	0.31787696034860546	0.3138866670219051	0.12593347568408456	0.3333333333333333	0.041666666666666664	1.0	0.7888938619453838	1	0.05
e1d0affb7e4c	0.0	0.08938912861378186	0.22673825668313485	0.1444816272328475	0.2518669513681691	0.1111111111111111	0.16666666666666666	1.0	1.0	0	0.25
14e965a42294	0.0	0.0	0.12444961868659946	0.11246238877989302	0.06296673784204228	0.08333333333333333	0.02631578947368421	1.0	1.0	0	0.3333333333333333
7c5ab0d66ed8	0.06608439733031304	0.2598444173170428	0.24889923737319897	0.2067064771543332	0.23300461763247096	0.07692307692307693	0.0625	1.0	0.531034038257011	0	0.017241379310344827
ff29dda08558	0.20418054257991852	0.2903294102274493	0.40039351465970996	0.39882338908929965	0.12593347568408456	0.1111111111111111	1.0	1.0	1.0	0	0.125
077ef215e7e9	0.11297202341832605	0.19396770503618765	0.223073608110253	0.1972481074771134	0.17676998140676817	0.1111111111111111	0.022727272727272728	1.0	1.0	0	0.045454545454545456
b9c1b4a35b7e	0.11297202341832605	0.3403361388061225	0.3547087746343028	0.30072585581844824	0.3516668696405459	0.3333333333333333	0.05263157894736842	1.0	0.7233263346410762	1	0.058823529411764705
8ef29befd159	0.7387420023446497	0.8383176050530768	0.9445560654646791	0.8860151045765137	0.9519342181733677	1.0	0.045454545454545456	1.0	0.7888938619453838	1	1.0
a4847abc9bd8	0.11297202341832605	0.052289288211202906	0.12444961868659946	0.11246238877989302	0.06296673784204228	0.2	0.14285714285714285	1.0	0.7888938619453838	0	0.125
fb7d5a208637	0.06608439733031304	0.08938912861378186	0.35726168857966106	0.3111242496074288	0.3437625994972912	0.1111111111111111	0.04	1.0	1.0	0	1.0
a722ce587bfe	0.11297202341832605	0.3492335459308247	0.49162993077340733	0.4856108815607434	0.3148336892102114	0.07692307692307693	0.3333333333333333	1.0	0.8753360525486473	0	0.125
8c31110375c5	0.913657041496575	0.829080634531919	0.8781007659745617	0.8689093554294399	0.739930043956803	0.2	0.015384615384615385	1.0	0.5062977981882202	0	1.0
0f355f91abee	0.5246258302225686	0.49651985725929115	0.588675064448563	0.5355898369977246	0.5855407934324093	0.1	0.02702702702702703	1.0	1.0	0	0.5
987075c7de3b	0.0	0.0	0.11246231544070878	0.06222484992148576	0.12593347568408456	0.3333333333333333	0.038461538461538464	1.0	0.7888938619453838	1	0.5
7b680a4f4542	0.2920284441669651	0.4757225149471854	0.5313475289733554	0.4983232691152729	0.4940049152801654	0.1111111111111111	0.017857142857142856	1.0	1.0	0	0.043478260869565216
63469068fcd5	0.06608439733031304	0.11816600049205804	0.30382153283792823	0.2569440160127405	0.29240847527769037	0.125	0.018518518518518517	1.0	1.0	0	0.3333333333333333
e4c589c3b55b	0.8768381475942552	0.8533885767370973	0.8907530481100673	0.8898617603616132	0.5451793326153924	0.25	0.023809523809523808	1.0	0.7888938619453838	0	1.0
