revisions	files	functions	lines	addLines	deleteLines	pos	time	rf	ibf	isComponent	distance
096700ac49a5	0.0	0.14167841682498472	0.240062131871887	0.1921169119349664	0.23300461763247096	0.05263157894736842	0.05555555555555555	1.0	1.0	0	0.018867924528301886
a271a43d1877	0.5430966128348967	0.624203710757562	0.6911851498510336	0.6902656980363177	0.34780067764132017	0.0625	0.034482758620689655	1.0	1.0	0	1.0
34d8b88a9e94	0.0	0.20755512910583993	0.33971209159248816	0.28714962748127176	0.335104451164972	0.05263157894736842	0.058823529411764705	1.0	1.0	0	0.5
288de7efc0f0	0.0	0.052289288211202906	0.11246231544070878	0.06222484992148576	0.12593347568408456	0.14285714285714285	0.0625	1.0	1.0	1	0.5
e6ba2deb884f	0.0	0.11816600049205804	0.1530376635625889	0.11246238877989302	0.14620423763884519	0.06666666666666667	0.02564102564102564	1.0	1.0	0	0.2
4bc6cde0d5c5	0.3283973124415973	0.551524219491315	0.4286507352776374	0.4078583075926847	0.3553752131197327	0.05263157894736842	0.08333333333333333	1.0	1.0	0	0.06666666666666667
258ab9b1bfc3	0.5991788428887306	0.5005713292762338	0.5989578975538007	0.47008315751417046	0.6444530660463291	0.08333333333333333	0.03225806451612903	1.0	1.0	1	1.0
2692c13beefb	0.22594404683665206	0.2759856130067989	0.4654279008589869	0.46517639079491796	0.06296673784204228	0.07692307692307693	0.06666666666666667	1.0	1.0	0	1.0
f90a1b127955	0.0	0.052289288211202906	0.1746871247840085	0.15303776336186264	0.12593347568408456	0.05263157894736842	0.1	1.0	1.0	0	0.0625
f9a99696d84a	0.17905642074863906	0.29694425771962174	0.3437025896115514	0.3138866670219051	0.2993997548171304	1.0	0.037037037037037035	1.0	1.0	1	0.09090909090909091
d11578148a21	0.2778469664164643	0.3448615593629846	0.40039351465970996	0.36528256366046225	0.36727805638337757	0.05263157894736842	0.16666666666666666	1.0	1.0	0	0.01694915254237288
4e3f11acd75b	0.0	0.052289288211202906	0.1350231695040073	0.0986240537385567	0.12593347568408456	0.041666666666666664	0.14285714285714285	1.0	0.03759471421008239	0	0.1
6be802b54ee7	0.0	0.0	0.08225672366991757	0.0822567773113617	0.0	1.0	0.041666666666666664	1.0	1.0	1	0.3333333333333333
870bdb7ff9c8	0.11297202341832605	0.2413899532786789	0.35384141113454926	0.346583429312739	0.19959983654475358	0.043478260869565216	0.022222222222222223	1.0	0.03759471421008239	0	1.0
3861a294108d	0.11297202341832605	0.2598444173170428	0.366046342181228	0.36451198826472897	0.09979991827237679	1.0	0.02040816326530612	1.0	1.0	1	0.1
58f50a82f054	0.11297202341832605	0.08938912861378186	0.25166165298624243	0.22673840454420918	0.19959983654475358	1.0	0.02857142857142857	1.0	1.0	1	1.0
80d50cf18862	0.4050004675852912	0.5005713292762338	0.5136675788804628	0.4426515386625558	0.5281660854208462	1.0	0.02631578947368421	1.0	0.5529330732412384	1	0.06666666666666667
08715c2fc9e1	0.06608439733031304	0.11816600049205804	0.16803434660440356	0.15303776336186264	0.09979991827237679	1.0	0.125	1.0	1.0	1	0.16666666666666666
75d78a90d621	0.6439902093325914	0.681328570390296	0.7051164009447538	0.6858004205406656	0.6274220391910332	1.0	0.029411764705882353	1.0	0.6429400081353716	1	1.0
3621f91d6f88	0.24514081807895213	0.4015228341420275	0.49779847474639793	0.4501108987754788	0.48660194132663714	0.06666666666666667	0.025	1.0	1.0	0	1.0
6bf44a7e16f5	0.0	0.052289288211202906	0.3863820518023723	0.3311561769973047	0.3846338580716547	0.05263157894736842	0.038461538461538464	1.0	1.0	0	1.0
d52a797c85ad	0.0	0.0	0.03639918008035379	0.0	0.06296673784204228	1.0	0.043478260869565216	1.0	1.0	1	0.058823529411764705
a6b6e3cf36a4	0.8805509317854763	1.0	1.0	1.0	0.06296673784204228	0.1111111111111111	0.02127659574468085	1.0	0.0	0	1.0
e4d6f94c8cfb	0.17905642074863906	0.29694425771962174	0.4341599129746153	0.36528256366046225	0.4462744146902263	0.045454545454545456	0.02702702702702703	1.0	1.0	0	0.14285714285714285
2bc794b05dce	0.06608439733031304	0.21984644927517105	0.3950483989694681	0.39053089920676354	0.19959983654475358	0.041666666666666664	0.07692307692307693	1.0	0.03759471421008239	0	0.5
57c4057d38a7	0.0	0.16155788157855885	0.2871494402247173	0.27748746320483414	0.16276665611441907	0.05263157894736842	0.5	1.0	1.0	0	0.020833333333333332
364a03ebf2a5	0.06608439733031304	0.17877825722756366	0.30681419075174	0.29913693854435036	0.16276665611441907	0.14285714285714285	0.0196078431372549	1.0	1.0	1	0.25
8870deb3cd89	0.7192163022763876	0.7432839736633603	0.733626838882853	0.6902862430604149	0.718178042625765	0.041666666666666664	0.024390243902439025	1.0	0.0305686537796311	0	0.08333333333333333
da5d8af5ec5e	0.06608439733031304	0.17877825722756366	0.2711478426908739	0.268931327075819	0.06296673784204228	0.043478260869565216	1.0	1.0	0.03759471421008239	0	0.25
20a5f4a81fbf	0.06608439733031304	0.21984644927517105	0.4151903947615779	0.4151906655164946	0.0	0.08333333333333333	0.019230769230769232	1.0	1.0	0	0.5
ed3c847c8d85	0.0	0.16155788157855885	0.3165664053379244	0.25166181710041935	0.32553331222883813	0.045454545454545456	0.04	1.0	1.0	0	0.2
95da06f756f9	0.06608439733031304	0.11816600049205804	0.2975191965758062	0.29248415602632033	0.12593347568408456	0.043478260869565216	0.1111111111111111	1.0	0.03759471421008239	0	0.3333333333333333
2813f1091c45	0.14934089169295822	0.2413899532786789	0.4219688152624057	0.42196909043768166	0.0	0.1	0.03125	1.0	0.7727449069190901	0	1.0
db30fb2b4228	0.0	0.0	0.08225672366991757	0.06222484992148576	0.06296673784204228	1.0	0.03571428571428571	1.0	1.0	1	0.1
383ed3d1d9b9	0.0	0.0	0.03639918008035379	0.0	0.06296673784204228	0.05263157894736842	0.07142857142857142	1.0	1.0	0	0.25
58783ba01bdf	0.0	0.0	0.11246231544070878	0.0986240537385567	0.06296673784204228	0.1	0.03333333333333333	1.0	0.7727449069190901	0	1.0
25a5bb27bb42	0.06608439733031304	0.11816600049205804	0.2569438484539261	0.24604927197391604	0.14620423763884519	1.0	0.027777777777777776	1.0	1.0	1	0.07142857142857142
456d248b44b4	0.3669249431097742	0.5690799952059956	0.6625360705768677	0.6623404032003999	0.18890021352612682	0.05555555555555555	0.022727272727272728	1.0	1.0	0	1.0
d39c7fc7ebed	0.0	0.29694425771962174	0.4215598331251373	0.36373474113755194	0.42277413731799013	0.045454545454545456	0.047619047619047616	1.0	1.0	0	1.0
1e774cf8ea31	0.24514081807895213	0.37627936829392306	0.5168431050183646	0.49584909528089904	0.44424811951776894	0.16666666666666666	0.018867924528301886	1.0	1.0	1	1.0
3529cd0b4c2f	0.20418054257991852	0.3863333863334036	0.43833608101614163	0.4120561806379748	0.38330767684818395	1.0	0.020833333333333332	1.0	1.0	1	0.14285714285714285
bbac3d3dec30	0.14934089169295822	0.3492335459308247	0.43731011071919407	0.422781507587797	0.335104451164972	0.041666666666666664	0.021739130434782608	1.0	0.0305686537796311	0	0.1111111111111111
d1f6d0b5d02a	0.2920284441669651	0.42016821050624265	0.5014069986385771	0.4605186122096691	0.47947343849762086	0.05	0.045454545454545456	1.0	1.0	0	1.0
aa5cace4d784	0.0	0.11816600049205804	0.1746871247840085	0.16084890366004248	0.09979991827237679	0.125	0.02	1.0	1.0	1	1.0
8aba47cac335	0.17905642074863906	0.20755512910583993	0.3165664053379244	0.31656661177793793	0.0	0.045454545454545456	0.2	1.0	1.0	0	0.5
a5b5ff38bb1e	0.3389160702549781	0.3575565144551274	0.4369654983042203	0.4143062102597437	0.37041084270747926	0.05263157894736842	0.25	1.0	1.0	0	0.5
f66afd6bc28b	0.0	0.3032362984035436	0.4239862355304419	0.37334909952891454	0.41650670065557865	0.045454545454545456	0.05	1.0	1.0	0	0.5
4d36a0faa1b4	0.0	0.19396770503618765	0.2460491115198026	0.18088083104991842	0.25737420116409937	0.041666666666666664	0.09090909090909091	1.0	0.03759471421008239	0	0.05
ecde1efa4ec5	0.11297202341832605	0.16155788157855885	0.2460491115198026	0.24006228842175747	0.09979991827237679	0.05263157894736842	0.023255813953488372	1.0	1.0	0	0.012345679012345678
0362c6d10a08	0.22594404683665206	0.32045667405254846	0.4636501908104431	0.42073651067529483	0.44492858562404325	0.05263157894736842	0.023809523809523808	1.0	1.0	0	0.07142857142857142
7fb5ef1cea79	0.0	0.0	0.03639918008035379	0.036399203817070964	0.0	0.041666666666666664	0.3333333333333333	1.0	0.03759471421008239	0	0.0625
8c31110375c5	0.913657041496575	0.829080634531919	0.8781007659745617	0.8689093554294399	0.739930043956803	0.14285714285714285	0.018518518518518517	1.0	0.2586831782024952	1	0.2
f2258c95c059	0.0	0.0	0.03639918008035379	0.0	0.06296673784204228	0.041666666666666664	0.030303030303030304	1.0	0.03759471421008239	0	0.043478260869565216
3af9fd61fba2	0.14934089169295822	0.3448615593629846	0.4544763645405834	0.4379956777182098	0.36236649265917265	0.05555555555555555	0.05263157894736842	1.0	1.0	0	0.5
