revisions	files	functions	lines	addLines	deleteLines	pos	time	rf	ibf	isComponent	distance
5ab756c2fe76	0.0	0.08938912861378186	0.2110863048643623	0.1350232575556277	0.23300461763247096	0.02702702702702703	0.07692307692307693	1.0	0.7185165141705541	0	0.01282051282051282
ee9744e6ecf9	0.11297202341832605	0.14167841682498472	0.2619324331157728	0.25947295739859916	0.06296673784204228	0.04	0.047619047619047616	1.0	0.6475607466242702	0	0.008403361344537815
bc2e814493f0	0.14934089169295822	0.29694425771962174	0.40039351465970996	0.38139371585571197	0.3203409390061417	0.030303030303030304	0.02	1.0	0.8208464761373714	0	0.047619047619047616
c1466184ac0c	0.06608439733031304	0.11816600049205804	0.223073608110253	0.21108644251844974	0.12593347568408456	0.04	0.045454545454545456	1.0	0.6475607466242702	0	0.03225806451612903
fddd5cfa97d2	0.0	0.0	0.08225672366991757	0.036399203817070964	0.09979991827237679	0.05	0.125	1.0	0.8208464761373714	1	0.1
066e38fde362	0.0	0.08938912861378186	0.23691193412730824	0.1972481074771134	0.21782912381320668	0.03125	0.014705882352941176	1.0	0.8208464761373714	0	0.5
3bd528b8e6da	0.14934089169295822	0.2903294102274493	0.39882312900784195	0.3697720732509864	0.3516668696405459	0.02702702702702703	0.018518518518518517	1.0	0.7185165141705541	0	0.02631578947368421
b0680f140fa9	0.17905642074863906	0.19396770503618765	0.33764828980760514	0.29913693854435036	0.3119495802941435	0.03333333333333333	0.015151515151515152	1.0	1.0	0	1.0
c3b14c00ac13	0.06608439733031304	0.16155788157855885	0.24889923737319897	0.2021018020798915	0.23973671924881043	0.037037037037037035	0.012048192771084338	1.0	0.6475607466242702	0	0.3333333333333333
7fd29de1b59a	0.0	0.14167841682498472	0.23364715892766083	0.16803445618334878	0.246004155911222	0.047619047619047616	0.010869565217391304	1.0	0.8208464761373714	1	0.5
1159e77fbd11	0.0	0.052289288211202906	0.1921167866513249	0.1444816272328475	0.18890021352612682	0.03125	0.02564102564102564	1.0	0.8208464761373714	0	1.0
355e1f63f5f7	0.0	0.20755512910583993	0.2795047025172246	0.23364731129418437	0.26747813811100074	0.02702702702702703	0.023809523809523808	1.0	0.7185165141705541	0	0.014705882352941176
fafdca3be201	0.11297202341832605	0.2310675454387666	0.28147778026825165	0.25166181710041935	0.23973671924881043	0.04	0.02631578947368421	1.0	0.6475607466242702	0	0.05555555555555555
ba9fd7dd4576	0.7396159142397352	0.747270728626659	0.7823707068483857	0.7575343746537336	0.7256936273297427	1.0	0.012987012987012988	1.0	0.8208464761373714	1	1.0
91b523d4bac2	0.11297202341832605	0.25094701019234067	0.25947278819060676	0.21108644251844974	0.2518669513681691	0.06666666666666667	0.041666666666666664	1.0	0.8208464761373714	0	1.0
92547139a8ae	0.0	0.052289288211202906	0.20210167028488468	0.2021018020798915	0.0	0.03125	0.017857142857142856	1.0	0.8208464761373714	0	0.03333333333333333
d1171e687187	0.2778469664164643	0.3356461218611724	0.4039543212038241	0.38758730820425163	0.3119495802941435	0.030303030303030304	0.0625	1.0	0.8208464761373714	0	0.05263157894736842
212a21c6eb2e	0.11297202341832605	0.2903294102274493	0.35809677761426034	0.3111242496074288	0.34580407418359876	0.027777777777777776	0.01639344262295082	1.0	0.8208464761373714	0	0.1
ae4dd114186f	0.06608439733031304	0.19396770503618765	0.25166165298624243	0.22307375358152826	0.2091709754808875	0.030303030303030304	0.16666666666666666	1.0	0.8208464761373714	0	0.06666666666666667
44d678fbb97d	0.0	0.0	0.1530376635625889	0.15303776336186264	0.0	0.02702702702702703	0.08333333333333333	1.0	0.7185165141705541	0	0.011111111111111112
6883f090400d	0.0	0.08938912861378186	0.1746871247840085	0.12444969984297151	0.17676998140676817	0.03125	0.025	1.0	0.8208464761373714	0	0.05
834f7dce22ba	0.0	0.14167841682498472	0.39053064453301994	0.3344610219376306	0.389753060287233	0.02702702702702703	0.02127659574468085	1.0	0.7185165141705541	0	0.034482758620689655
26107de9f0af	0.0	0.08938912861378186	0.06222480934329974	0.06222484992148576	0.0	0.09090909090909091	1.0	1.0	0.7185165141705541	0	0.5
e12cdf153f7a	0.11297202341832605	0.16155788157855885	0.3322711483513144	0.32888335984339123	0.12593347568408456	0.03125	0.014925373134328358	1.0	0.8208464761373714	0	0.1
e4140940ec33	0.17905642074863906	0.3830683701036636	0.5811703857245133	0.5224774723590709	0.5845257906893783	0.0625	0.011363636363636364	1.0	0.7185165141705541	0	1.0
e0c1835422e4	0.39081898983479035	0.4585021392981806	0.6154198089924868	0.5789973544209004	0.5861157434556381	0.027777777777777776	0.016129032258064516	1.0	0.7185165141705541	0	0.09090909090909091
4c8b2e081042	0.45690338716510337	0.41250489177089955	0.5094564217813707	0.45100120176583464	0.5118744325717401	1.0	0.013333333333333334	1.0	0.8208464761373714	1	0.2
aed4cdeec86f	0.0	0.0	0.03639918008035379	0.036399203817070964	0.0	0.029411764705882353	0.3333333333333333	1.0	0.8208464761373714	0	0.5
6e0b6eec491d	0.0	0.0	0.12444961868659946	0.0986240537385567	0.09979991827237679	0.05	0.05	1.0	0.8208464761373714	1	0.05555555555555555
a52559485c17	0.06608439733031304	0.3032362984035436	0.38392240687720625	0.36528256366046225	0.3027034570908527	0.03125	0.058823529411764705	1.0	0.8208464761373714	0	0.16666666666666666
a4d8f21e6731	0.06608439733031304	0.21984644927517105	0.2907407760749784	0.2619326039277545	0.246004155911222	0.03125	0.03571428571428571	1.0	0.8208464761373714	0	0.02127659574468085
d6415e5a4bbf	0.14934089169295822	0.2413899532786789	0.30072565970853826	0.29248415602632033	0.16276665611441907	0.02702702702702703	0.015873015873015872	1.0	0.7185165141705541	0	0.01818181818181818
5b4a78cade87	0.0	0.08938912861378186	0.1866744280298992	0.15303776336186264	0.16276665611441907	0.02702702702702703	0.1	1.0	0.7185165141705541	0	0.008264462809917356
913fde42e02e	0.20418054257991852	0.2413899532786789	0.3437025896115514	0.3311561769973047	0.23300461763247096	0.03225806451612903	0.017241379310344827	1.0	1.0	0	1.0
78cd75aa86db	0.24514081807895213	0.29694425771962174	0.46692412589213106	0.46517639079491796	0.18890021352612682	0.05	0.010638297872340425	1.0	0.8208464761373714	1	1.0
b91bb5a5841c	0.2920284441669651	0.38951777658204884	0.4698437791200057	0.3851609042166359	0.4940049152801654	0.04	0.0136986301369863	1.0	0.6475607466242702	0	0.05
3941e68ff26d	0.11297202341832605	0.3492335459308247	0.41779264722087933	0.3520813603382579	0.42700009929409416	0.027777777777777776	0.023255813953488372	1.0	0.7185165141705541	0	0.16666666666666666
219a0ffbcdf1	0.20418054257991852	0.39862470650273474	0.47894233684149795	0.47336498707623875	0.29597135547451325	0.02702702702702703	0.0196078431372549	1.0	0.43589741901226553	0	0.02631578947368421
80d50cf18862	0.4050004675852912	0.5005713292762338	0.5136675788804628	0.4426515386625558	0.5281660854208462	0.05	0.011764705882352941	1.0	0.6475607466242702	1	1.0
ff195c275de6	0.0	0.052289288211202906	0.1746871247840085	0.06222484992148576	0.21782912381320668	0.02702702702702703	0.02702702702702703	1.0	0.7185165141705541	0	0.017543859649122806
e3fbfb3457cd	0.22594404683665206	0.3615248661001558	0.4798034602200311	0.457822569276887	0.4107674154833625	0.1	0.030303030303030304	1.0	0.7185165141705541	0	1.0
26847aebc78f	0.5596855815960106	0.6532860575182532	0.7303216791971582	0.7297945519251913	0.33734757254989495	0.043478260869565216	0.01098901098901099	1.0	0.5937398728874884	0	1.0
54f02ea642a2	0.0	0.08938912861378186	0.20210167028488468	0.1444816272328475	0.2091709754808875	0.03125	0.022727272727272728	1.0	0.8208464761373714	0	0.25
345def86187c	0.06608439733031304	0.11816600049205804	0.35641875821878183	0.24889939968594305	0.39220839355006715	0.027777777777777776	0.016666666666666666	1.0	0.8208464761373714	0	0.3333333333333333
d93ebab1bd5e	0.0	0.052289288211202906	0.4359236519043293	0.38075018992863535	0.4341441825708676	0.02702702702702703	0.07142857142857142	1.0	0.7185165141705541	0	1.0
8d0af11c52f9	0.06608439733031304	0.0	0.1530376635625889	0.1350232575556277	0.09979991827237679	1.0	0.01694915254237288	1.0	0.8208464761373714	1	0.1
f33d1229f546	0.3669249431097742	0.5643031064136645	0.6873627441365836	0.62785573100453	0.6927670879384529	0.07142857142857142	0.02857142857142857	1.0	0.8208464761373714	0	1.0
5b2f5b265733	0.17905642074863906	0.3830683701036636	0.47675268136453164	0.47008315751417046	0.30897089375326425	0.02857142857142857	0.2	1.0	0.43589741901226553	0	1.0
e84b4b9c4e32	0.46649345769120276	0.4865399761879694	0.6626758797062939	0.6626763118520153	0.0	0.02702702702702703	0.013888888888888888	1.0	0.43589741901226553	0	0.03125
a6b6e3cf36a4	0.8805509317854763	1.0	1.0	1.0	0.06296673784204228	0.08333333333333333	0.010752688172043012	1.0	0.21166332761200468	0	1.0
5d4df555973f	0.0	0.0	0.37404746988795895	0.31251608341619624	0.37920885527131615	0.02702702702702703	0.015625	1.0	0.7185165141705541	0	0.018867924528301886
7838e9cd0828	0.0	0.11816600049205804	0.19724797884730702	0.12444969984297151	0.21782912381320668	0.047619047619047616	0.012658227848101266	1.0	0.8208464761373714	1	1.0
21e1b916a4e7	0.06608439733031304	0.16155788157855885	0.25166165298624243	0.23691208862286453	0.16276665611441907	0.030303030303030304	0.014285714285714285	1.0	0.8208464761373714	0	0.041666666666666664
bb5436a892c1	0.0	0.0	0.0	0.0	0.0	0.0	0.0	0.0	0.0	0	0.0
a5fea4d45065	0.0	0.14167841682498472	0.29248396529100307	0.25166181710041935	0.27213771332292974	0.1	0.012345679012345678	1.0	0.7185165141705541	0	1.0
473a4244112c	0.0	0.0	0.21526247290588865	0.1972481074771134	0.14620423763884519	0.05	0.04	1.0	0.8208464761373714	1	0.25
e9db5fb1fd21	0.11297202341832605	0.25094701019234067	0.2834084229327595	0.2619326039277545	0.21782912381320668	0.03571428571428571	0.03333333333333333	1.0	0.8208464761373714	0	1.0
9da102f75bcb	0.0	0.0	0.30533033178017055	0.24604927197391604	0.30897089375326425	0.02702702702702703	0.019230769230769232	1.0	0.7185165141705541	0	0.02702702702702703
9387b72807ce	0.3581128414972781	0.4015228341420275	0.5685475299206166	0.5161315312554233	0.5643643230735592	1.0	0.017543859649122806	1.0	0.8208464761373714	1	0.3333333333333333
7620cf8ef36f	0.3669249431097742	0.43862267454460646	0.4841936246057054	0.4120561806379748	0.49937265882841864	0.037037037037037035	0.011494252873563218	1.0	0.6475607466242702	0	0.5
b5ba4cc6b65f	0.0	0.21984644927517105	0.2907407760749784	0.24889939968594305	0.27213771332292974	0.02702702702702703	0.05555555555555555	1.0	0.7185165141705541	0	0.017857142857142856
dc83f1e94703	0.0	0.052289288211202906	0.2192529709249519	0.16803445618334878	0.21782912381320668	0.02702702702702703	0.09090909090909091	1.0	0.7185165141705541	0	0.1
f15277be8b1c	0.41804616249593934	0.37274596226375134	0.5071164607072851	0.4413457486232843	0.5169224979000296	0.08333333333333333	0.011235955056179775	1.0	0.4587881228730689	0	0.0625
e5fa705634a1	0.3487969244049448	0.3797185388412312	0.3754285959581471	0.29913693854435036	0.3934116137950853	0.04	0.013513513513513514	1.0	0.6475607466242702	0	0.010416666666666666
b4fcae09c311	0.38323696332855756	0.3830683701036636	0.3605564225394263	0.2941941407259178	0.37041084270747926	0.043478260869565216	0.011627906976744186	1.0	0.7185165141705541	0	0.5
7a3ef736a43b	0.0	0.052289288211202906	0.19724797884730702	0.18667454976445727	0.09979991827237679	0.030303030303030304	0.015384615384615385	1.0	0.8208464761373714	0	0.09090909090909091
6118e902327b	0.39081898983479035	0.42016821050624265	0.6431524288518654	0.6036623386377155	0.6200370784268897	0.027777777777777776	0.021739130434782608	1.0	0.8208464761373714	0	0.5
d984c2c1a9aa	0.0	0.3032362984035436	0.38877609831478394	0.32169780732008496	0.39919967308950716	0.03125	0.037037037037037035	1.0	0.8208464761373714	0	0.041666666666666664
73d33b74fd87	0.06608439733031304	0.16155788157855885	0.30533033178017055	0.23025930610483455	0.32297421904561335	0.04	0.012195121951219513	1.0	0.6475607466242702	0	0.013513513513513514
0953ef594e72	0.0	0.08938912861378186	0.16803434660440356	0.15303776336186264	0.09979991827237679	0.03125	0.024390243902439025	1.0	0.8208464761373714	0	0.14285714285714285
c4005287acdf	0.17905642074863906	0.0	0.31787696034860546	0.3138866670219051	0.12593347568408456	0.04	0.03225806451612903	1.0	0.6475607466242702	0	0.2
e1d0affb7e4c	0.0	0.08938912861378186	0.22673825668313485	0.1444816272328475	0.2518669513681691	0.030303030303030304	0.14285714285714285	1.0	0.8208464761373714	0	0.25
14e965a42294	0.0	0.0	0.12444961868659946	0.11246238877989302	0.06296673784204228	0.027777777777777776	0.02040816326530612	1.0	0.8208464761373714	0	0.3333333333333333
43f6dee0cd49	0.0	0.0	0.19724797884730702	0.1350232575556277	0.2091709754808875	1.0	0.06666666666666667	1.0	1.0	1	0.07692307692307693
eab69c9fb2b5	0.0	0.0	0.16084879876695327	0.15303776336186264	0.06296673784204228	0.05	0.038461538461538464	1.0	0.8208464761373714	1	0.14285714285714285
7c5ab0d66ed8	0.06608439733031304	0.2598444173170428	0.24889923737319897	0.2067064771543332	0.23300461763247096	0.02702702702702703	0.05263157894736842	1.0	0.43589741901226553	0	0.017241379310344827
c9d127d11201	0.2778469664164643	0.29694425771962174	0.5220766636576286	0.4429750398501211	0.5429024765762133	0.3333333333333333	0.013157894736842105	1.0	0.8208464761373714	1	1.0
612151d66b5f	0.17905642074863906	0.3032362984035436	0.4125104517531957	0.4083345499955632	0.2091709754808875	0.16666666666666666	0.029411764705882353	1.0	0.8208464761373714	0	1.0
9953d672b34e	0.3171525659982445	0.47245749871744547	0.4138604234160401	0.36215976245247383	0.4077558092826101	0.03333333333333333	0.022222222222222223	1.0	0.48489538710571684	0	0.1
ff29dda08558	0.20418054257991852	0.2903294102274493	0.40039351465970996	0.39882338908929965	0.12593347568408456	0.030303030303030304	0.5	1.0	0.8208464761373714	0	0.125
077ef215e7e9	0.11297202341832605	0.19396770503618765	0.223073608110253	0.1972481074771134	0.17676998140676817	0.030303030303030304	0.01818181818181818	1.0	0.8208464761373714	0	0.045454545454545456
b9c1b4a35b7e	0.11297202341832605	0.3403361388061225	0.3547087746343028	0.30072585581844824	0.3516668696405459	0.1	0.043478260869565216	1.0	0.5937398728874884	0	0.5
7012373d248c	0.14934089169295822	0.38951777658204884	0.4696040689005133	0.4676632944921593	0.19959983654475358	0.08333333333333333	0.01282051282051282	1.0	0.35243925337572973	0	0.14285714285714285
8ef29befd159	0.7387420023446497	0.8383176050530768	0.9445560654646791	0.8860151045765137	0.9519342181733677	0.04	0.034482758620689655	1.0	0.6475607466242702	0	0.2
a4847abc9bd8	0.11297202341832605	0.052289288211202906	0.12444961868659946	0.11246238877989302	0.06296673784204228	0.037037037037037035	0.1111111111111111	1.0	0.6475607466242702	0	0.125
fb7d5a208637	0.06608439733031304	0.08938912861378186	0.35726168857966106	0.3111242496074288	0.3437625994972912	0.030303030303030304	0.03125	1.0	0.8208464761373714	0	1.0
a722ce587bfe	0.11297202341832605	0.3492335459308247	0.49162993077340733	0.4856108815607434	0.3148336892102114	0.02702702702702703	0.25	1.0	0.7185165141705541	0	0.125
8c31110375c5	0.913657041496575	0.829080634531919	0.8781007659745617	0.8689093554294399	0.739930043956803	0.037037037037037035	0.010526315789473684	1.0	0.41559276351891056	1	1.0
0f355f91abee	0.5246258302225686	0.49651985725929115	0.588675064448563	0.5355898369977246	0.5855407934324093	0.029411764705882353	0.020833333333333332	1.0	0.8208464761373714	0	0.5
fa4d2ebdf3fd	0.0	0.052289288211202906	0.1866744280298992	0.1444816272328475	0.17676998140676817	0.1	0.0125	1.0	0.7185165141705541	0	0.3333333333333333
987075c7de3b	0.0	0.0	0.11246231544070878	0.06222484992148576	0.12593347568408456	0.04	0.027777777777777776	1.0	0.6475607466242702	0	0.058823529411764705
7b680a4f4542	0.2920284441669651	0.4757225149471854	0.5313475289733554	0.4983232691152729	0.4940049152801654	0.030303030303030304	0.014084507042253521	1.0	0.8208464761373714	0	0.043478260869565216
63469068fcd5	0.06608439733031304	0.11816600049205804	0.30382153283792823	0.2569440160127405	0.29240847527769037	0.03125	0.014492753623188406	1.0	0.8208464761373714	0	0.5
ea0e788b35c8	0.0	0.08938912861378186	0.23364715892766083	0.036399203817070964	0.29240847527769037	0.047619047619047616	0.011111111111111112	1.0	0.8208464761373714	1	0.3333333333333333
e4c589c3b55b	0.8768381475942552	0.8533885767370973	0.8907530481100673	0.8898617603616132	0.5451793326153924	0.038461538461538464	0.018867924528301886	1.0	0.6475607466242702	0	1.0
