revisions	files	functions	lines	addLines	deleteLines	pos	time	rf	ibf	isComponent	distance
f66af0ea18b8	0.3171525659982445	0.4098458026663303	0.5650521393367227	0.5313478754769301	0.5295119144870292	0.08333333333333333	0.030303030303030304	1.0	0.5151046128942831	0	0.5
c56e5a9a9728	0.3283973124415973	0.43645520751459366	0.6422800077596152	0.6422804266047336	0.0	0.3333333333333333	0.018867924528301886	1.0	1.0	1	1.0
a8fad3442db5	0.06608439733031304	0.2310675454387666	0.3529655854182781	0.35028587083897605	0.12593347568408456	0.05555555555555555	0.03333333333333333	1.0	0.5151046128942831	0	1.0
ac8b09b99c40	0.0	0.11816600049205804	0.1808807130935711	0.16803445618334878	0.09979991827237679	0.08333333333333333	0.027777777777777776	1.0	0.5151046128942831	0	0.058823529411764705
943d4a809b1b	0.06608439733031304	0.11816600049205804	0.3022869412151867	0.28896325446569493	0.19959983654475358	0.058823529411764705	0.0625	1.0	0.5151046128942831	0	0.3333333333333333
0a5c9092b3c6	0.0	0.052289288211202906	0.346583203298102	0.285298603503014	0.3516668696405459	0.05555555555555555	0.0196078431372549	1.0	0.5151046128942831	0	0.125
805e2dbf1d5a	0.22594404683665206	0.20755512910583993	0.3253622461067884	0.24604927197391604	0.34580407418359876	0.14285714285714285	0.2	1.0	0.5151046128942831	0	0.1
2c797f78ccd9	0.0	0.19396770503618765	0.1530376635625889	0.1444816272328475	0.06296673784204228	0.043478260869565216	0.018518518518518517	1.0	1.0	1	0.5
4093cade2552	0.0	0.0	0.09862398942365351	0.0822567773113617	0.06296673784204228	0.2	0.14285714285714285	1.0	1.0	1	0.25
17e17ba53c42	0.06608439733031304	0.20755512910583993	0.2852984174535528	0.2754236600741	0.16276665611441907	0.5	0.05263157894736842	1.0	1.0	0	0.1
e362b7085285	0.0	0.11816600049205804	0.1746871247840085	0.15303776336186264	0.12593347568408456	0.017241379310344827	0.16666666666666666	1.0	0.41559276351891056	0	0.5
5c46ac8790a5	0.20418054257991852	0.3492335459308247	0.3511878753697344	0.3229360542951501	0.3027034570908527	0.045454545454545456	0.019230769230769232	1.0	1.0	1	0.16666666666666666
6b47a8a9071b	0.0	0.0	0.08225672366991757	0.06222484992148576	0.06296673784204228	0.08333333333333333	0.07692307692307693	1.0	0.5151046128942831	0	0.047619047619047616
6f69f996e423	0.06608439733031304	0.25094701019234067	0.3520811307382998	0.35118810438718073	0.06296673784204228	0.5	0.05555555555555555	1.0	1.0	0	0.058823529411764705
439e09d216d9	0.06608439733031304	0.37274596226375134	0.4219688152624057	0.36830037664521104	0.418341950961775	0.2	0.02040816326530612	1.0	1.0	1	1.0
54825f112483	0.3669249431097742	0.3615248661001558	0.31787696034860546	0.27748746320483414	0.29597135547451325	0.047619047619047616	0.07142857142857142	1.0	1.0	1	0.14285714285714285
5768b6ed4f2c	0.0	0.2310675454387666	0.33971209159248816	0.27748746320483414	0.34580407418359876	0.08333333333333333	0.5	1.0	0.5151046128942831	0	0.1
44300fded884	0.06608439733031304	0.0	0.03639918008035379	0.0	0.06296673784204228	0.058823529411764705	0.045454545454545456	1.0	0.5151046128942831	0	0.2
219a0ffbcdf1	0.20418054257991852	0.39862470650273474	0.47894233684149795	0.47336498707623875	0.29597135547451325	0.08333333333333333	0.038461538461538464	1.0	0.43589741901226553	0	0.037037037037037035
5546c0cee96b	0.0	0.0	0.09862398942365351	0.0822567773113617	0.06296673784204228	0.5	0.041666666666666664	1.0	1.0	0	0.125
331688c7b104	0.17905642074863906	0.3032362984035436	0.342721471388412	0.32415745384924033	0.2625665743867958	0.2	1.0	1.0	1.0	1	0.027777777777777776
cfbafddddede	0.0	0.0	0.08225672366991757	0.06222484992148576	0.06296673784204228	0.5	0.03225806451612903	1.0	1.0	0	0.16666666666666666
7ba3d6c6a5ba	0.06608439733031304	0.17877825722756366	0.4352223090881957	0.4334448816985424	0.16276665611441907	0.05555555555555555	0.01694915254237288	1.0	0.5151046128942831	0	0.09090909090909091
8aac0154970d	0.20418054257991852	0.3032362984035436	0.35892416986625436	0.3111242496074288	0.34780067764132017	0.05555555555555555	0.034482758620689655	1.0	0.5151046128942831	0	0.04
37b047d7ffa2	0.06608439733031304	0.3830683701036636	0.4620979084942046	0.4319969231724721	0.41742896035796023	0.045454545454545456	0.022222222222222223	1.0	1.0	1	0.05555555555555555
f2a0a4315195	0.5430966128348967	0.5269326231991397	0.5256181432578809	0.47008315751417046	0.5248523392751001	0.043478260869565216	0.01818181818181818	1.0	0.7185165141705541	1	1.0
5b2f5b265733	0.17905642074863906	0.3830683701036636	0.47675268136453164	0.47008315751417046	0.30897089375326425	0.125	0.25	1.0	0.43589741901226553	0	1.0
e84b4b9c4e32	0.46649345769120276	0.4865399761879694	0.6626758797062939	0.6626763118520153	0.0	0.058823529411764705	0.024390243902439025	1.0	0.43589741901226553	0	0.16666666666666666
bb5436a892c1	0.0	0.0	0.0	0.0	0.0	0.0	0.0	0.0	0.0	0	0.0
b262d0f7fcdd	0.0	0.29694425771962174	0.5192222219741379	0.48001776959426873	0.4943990234923516	0.5	0.022727272727272728	1.0	1.0	0	0.5
aeab4ec26a3c	0.0	0.11816600049205804	0.3675551411234703	0.3668041506363452	0.06296673784204228	0.08333333333333333	0.025	1.0	0.5151046128942831	0	0.1
9744ec677e72	0.17905642074863906	0.3092355778889529	0.3972247825032021	0.36604658088821196	0.3553752131197327	0.08333333333333333	0.03571428571428571	1.0	0.5151046128942831	0	0.3333333333333333
6cf3c9e90961	0.0	0.052289288211202906	0.1921167866513249	0.16803445618334878	0.14620423763884519	0.5	0.017241379310344827	1.0	1.0	0	0.25
a4775e530f17	0.0	0.2310675454387666	0.44676847422840404	0.3826670915662682	0.4545674916654651	0.14285714285714285	0.04	1.0	0.5151046128942831	0	1.0
584f0f36117f	0.14934089169295822	0.3149681328686091	0.3502856424098959	0.29587216121567017	0.34780067764132017	0.25	0.06666666666666667	1.0	1.0	1	0.5
894fe07157c0	0.2778469664164643	0.32045667405254846	0.4693637168858254	0.4572735065108259	0.3516668696405459	0.09090909090909091	0.08333333333333333	1.0	0.48489538710571684	0	1.0
512c70ac8e6f	0.06608439733031304	0.3356461218611724	0.2619324331157728	0.2067064771543332	0.2625665743867958	0.045454545454545456	0.021739130434782608	1.0	1.0	1	1.0
89cc8dfb1b14	0.11297202341832605	0.2759856130067989	0.3386861212955405	0.29587216121567017	0.3203409390061417	0.017241379310344827	0.058823529411764705	1.0	0.41559276351891056	0	0.2
1c86ef6a70b3	0.0	0.0	0.06222480934329974	0.06222484992148576	0.0	0.5	0.02857142857142857	1.0	1.0	0	1.0
7d703eb5ba0d	0.0	0.26816738584134553	0.31388646232954215	0.3038217309667262	0.18890021352612682	0.2	0.09090909090909091	1.0	1.0	1	0.08333333333333333
e647bd7cee1b	0.0	0.17877825722756366	0.3520811307382998	0.31656661177793793	0.3203409390061417	0.25	0.03125	1.0	1.0	1	1.0
74b341a936df	0.3581128414972781	0.5179577851189078	0.619578776147994	0.6193531123728567	0.16276665611441907	0.043478260869565216	0.017857142857142856	1.0	1.0	1	1.0
313ca82fe335	0.0	0.0	0.0	0.0	0.0	0.0	0.0	0.0	0.0	0	0.0
9c1a07318794	0.0	0.0	0.08225672366991757	0.0822567773113617	0.0	0.14285714285714285	0.1	1.0	0.5151046128942831	0	0.2
396b6f95c6ee	0.17905642074863906	0.14167841682498472	0.34937424956801705	0.31656661177793793	0.3119495802941435	0.3333333333333333	0.05	1.0	1.0	1	1.0
1c89ae2b5294	0.0	0.2598444173170428	0.38758705545008815	0.29913693854435036	0.41368237574984595	0.08333333333333333	0.3333333333333333	1.0	0.5151046128942831	0	0.09090909090909091
f1d579860625	0.14934089169295822	0.3653747416205808	0.382032412356413	0.37334909952891454	0.23973671924881043	0.047619047619047616	0.02127659574468085	1.0	1.0	1	1.0
7606620a81fa	0.14934089169295822	0.20755512910583993	0.3165664053379244	0.3082741218954018	0.17676998140676817	0.1111111111111111	0.047619047619047616	1.0	0.5151046128942831	0	1.0
526fbc656da7	0.2778469664164643	0.3797185388412312	0.4929350419574071	0.4078583075926847	0.5175342295075074	0.05555555555555555	0.02564102564102564	1.0	0.5151046128942831	0	1.0
7dc951d9b531	0.17905642074863906	0.37627936829392306	0.45836799534275946	0.43052522656669684	0.4077558092826101	0.3333333333333333	0.029411764705882353	1.0	1.0	1	1.0
a6ac76024ffb	0.0	0.052289288211202906	0.14448153301321734	0.12444969984297151	0.09979991827237679	0.05555555555555555	0.020833333333333332	1.0	0.5151046128942831	0	0.16666666666666666
967be6917cb8	0.0	0.0	0.06222480934329974	0.036399203817070964	0.06296673784204228	0.047619047619047616	0.023255813953488372	1.0	1.0	1	0.125
7c5ab0d66ed8	0.06608439733031304	0.2598444173170428	0.24889923737319897	0.2067064771543332	0.23300461763247096	0.08333333333333333	0.125	1.0	0.43589741901226553	0	0.05263157894736842
9953d672b34e	0.3171525659982445	0.47245749871744547	0.4138604234160401	0.36215976245247383	0.4077558092826101	0.05263157894736842	0.043478260869565216	1.0	0.48489538710571684	0	0.5
d5dc607f61dc	0.4050004675852912	0.47732453868615715	0.5814470313174377	0.5622745469056304	0.5019420931580402	0.05	0.016666666666666666	1.0	1.0	1	0.5
bf87780d7374	0.2623129151112843	0.3092355778889529	0.4312638094383395	0.38818379865398855	0.4127210778859587	0.05555555555555555	0.02631578947368421	1.0	0.5151046128942831	0	0.5
b2b77f3945b2	0.2920284441669651	0.3492335459308247	0.4379953920916456	0.42712295268425454	0.3119495802941435	0.05	0.1111111111111111	1.0	1.0	1	0.14285714285714285
ca9f6a9aad09	0.3581128414972781	0.3797185388412312	0.5146902099015025	0.47518782092005174	0.4903788187965703	0.08333333333333333	0.02702702702702703	1.0	0.5151046128942831	0	0.125
51c538382270	0.14934089169295822	0.25094701019234067	0.42712267414803223	0.42712295268425454	0.0	1.0	0.017543859649122806	1.0	0.8208464761373714	0	1.0
63746fdf09ab	0.2920284441669651	0.2759856130067989	0.5182502094353023	0.3774614894865819	0.5663450949173636	0.08333333333333333	0.037037037037037035	1.0	0.5151046128942831	0	0.03125
221055136cad	0.0	0.19396770503618765	0.25434159599462464	0.22307375358152826	0.21782912381320668	0.05555555555555555	0.02	1.0	0.5151046128942831	0	0.2
