revisions	files	functions	lines	addLines	deleteLines	pos	time	rf	ibf	isComponent	distance
62c5b38abd42	0.0	0.4015228341420275	0.4696040689005133	0.4106785860999806	0.5180457236222278	0.3333333333333333	0.5	1.0	1.0	1	1.0
631e270a788e	0.2089607343063329	0.3092355778889529	0.4362722792312587	0.4177929196727829	0.3878314925288063	0.16666666666666666	1.0	1.0	1.0	1	0.5
d745f9e69376	0.9962184801713535	0.9817920792952424	0.9738374630342642	0.9738380980953941	0.0	0.5	0.125	1.0	1.0	1	1.0
313ca82fe335	0.0	0.0	0.0	0.0	0.0	0.0	0.0	0.0	0.0	0	0.0
8d00a237a61b	0.06763153833293722	0.32572112959789795	0.425959313281469	0.36215976245247383	0.47541294216204666	0.16666666666666666	0.2	1.0	1.0	1	1.0
62374ecd2717	0.1156168784316249	0.3032362984035436	0.3733488560597984	0.31251608341619624	0.41444509507677596	1.0	0.25	1.0	1.0	1	1.0
afa073274618	0.7840396415996993	0.8441891019595081	0.8869796960717886	0.8733079103306942	0.8586774927871119	0.029411764705882353	0.1111111111111111	1.0	0.5833054849228712	0	1.0
ff3112fa20e1	0.298865295196187	0.5258443361283756	0.5545096674269682	0.5210002717783576	0.568730548293448	0.25	0.3333333333333333	1.0	1.0	1	0.5
b516dee066b2	0.0	0.052289288211202906	0.24889923737319897	0.1921169119349664	0.276296730051184	0.02631578947368421	0.14285714285714285	1.0	0.8353423914104244	0	1.0
