revisions	files	functions	lines	addLines	deleteLines	pos	time	rf	ibf	isComponent	distance
870bdb7ff9c8	0.1156168784316249	0.2413899532786789	0.35384141113454926	0.346583429312739	0.21895997810150142	0.058823529411764705	0.125	1.0	0.09006183522523992	0	1.0
a6b6e3cf36a4	0.9011660316653285	1.0	1.0	1.0	0.069074182512796	0.07692307692307693	0.1111111111111111	1.0	0.0	0	1.0
8559551465d2	1.0	0.9192997660272638	0.9469898526770555	0.9469904702302598	0.0	0.09090909090909091	0.25	1.0	0.2291133421976144	1	1.0
e8677922298c	0.23123375686324976	0.20755512910583993	0.32044203267738586	0.24889939968594305	0.36760783254622637	0.09090909090909091	1.0	1.0	1.0	1	0.25
7012373d248c	0.15283719984194166	0.38951777658204884	0.4696040689005133	0.4676632944921593	0.21895997810150142	0.07692307692307693	0.2	1.0	0.25924669720729426	0	0.14285714285714285
f7182cff6816	0.0	0.29694425771962174	0.5003907075144273	0.43765369070499377	0.5564120491419291	0.09090909090909091	0.5	1.0	0.8533797716031883	1	1.0
bc43787578a7	0.0	0.3615248661001558	0.41906602210103944	0.36295070573993404	0.4589189350412688	0.09090909090909091	0.3333333333333333	1.0	0.8533797716031883	1	0.5
d31f25ca302d	0.0	0.17877825722756366	0.240062131871887	0.18667454976445727	0.2629899287771991	0.07692307692307693	0.16666666666666666	1.0	0.6099466533850815	0	0.07692307692307693
8870deb3cd89	0.7360543015010115	0.7432839736633603	0.733626838882853	0.6902862430604149	0.7878375614353678	0.05555555555555555	0.14285714285714285	1.0	0.09006183522523992	0	0.25
