revisions	files	functions	lines	addLines	deleteLines	pos	time	rf	ibf	isComponent	distance
fa6299672e40	0.23123375686324976	0.2903294102274493	0.5108316704889717	0.401425643245588	0.6014537138938159	0.3333333333333333	0.5	1.0	1.0	1	1.0
a6b6e3cf36a4	0.9011660316653285	1.0	1.0	1.0	0.069074182512796	0.14285714285714285	0.09090909090909091	1.0	0.0	0	1.0
8559551465d2	1.0	0.9192997660272638	0.9469898526770555	0.9469904702302598	0.0	0.3333333333333333	0.125	1.0	0.1825859230546566	1	1.0
870bdb7ff9c8	0.1156168784316249	0.2413899532786789	0.35384141113454926	0.346583429312739	0.21895997810150142	0.14285714285714285	0.1	1.0	0.0717724387365165	0	1.0
aac68351bf9e	0.0	0.14167841682498472	0.240062131871887	0.2067064771543332	0.2294594675206344	0.25	0.2	1.0	1.0	1	0.5
e34a3243e7f9	0.1156168784316249	0.16155788157855885	0.2302591559477033	0.1921169119349664	0.2294594675206344	0.16666666666666666	0.14285714285714285	1.0	1.0	1	0.14285714285714285
38e7c65dfdd2	0.4212912781155082	0.45476387023436265	0.4231846996354073	0.3597442405161959	0.4719762919282766	0.2	0.25	1.0	1.0	1	0.5
56190e94ae3f	0.06763153833293722	0.08938912861378186	0.2975191965758062	0.24889939968594305	0.3167025365891387	0.3333333333333333	1.0	1.0	1.0	1	0.2
acb410840b56	0.15283719984194166	0.3092355778889529	0.3152364339923866	0.3082741218954018	0.1785541715635467	0.2	0.3333333333333333	1.0	1.0	1	0.16666666666666666
1ba08d84b8e6	0.06763153833293722	0.08938912861378186	0.08225672366991757	0.036399203817070964	0.10947998905075071	0.3333333333333333	0.16666666666666666	1.0	1.0	1	0.025
8870deb3cd89	0.7360543015010115	0.7432839736633603	0.733626838882853	0.6902862430604149	0.7878375614353678	0.125	0.1111111111111111	1.0	0.0717724387365165	0	0.25
