revisions	files	functions	lines	addLines	deleteLines	pos	time	rf	ibf	isComponent	distance
7806941e4a5b	0.18324841676456208	0.4320078270524341	0.510070245874487	0.4868078523925453	0.4888252521600905	0.07692307692307693	0.045454545454545456	0.380952380952381	1.0	0	1.0
1681e9bf49ea	0.06763153833293722	0.3403361388061225	0.35726168857966106	0.30072585581844824	0.39181814336154835	0.1111111111111111	0.05	0.5714285714285714	0.7406022510826102	0	1.0
8bc8d1cd23df	0.49113211890816166	0.5311961934070335	0.6640621244208003	0.628471309295926	0.6950276113690792	0.08695652173913043	0.02564102564102564	0.14285714285714285	0.8353423914104244	0	1.0
ebd3b0ceb37a	0.9015412846855929	0.7961791889997339	0.8423923572835764	0.8376743442782604	0.7081127670578984	0.021739130434782608	0.020833333333333332	0.04761904761904762	0.6744523947580044	0	1.0
a7ad2044b480	0.18324841676456208	0.3149681328686091	0.40445167108458346	0.39053089920676354	0.3284399671522521	0.5	0.0625	0.5238095238095238	0.8353423914104244	1	0.25
da4080f9a31b	0.18324841676456208	0.3032362984035436	0.37812869194087817	0.3712200317770567	0.23895741101628998	0.09090909090909091	0.05555555555555555	0.2380952380952381	0.7406022510826102	0	0.5
df1417548b5a	0.25087995509749933	0.2413899532786789	0.4393504581802702	0.43935074469050317	0.0	0.3333333333333333	0.029411764705882353	0.14285714285714285	1.0	0	1.0
3e658a03c59b	0.06763153833293722	0.16155788157855885	0.2302591559477033	0.21108644251844974	0.1785541715635467	0.07692307692307693	0.030303030303030304	0.04761904761904762	1.0	0	1.0
1d2c3fca8353	0.15283719984194166	0.17877825722756366	0.2907407760749784	0.2733112924399355	0.2294594675206344	0.035398230088495575	0.125	0.2380952380952381	0.8353423914104244	1	1.0
0d16742315f5	0.15283719984194166	0.32572112959789795	0.42114897920955413	0.41948677147946223	0.16038528500783836	0.02	0.0196078431372549	0.04761904761904762	0.7406022510826102	0	1.0
4737cd82c9eb	0.06763153833293722	0.42972526741990447	0.6104609495205524	0.5483364103171593	0.6776572156529694	0.022727272727272728	0.018867924528301886	0.04761904761904762	0.8353423914104244	0	1.0
28ac6c2fe563	0.06763153833293722	0.19396770503618765	0.20210167028488468	0.16084890366004248	0.20722254753838798	0.1746031746031746	0.3333333333333333	0.8571428571428571	0.7406022510826102	0	1.0
5628706a2c7e	0.2684540782735666	0.42972526741990447	0.56455340792142	0.5527211306526693	0.48808433439337506	0.024390243902439025	0.1	0.04761904761904762	0.8353423914104244	0	1.0
31c2625be723	0.0	0.0	0.03639918008035379	0.0	0.069074182512796	1.0	0.25	0.5238095238095238	1.0	1	0.08333333333333333
cdba21b47239	0.15283719984194166	0.20755512910583993	0.32655128897148417	0.3265515019228631	0.0	0.025	0.034482758620689655	0.04761904761904762	0.8353423914104244	0	1.0
32f3e0522438	0.28435180646288283	0.48354074211263887	0.6271110125443109	0.5729810009895621	0.6863651425622366	0.16417910447761194	0.04	0.8571428571428571	0.5833054849228712	0	1.0
d0216ad21b66	0.15283719984194166	0.26816738584134553	0.3807499416331062	0.3572619215579765	0.34843740006704066	0.045454545454545456	0.14285714285714285	0.3333333333333333	0.6239426073894736	0	1.0
f05231a07d01	0.1156168784316249	0.2598444173170428	0.26665833602805705	0.23364731129418437	0.2556048484684772	0.03225806451612903	0.2	0.09523809523809525	1.0	1	1.0
870bdb7ff9c8	0.1156168784316249	0.2413899532786789	0.35384141113454926	0.346583429312739	0.21895997810150142	0.03271028037383177	0.021739130434782608	0.5238095238095238	0.247376662786112	0	1.0
2950200d2578	0.0	0.2598444173170428	0.37193510363131554	0.35296581559500884	0.3207705700156767	0.05263157894736842	0.02702702702702703	0.2857142857142857	0.8353423914104244	0	1.0
0ec1dbdaddd6	0.25087995509749933	0.4673995464228827	0.5249727671939045	0.4990178295038078	0.5146863162800799	0.041666666666666664	0.043478260869565216	0.3333333333333333	0.6239426073894736	0	1.0
f2a0a4315195	0.5558113696012077	0.5269326231991397	0.5256181432578809	0.47008315751417046	0.5757602746755276	0.03636363636363636	0.02631578947368421	0.14285714285714285	0.7406022510826102	0	1.0
4c9f1ec424c8	0.15283719984194166	0.44285129116709593	0.4908755446209372	0.4586399177067642	0.4952567081526854	0.06818181818181819	0.07692307692307693	0.2380952380952381	1.0	0	1.0
a6b6e3cf36a4	0.9011660316653285	1.0	1.0	1.0	0.069074182512796	0.14285714285714285	0.02040816326530612	1.0	0.18918229901573577	0	1.0
63540ed8c724	0.1156168784316249	0.16155788157855885	0.23364715892766083	0.16084890366004248	0.276296730051184	0.2	1.0	0.8571428571428571	0.7406022510826102	0	1.0
bb5436a892c1	0.0	0.0	0.0	0.0	0.0	0.0	0.0	0.0	0.0	0	0.0
8d3383935a74	0.2089607343063329	0.3448615593629846	0.41736414319077336	0.3972250415423424	0.37481480202904494	0.03125	0.038461538461538464	0.04761904761904762	0.6744523947580044	0	1.0
8870deb3cd89	0.7360543015010115	0.7432839736633603	0.733626838882853	0.6902862430604149	0.7878375614353678	0.03167420814479638	0.022222222222222223	0.5238095238095238	0.247376662786112	0	0.25
a8e67ec3eec0	0.18324841676456208	0.32045667405254846	0.35726168857966106	0.33764850999558577	0.308031593529086	0.25	0.1111111111111111	0.5238095238095238	0.6744523947580044	0	0.5
ea9d34413f1b	0.06763153833293722	0.052289288211202906	0.16084879876695327	0.15303776336186264	0.069074182512796	0.08333333333333333	0.025	0.09523809523809525	1.0	0	1.0
d0bc44447e65	0.5806704888778166	0.6874022177069344	0.6181220070797211	0.5580739452023848	0.6837899868533016	0.22916666666666669	0.022727272727272728	0.8571428571428571	0.6239426073894736	0	0.3333333333333333
afa073274618	0.7840396415996993	0.8441891019595081	0.8869796960717886	0.8733079103306942	0.8586774927871119	0.04	0.019230769230769232	0.04761904761904762	0.5833054849228712	0	1.0
512c70ac8e6f	0.06763153833293722	0.3356461218611724	0.2619324331157728	0.2067064771543332	0.2880341606142974	0.0392156862745098	0.03125	0.14285714285714285	1.0	0	1.0
0d2b887e7ad1	0.0	0.052289288211202906	0.1921167866513249	0.18667454976445727	0.069074182512796	0.03225806451612903	0.07142857142857142	0.09523809523809525	1.0	1	0.058823529411764705
0da6f771bfa5	0.0	0.11816600049205804	0.223073608110253	0.22307375358152826	0.0	0.2	0.023255813953488372	0.5238095238095238	0.8353423914104244	0	0.2
313ca82fe335	0.0	0.0	0.0	0.0	0.0	0.0	0.0	0.0	0.0	0	0.0
e40326dfa9b6	0.650848639992007	0.6978926532612499	0.7844671428377498	0.7844676544062703	0.0	0.023809523809523808	0.03571428571428571	0.04761904761904762	0.8353423914104244	0	1.0
13374d0158f9	0.06763153833293722	0.2413899532786789	0.3845436648851043	0.3832970694666971	0.10947998905075071	0.02127659574468085	0.02	0.04761904761904762	1.0	0	1.0
f1d579860625	0.15283719984194166	0.3653747416205808	0.382032412356413	0.37334909952891454	0.2629899287771991	0.07407407407407407	0.027777777777777776	0.14285714285714285	0.8353423914104244	0	1.0
b59ed1dad51e	0.0	0.2310675454387666	0.37193510363131554	0.3712200317770567	0.069074182512796	0.03773584905660377	0.03225806451612903	0.14285714285714285	0.8353423914104244	0	1.0
f7e9a6739560	0.23123375686324976	0.32045667405254846	0.40445167108458346	0.36528256366046225	0.4159901334763155	0.05555555555555555	0.047619047619047616	0.6666666666666666	0.7406022510826102	0	1.0
2c9472137fd4	0.15283719984194166	0.3956599494367154	0.46617913054712384	0.4251755556614198	0.48733786662913303	0.15254237288135594	0.09090909090909091	0.6666666666666666	0.8353423914104244	0	1.0
30b89717bac5	0.0	0.0	0.03639918008035379	0.0	0.069074182512796	0.03571428571428571	0.16666666666666666	0.09523809523809525	1.0	1	1.0
5022e6103bb8	0.06763153833293722	0.16155788157855885	0.26665833602805705	0.23025930610483455	0.2629899287771991	1.0	0.5	0.14285714285714285	1.0	1	1.0
0fcbe9b75b36	0.1156168784316249	0.3092355778889529	0.3899495976898972	0.3668041506363452	0.3571083431270934	0.5	0.06666666666666667	0.5238095238095238	1.0	1	1.0
8559551465d2	1.0	0.9192997660272638	0.9469898526770555	0.9469904702302598	0.0	1.0	0.058823529411764705	0.8571428571428571	0.3372261973790022	1	1.0
d5dc607f61dc	0.4144821736278119	0.47732453868615715	0.5814470313174377	0.5622745469056304	0.5506278543542981	0.03508771929824561	0.024390243902439025	0.14285714285714285	0.8353423914104244	0	1.0
8027842efbc0	0.06763153833293722	0.08938912861378186	0.2192529709249519	0.21108644251844974	0.10947998905075071	0.043478260869565216	0.05263157894736842	0.3333333333333333	0.6239426073894736	0	1.0
7012373d248c	0.15283719984194166	0.38951777658204884	0.4696040689005133	0.4676632944921593	0.21895997810150142	0.1	0.03333333333333333	0.2857142857142857	0.3566971688362189	0	1.0
456e9caacb50	0.18324841676456208	0.33077908189246075	0.48337378855285384	0.4765310601812294	0.34843740006704066	0.125	0.041666666666666664	0.09523809523809525	1.0	0	1.0
c69dce88c617	0.1156168784316249	0.19396770503618765	0.29248396529100307	0.25166181710041935	0.29853365003343035	0.2	0.02127659574468085	0.5238095238095238	0.8353423914104244	0	0.14285714285714285
ecd08bf6c822	0.1156168784316249	0.3149681328686091	0.37264476285153675	0.3719353461784922	0.069074182512796	0.03389830508474576	0.02857142857142857	0.14285714285714285	0.6744523947580044	0	0.14285714285714285
dabaacb8e0c2	0.1156168784316249	0.19396770503618765	0.4064139661289901	0.4059276636691618	0.069074182512796	0.09090909090909091	0.08333333333333333	0.2857142857142857	0.5494652828006168	0	1.0
