revisions	files	functions	lines	addLines	deleteLines	pos	time	rf	ibf	isComponent	distance
68aa1ab9bed8	0.1156168784316249	0.38951777658204884	0.4586396186176395	0.44645867379141857	0.37481480202904494	0.13333333333333333	0.047619047619047616	0.18181818181818182	0.7406022510826102	0	0.015384615384615385
26b49ec57d25	0.0	0.052289288211202906	0.3511878753697344	0.30681439083211687	0.36760783254622637	0.125	0.02040816326530612	0.09090909090909091	1.0	0	0.009174311926605505
82ac8e19a14c	0.06763153833293722	0.21984644927517105	0.35641875821878183	0.3097104962570064	0.37710577604188195	0.125	0.02127659574468085	0.09090909090909091	1.0	0	0.022222222222222223
86a6647f8e7e	0.32457761273795777	0.41250489177089955	0.5077464381968917	0.47872607130330364	0.5051314119480266	0.25	0.034482758620689655	1.0	1.0	1	0.02631578947368421
3bd528b8e6da	0.15283719984194166	0.2903294102274493	0.39882312900784195	0.3697720732509864	0.38577671910193473	0.03571428571428571	0.022222222222222223	0.6363636363636362	1.0	0	0.5
ac8b09b99c40	0.0	0.11816600049205804	0.1808807130935711	0.16803445618334878	0.10947998905075071	1.0	0.017543859649122806	0.09090909090909091	0.6744523947580044	0	1.0
6a59b3dc1388	0.06763153833293722	0.21984644927517105	0.362950469051838	0.33227136503274113	0.3514123368235937	0.1	0.07692307692307693	0.09090909090909091	0.8353423914104244	0	1.0
8da828b2d656	0.0	0.19396770503618765	0.25434159599462464	0.1921169119349664	0.2880341606142974	0.16666666666666666	0.02631578947368421	0.18181818181818182	0.8353423914104244	0	0.1
672e33693439	0.15283719984194166	0.3403361388061225	0.4476923735378234	0.43592393617986547	0.35983873256935345	0.125	0.05263157894736842	0.09090909090909091	0.8353423914104244	0	0.04
4f26ae04f798	0.06763153833293722	0.052289288211202906	0.23364715892766083	0.1972481074771134	0.2294594675206344	0.125	0.009615384615384616	0.7272727272727273	0.7406022510826102	0	0.25
0b1b85bcd3e3	0.0	0.052289288211202906	0.23364715892766083	0.21526261328334842	0.1785541715635467	0.125	0.014705882352941176	0.09090909090909091	1.0	0	0.03225806451612903
9c2e192820ff	0.0	0.0	0.12444961868659946	0.06222484992148576	0.16038528500783836	0.3333333333333333	0.011111111111111112	1.0	1.0	1	0.125
52cb3b8b05b0	0.1156168784316249	0.16155788157855885	0.223073608110253	0.21925311390470442	0.069074182512796	0.14285714285714285	0.0136986301369863	0.7272727272727273	1.0	0	0.05
7ba93c424e52	0.0	0.14167841682498472	0.2975191965758062	0.2711480195124297	0.26986527405858907	0.027777777777777776	0.024390243902439025	0.09090909090909091	0.8353423914104244	0	1.0
55d9dfb8117d	0.06763153833293722	0.16155788157855885	0.3613615528139077	0.3082741218954018	0.39181814336154835	0.14285714285714285	0.011627906976744186	0.7272727272727273	1.0	0	0.023255813953488372
0a960f862bbe	0.32457761273795777	0.3863333863334036	0.3950483989694681	0.36830037664521104	0.37481480202904494	0.14285714285714285	0.3333333333333333	0.09090909090909091	1.0	0	0.14285714285714285
5f00a2ca511c	0.15283719984194166	0.21984644927517105	0.35892416986625436	0.2795048847884751	0.4159901334763155	0.125	0.013513513513513514	0.09090909090909091	1.0	0	0.043478260869565216
654a2b2bc59b	0.5700764593352821	0.6642016787994338	0.7323244856143979	0.7259704611582218	0.6148200984165502	0.13333333333333333	0.03571428571428571	0.18181818181818182	0.7406022510826102	0	1.0
b91bb5a5841c	0.298865295196187	0.38951777658204884	0.4698437791200057	0.3851609042166359	0.5419208116812569	0.3333333333333333	0.016129032258064516	1.0	1.0	1	0.043478260869565216
af5d23c92a0c	0.0	0.0	0.2689311516998168	0.22307375358152826	0.2823381543107977	0.125	0.009708737864077669	0.7272727272727273	0.7406022510826102	0	0.5
81b36e9b2544	0.2684540782735666	0.37274596226375134	0.4550427476424354	0.449512420009539	0.29853365003343035	0.15384615384615385	0.038461538461538464	0.9090909090909091	0.8353423914104244	0	0.16666666666666666
fe24cebec2fe	0.1156168784316249	0.25094701019234067	0.425959313281469	0.3417297347099609	0.4931586731750738	0.11764705882352941	0.09090909090909091	0.18181818181818182	0.7406022510826102	0	1.0
7fb41f2fe832	0.0	0.052289288211202906	0.20670634235651703	0.18667454976445727	0.16038528500783836	0.13333333333333333	1.0	0.18181818181818182	0.8353423914104244	0	0.058823529411764705
4880186dc908	0.32457761273795777	0.3492335459308247	0.48192080893394573	0.4646706346267686	0.4315704853903219	0.125	0.013333333333333334	0.09090909090909091	1.0	0	0.16666666666666666
3d3a2c23e751	0.06763153833293722	0.11816600049205804	0.2569438484539261	0.25166181710041935	0.10947998905075071	0.1111111111111111	0.014492753623188406	0.7272727272727273	1.0	0	0.14285714285714285
a6b6e3cf36a4	0.9011660316653285	1.0	1.0	1.0	0.069074182512796	0.08333333333333333	0.00980392156862745	0.09090909090909091	0.18918229901573577	0	1.0
c240b9fda7ab	0.06763153833293722	0.11816600049205804	0.28147778026825165	0.23691208862286453	0.29342212036472987	0.25	0.011494252873563218	1.0	1.0	1	0.125
bb5436a892c1	0.0	0.0	0.0	0.0	0.0	0.0	0.0	0.0	0.0	0	0.0
aeab4ec26a3c	0.0	0.11816600049205804	0.3675551411234703	0.3668041506363452	0.069074182512796	1.0	0.01639344262295082	0.09090909090909091	0.8353423914104244	0	0.5
9744ec677e72	0.18324841676456208	0.3092355778889529	0.3972247825032021	0.36604658088821196	0.3898447525284727	1.0	0.021739130434782608	0.09090909090909091	0.8353423914104244	0	0.2
7f71a708d272	0.06763153833293722	0.4320078270524341	0.5338462985118493	0.5300106993574599	0.34843740006704066	0.16666666666666666	0.019230769230769232	0.18181818181818182	0.7406022510826102	0	1.0
a34741ab5dfb	0.0	0.11816600049205804	0.32772478834659746	0.2569440160127405	0.37481480202904494	0.030303030303030304	0.012048192771084338	0.09090909090909091	1.0	0	1.0
e92242fbb0cd	0.0	0.3956599494367154	0.5393093632627312	0.4866094622954453	0.5871199061350237	0.125	0.03125	0.09090909090909091	0.8353423914104244	0	0.14285714285714285
26d2a0f4d858	0.15283719984194166	0.40435726148239093	0.48023094399858596	0.46131188525726446	0.43791995620300284	0.16666666666666666	0.16666666666666666	0.18181818181818182	0.8353423914104244	0	0.1111111111111111
423080123a29	0.5558113696012077	0.5995649881164022	0.5600232840896977	0.4850063575092828	0.6342663834715319	0.25	0.013157894736842105	1.0	0.8353423914104244	1	0.058823529411764705
f1885db00353	0.3840709567051914	0.49651985725929115	0.6222919164379487	0.6222923222483868	0.0	0.125	0.012195121951219513	0.09090909090909091	1.0	0	0.5
a4775e530f17	0.0	0.2310675454387666	0.44676847422840404	0.3826670915662682	0.4986581639730348	0.02857142857142857	0.025	0.09090909090909091	0.7406022510826102	0	1.0
3422b797f6f0	0.06763153833293722	0.052289288211202906	0.03639918008035379	0.036399203817070964	0.0	0.1111111111111111	0.029411764705882353	0.09090909090909091	1.0	0	0.5
a42de38c7be3	0.2089607343063329	0.2903294102274493	0.39559746137747337	0.3229360542951501	0.4506097091862146	0.3333333333333333	0.012345679012345678	1.0	0.7406022510826102	1	0.058823529411764705
963c7e594b71	0.15283719984194166	0.11816600049205804	0.24310552243687084	0.23025930610483455	0.16038528500783836	0.125	0.041666666666666664	0.7272727272727273	0.7406022510826102	0	0.5
b9454eb06196	0.06763153833293722	0.19396770503618765	0.2975191965758062	0.23691208862286453	0.33206411128999513	0.3333333333333333	0.010752688172043012	1.0	1.0	1	0.047619047619047616
bea2208fcc5b	0.23123375686324976	0.42016821050624265	0.5986733603144505	0.5693416413307255	0.6065652435625163	0.041666666666666664	0.016666666666666666	0.6363636363636362	1.0	0	1.0
0caec9655529	0.18324841676456208	0.29694425771962174	0.4452071927217556	0.4383363668648766	0.308031593529086	0.25	0.01	1.0	1.0	1	0.0625
2e0dcf5f412d	0.4401944911695827	0.49923493128011215	0.6253075549171714	0.6098595253680459	0.5796924653663378	0.13636363636363638	0.037037037037037035	0.8181818181818181	1.0	0	0.1111111111111111
4d0aa751dd79	0.1156168784316249	0.20755512910583993	0.38877609831478394	0.3138866670219051	0.44504105495188695	0.14285714285714285	0.0125	0.7272727272727273	1.0	0	0.029411764705882353
799eef0aa2b2	0.0	0.08938912861378186	0.3733488560597984	0.3229360542951501	0.4011382938027912	0.14285714285714285	0.012658227848101266	0.7272727272727273	1.0	0	0.5
89f547830056	0.0	0.19396770503618765	0.33971209159248816	0.3053305308928899	0.33556106590113627	0.125	0.010526315789473684	0.7272727272727273	0.7406022510826102	0	0.3333333333333333
926254e8d817	0.31221641060425004	0.3356461218611724	0.3826668420206856	0.3572619215579765	0.3571083431270934	0.14285714285714285	0.08333333333333333	0.7272727272727273	1.0	0	0.0625
4696568536f4	0.06763153833293722	0.28335683364996944	0.3787912146812241	0.36215976245247383	0.3167025365891387	0.125	0.05	0.09090909090909091	0.8353423914104244	0	0.011494252873563218
fec6de3f36e3	0.06763153833293722	0.0	0.23364715892766083	0.23364731129418437	0.0	0.14285714285714285	0.011904761904761904	0.7272727272727273	1.0	0	0.03125
0f355f91abee	0.5369081565471331	0.49651985725929115	0.588675064448563	0.5355898369977246	0.642335191886539	0.0449438202247191	0.027777777777777776	0.9090909090909091	0.5833054849228712	0	1.0
e5cfed4dd402	0.0	0.0	0.1530376635625889	0.15303776336186264	0.0	0.125	0.2	0.09090909090909091	0.7406022510826102	0	0.018867924528301886
cab113b3a58c	0.1156168784316249	0.32572112959789795	0.3851606530447835	0.37542884078350797	0.276296730051184	0.16666666666666666	0.02702702702702703	0.8181818181818181	1.0	0	1.0
52dae4e20ee6	0.0	0.11816600049205804	0.20210167028488468	0.1444816272328475	0.2294594675206344	0.14285714285714285	0.018867924528301886	0.18181818181818182	0.8353423914104244	0	0.16666666666666666
bc2e814493f0	0.15283719984194166	0.29694425771962174	0.40039351465970996	0.38139371585571197	0.3514123368235937	0.04	0.02564102564102564	0.6363636363636362	1.0	0	1.0
f66af0ea18b8	0.32457761273795777	0.4098458026663303	0.5650521393367227	0.5313478754769301	0.580871804344228	1.0	0.0196078431372549	0.09090909090909091	0.8353423914104244	0	0.25
5c42cd158da0	0.18324841676456208	0.3092355778889529	0.49068595337019405	0.49049628073118345	0.069074182512796	0.05	0.01694915254237288	0.6363636363636362	1.0	0	1.0
0360dbda0f15	0.0	0.0	0.09862398942365351	0.0986240537385567	0.0	0.125	0.125	0.09090909090909091	0.8353423914104244	0	0.2
3d3c7e2888d4	0.15283719984194166	0.3032362984035436	0.52976507645893	0.3253624582827659	0.6465170494037666	0.1111111111111111	0.014285714285714285	0.7272727272727273	1.0	0	1.0
1cbaa32947ef	0.06763153833293722	0.08938912861378186	0.1530376635625889	0.11246238877989302	0.16038528500783836	1.0	0.05555555555555555	0.09090909090909091	0.8353423914104244	0	0.047619047619047616
80d99fb0cc60	0.06763153833293722	0.08938912861378186	0.2871494402247173	0.2543417618564522	0.276296730051184	0.14285714285714285	0.011363636363636364	0.7272727272727273	1.0	0	0.05263157894736842
cd25567cede7	0.06763153833293722	0.2903294102274493	0.382032412356413	0.372645005861498	0.26986527405858907	1.0	0.04	0.09090909090909091	0.8353423914104244	0	0.05263157894736842
8eec19b42766	0.49546482736881214	0.5383342109983006	0.6044670752507786	0.5690249867434917	0.6286208113917741	0.25	0.03333333333333333	1.0	0.8353423914104244	1	0.029411764705882353
eba4478fbb2c	0.0	0.11816600049205804	0.1921167866513249	0.15303776336186264	0.19391574626440314	0.029411764705882353	0.013888888888888888	0.09090909090909091	1.0	0	1.0
76d117c2457e	0.2089607343063329	0.3448615593629846	0.5346640009345005	0.5262592559291318	0.42337521378503756	0.16666666666666666	0.018518518518518517	0.18181818181818182	0.7406022510826102	0	1.0
98e95504696d	0.0	0.052289288211202906	0.2754234804643054	0.2569440160127405	0.21895997810150142	0.125	0.015384615384615385	0.09090909090909091	1.0	0	0.07692307692307693
e0c1835422e4	0.39996868489450776	0.4585021392981806	0.6154198089924868	0.5789973544209004	0.6429659090588319	0.07692307692307693	0.01818181818181818	0.18181818181818182	0.7406022510826102	0	0.14285714285714285
e7476997924e	0.0	0.052289288211202906	0.19724797884730702	0.16803445618334878	0.1785541715635467	0.125	0.022727272727272728	0.7272727272727273	0.7406022510826102	0	0.14285714285714285
c8cdc88e7bce	0.23123375686324976	0.3032362984035436	0.4512957237649573	0.4267368381862148	0.4289129150821495	0.125	0.014925373134328358	0.09090909090909091	1.0	0	0.25
9e29145f1f6b	0.46760022322744493	0.3492335459308247	0.4722063213598148	0.470321594526592	0.21895997810150142	1.0	0.010638297872340425	1.0	0.8353423914104244	1	1.0
6c633e5a329c	0.0	0.0	0.1530376635625889	0.1444816272328475	0.069074182512796	0.14285714285714285	0.06666666666666667	0.7272727272727273	1.0	0	0.02127659574468085
45c0cc4df6f1	0.0	0.0	0.03639918008035379	0.0	0.069074182512796	0.125	0.0625	0.09090909090909091	1.0	0	0.043478260869565216
0c4835025c91	0.25087995509749933	0.49651985725929115	0.570752552940703	0.5622745469056304	0.4637810203229922	0.16666666666666666	0.02857142857142857	0.8181818181818181	0.8353423914104244	0	0.06666666666666667
b1a16d1468e8	0.0	0.17877825722756366	0.28147778026825165	0.24604927197391604	0.276296730051184	0.09090909090909091	0.1	0.18181818181818182	0.7406022510826102	0	1.0
870bdb7ff9c8	0.1156168784316249	0.2413899532786789	0.35384141113454926	0.346583429312739	0.21895997810150142	0.09090909090909091	0.009900990099009901	0.09090909090909091	0.247376662786112	0	1.0
219a0ffbcdf1	0.2089607343063329	0.39862470650273474	0.47894233684149795	0.47336498707623875	0.3246790309812732	1.0	0.023809523809523808	0.09090909090909091	0.7406022510826102	0	1.0
7f063225c752	0.0	0.0	0.1746871247840085	0.16084890366004248	0.10947998905075071	0.3333333333333333	0.01098901098901099	1.0	1.0	1	0.2
54f02ea642a2	0.0	0.08938912861378186	0.20210167028488468	0.1444816272328475	0.2294594675206344	0.041666666666666664	0.03225806451612903	0.6363636363636362	1.0	0	0.08333333333333333
75d78a90d621	0.6590670458991247	0.681328570390296	0.7051164009447538	0.6858004205406656	0.6882786997216056	0.1111111111111111	0.011764705882352941	0.7272727272727273	0.6239426073894736	0	1.0
b704a08ef090	0.0	0.052289288211202906	0.06222480934329974	0.036399203817070964	0.069074182512796	0.125	0.020833333333333332	0.09090909090909091	1.0	0	0.02702702702702703
8870deb3cd89	0.7360543015010115	0.7432839736633603	0.733626838882853	0.6902862430604149	0.7878375614353678	0.08333333333333333	0.010309278350515464	0.09090909090909091	0.247376662786112	0	0.25
b2377fdac954	0.0	0.0	0.06222480934329974	0.0	0.10947998905075071	0.14285714285714285	0.1111111111111111	0.7272727272727273	1.0	0	0.020833333333333332
3d22e1cbbcc4	0.06763153833293722	0.25094701019234067	0.41779264722087933	0.386382303770726	0.41287572436590453	0.25	0.01020408163265306	1.0	1.0	1	0.021739130434782608
9cc2d4ea6add	0.0	0.11816600049205804	0.1530376635625889	0.12444969984297151	0.138148365025592	0.25	0.010869565217391304	1.0	1.0	1	0.3333333333333333
7620cf8ef36f	0.3755152404765367	0.43862267454460646	0.4841936246057054	0.4120561806379748	0.5478091983158646	0.125	0.010416666666666666	0.7272727272727273	0.6239426073894736	0	1.0
797aa77c690b	0.06763153833293722	0.14167841682498472	0.21526247290588865	0.2021018020798915	0.138148365025592	0.125	0.02	0.09090909090909091	1.0	0	1.0
8c856433e8d5	0.523000112751367	0.5144243790887361	0.49030556541181364	0.4259595910590377	0.5469890045453759	1.0	0.015625	1.0	0.8353423914104244	1	1.0
e58558ba5304	0.3840709567051914	0.32572112959789795	0.7245086734752929	0.379449131178624	0.8711917578290711	0.13636363636363638	0.058823529411764705	0.8181818181818181	1.0	0	1.0
5f5d57e64cd9	0.15283719984194166	0.14167841682498472	0.3484535089441898	0.3407266909519464	0.21895997810150142	0.125	0.014084507042253521	0.09090909090909091	1.0	0	0.03571428571428571
bc0db962e9cd	0.25087995509749933	0.29694425771962174	0.3774612433356863	0.33764850999558577	0.3878314925288063	0.1111111111111111	0.01282051282051282	0.7272727272727273	1.0	0	0.2
313ca82fe335	0.0	0.0	0.0	0.0	0.0	0.0	0.0	0.0	0.0	0	0.0
c0823af2f4e4	0.06763153833293722	0.08938912861378186	0.240062131871887	0.17468723870137876	0.276296730051184	0.125	0.015151515151515152	0.09090909090909091	1.0	0	0.08333333333333333
7abd17319461	0.0	0.0	0.20210167028488468	0.16084890366004248	0.20722254753838798	0.1	0.017857142857142856	0.09090909090909091	1.0	0	1.0
e4ce9fc7e177	0.0	0.08938912861378186	0.3311559610431165	0.2666585099219055	0.37246991782794986	0.125	0.043478260869565216	0.09090909090909091	1.0	0	0.0070921985815602835
629e33a7d2a1	0.15283719984194166	0.40435726148239093	0.48023094399858596	0.46131188525726446	0.43791995620300284	0.13333333333333333	0.14285714285714285	0.18181818181818182	0.8353423914104244	0	1.0
a440c5cbbd19	0.1156168784316249	0.4469456430689092	0.4954896857526342	0.47290343602146634	0.4702124763155871	0.13333333333333333	0.07142857142857142	0.18181818181818182	0.8353423914104244	0	0.5
4c1b4661175f	0.5155855633261326	0.5132247308791946	0.585034305020416	0.5435159952263107	0.619702036867094	0.16666666666666666	0.030303030303030304	0.18181818181818182	0.8353423914104244	0	0.125
54de91d1363d	0.0	0.19396770503618765	0.38010176969190523	0.34752345342449975	0.37481480202904494	0.125	0.5	0.09090909090909091	0.7406022510826102	0	1.0
ca9f6a9aad09	0.36649683352912416	0.3797185388412312	0.5146902099015025	0.47518782092005174	0.5379430027792748	1.0	0.017241379310344827	0.09090909090909091	0.8353423914104244	0	1.0
642134f81cba	0.0	0.0	0.1921167866513249	0.16084890366004248	0.1785541715635467	0.14285714285714285	0.25	0.09090909090909091	1.0	0	1.0
91b96a163785	0.0	0.052289288211202906	0.43199664145782707	0.374740933337682	0.4745648265699786	0.125	0.012987012987012988	0.09090909090909091	1.0	0	0.125
bc56127911fa	0.0	0.29694425771962174	0.382032412356413	0.3344610219376306	0.40633875964925065	0.125	0.045454545454545456	0.09090909090909091	1.0	0	0.125
63746fdf09ab	0.298865295196187	0.2759856130067989	0.5182502094353023	0.3774614894865819	0.6212776108821827	1.0	0.023255813953488372	0.09090909090909091	0.8353423914104244	0	0.03333333333333333
27696fc6d315	0.15283719984194166	0.2903294102274493	0.43236082623258804	0.3712200317770567	0.47954851403953624	0.25	0.010101010101010102	1.0	1.0	1	0.3333333333333333
