revisions	files	functions	lines	addLines	deleteLines	pos	time	rf	ibf	isComponent	distance
996f7c69eeec	0.06620180705356699	0.11816600049205804	0.27748728224918834	0.2754236600741	0.07230285101148776	0.09905660377358491	0.04	1.0	0.8218234495051137	1	0.09090909090909091
39b1be32af9a	0.24557635077307707	0.2903294102274493	0.382032412356413	0.3484537361784948	0.3970766362009022	0.10416666666666667	0.058823529411764705	0.6022727272727272	0.7199963091043476	0	0.2
2151e90ff0bd	0.0	0.0	0.03639918008035379	0.0	0.07230285101148776	0.08571428571428572	0.021739130434782608	0.06818181818181818	0.8218234495051137	0	0.16666666666666666
bf6e5ac3b136	0.06620180705356699	0.2413899532786789	0.37812869194087817	0.36903924075360267	0.27528261567738554	0.2	0.07692307692307693	1.0	0.8218234495051137	1	0.027777777777777776
19edf36a6609	0.0	0.0	0.2460491115198026	0.15303776336186264	0.3175770722143346	0.09905660377358491	0.08333333333333333	1.0	0.8218234495051137	1	0.02631578947368421
acb14eef2d73	0.11317273666594312	0.32045667405254846	0.3893647654986319	0.3407266909519464	0.4354343627217757	0.07782101167315175	0.038461538461538464	0.9886363636363636	0.6493531214089197	0	0.5
0e36336f74a9	0.17937454371951006	0.052289288211202906	0.3845436648851043	0.38454391565460494	0.0	0.14285714285714285	0.03333333333333333	1.0	0.8218234495051137	0	1.0
171cfde69ddb	0.2783406069239331	0.17877825722756366	0.2958719682709606	0.29248415602632033	0.11459730754843683	0.09905660377358491	0.09090909090909091	1.0	0.8218234495051137	1	0.017857142857142856
9b7bf1bee925	0.20454330265592138	0.3797185388412312	0.5444589568985359	0.5444593119523652	0.0	0.06060606060606061	0.029411764705882353	0.07954545454545453	1.0	0	1.0
039dbab0105c	0.1496062201739993	0.25094701019234067	0.42940512143010756	0.4223762180398009	0.3071372701121112	0.10416666666666667	0.015151515151515152	0.6022727272727272	0.8218234495051137	0	0.125
5f26d9639e6f	0.0	0.0	0.1808807130935711	0.1350232575556277	0.2029797646658978	0.10416666666666667	0.041666666666666664	0.6022727272727272	0.8218234495051137	0	1.0
34e71894ee10	0.06620180705356699	0.052289288211202906	0.08225672366991757	0.036399203817070964	0.11459730754843683	0.07092198581560284	0.023255813953488372	0.38636363636363635	0.8218234495051137	0	0.09090909090909091
816c5dc4678b	0.49709058304137455	0.3575565144551274	0.5926018269847504	0.5336116426300898	0.6848291218553895	0.09905660377358491	0.05	1.0	0.8218234495051137	1	0.009900990099009901
3dd7d23918f9	0.0	0.19396770503618765	0.32415724245907257	0.32415745384924033	0.0	0.08695652173913043	0.03571428571428571	0.11363636363636362	1.0	0	1.0
023fd982bef6	0.06620180705356699	0.08938912861378186	0.1866744280298992	0.1350232575556277	0.21690855303446327	0.09905660377358491	0.034482758620689655	1.0	0.8218234495051137	1	0.5
5ee1dff77954	0.47192182410496325	0.522523261974449	0.6176618757604145	0.6102110784756793	0.5267553511891595	0.2	0.022727272727272728	1.0	0.7199963091043476	1	1.0
b6a7e9013f33	0.0	0.08938912861378186	0.20210167028488468	0.1972481074771134	0.07230285101148776	0.25	0.125	1.0	0.8218234495051137	1	0.5
4f5bd7469d77	0.20454330265592138	0.29694425771962174	0.4512957237649573	0.4507054140768145	0.11459730754843683	0.07782101167315175	0.022222222222222223	0.9886363636363636	0.7199963091043476	0	0.3333333333333333
f2df61d7f8f5	0.22634547333188618	0.33077908189246075	0.4965626637515171	0.45447666091475725	0.5473221422276275	0.3333333333333333	0.024390243902439025	1.0	0.8218234495051137	1	1.0
7e803ef7c42f	0.11317273666594312	0.14167841682498472	0.39449595769461404	0.28896325446569493	0.4931183833911885	0.10416666666666667	0.030303030303030304	0.6022727272727272	0.8218234495051137	0	0.25
f64ab851da28	0.45771515064344315	0.4865399761879694	0.6278553215660712	0.6278145419776997	0.07230285101148776	0.3333333333333333	0.020833333333333332	0.011363636363636362	0.8218234495051137	0	1.0
870bdb7ff9c8	0.11317273666594312	0.2413899532786789	0.35384141113454926	0.346583429312739	0.22919461509687367	0.25	0.019230769230769232	0.011363636363636362	0.26895695005899506	0	1.0
69c1e6b8dc29	0.11317273666594312	0.11816600049205804	0.23364715892766083	0.21925311390470442	0.16788202110402858	0.5	0.16666666666666666	1.0	0.8218234495051137	1	1.0
5799d0bb1b3a	0.0	0.11816600049205804	0.2958719682709606	0.2941941407259178	0.07230285101148776	0.25	0.016666666666666666	1.0	0.8218234495051137	1	0.08333333333333333
c69f4c950bc2	0.46732225949586376	0.4449147152285283	0.5365055306137236	0.5353593580973068	0.2501267689067625	0.09905660377358491	0.017857142857142856	1.0	0.8218234495051137	1	0.00847457627118644
fac0b2f49667	0.06620180705356699	0.052289288211202906	0.2460491115198026	0.22307375358152826	0.21690855303446327	0.25	0.02631578947368421	1.0	0.8218234495051137	1	1.0
3addaaf0a2e6	0.0	0.32045667405254846	0.41779264722087933	0.3555680697512972	0.486447830243424	0.09905660377358491	0.037037037037037035	1.0	0.8218234495051137	1	1.0
737052fdf35b	0.31771603932186443	0.2413899532786789	0.42712267414803223	0.42398651202132265	0.22919461509687367	0.07386363636363637	0.05555555555555555	0.47727272727272724	0.8218234495051137	0	0.5
d0eae7cc5be5	0.06620180705356699	0.14167841682498472	0.30382153283792823	0.24889939968594305	0.3475854666888733	0.2	0.0196078431372549	0.17045454545454544	1.0	1	1.0
a6b6e3cf36a4	0.8821153743072894	1.0	1.0	1.0	0.07230285101148776	0.07228915662650602	0.01694915254237288	0.10227272727272727	0.19792631395530566	0	1.0
4a6f9a7c6453	0.11317273666594312	0.052289288211202906	0.31787696034860546	0.2666585099219055	0.35820251771156464	0.09905660377358491	0.07142857142857142	1.0	0.8218234495051137	1	0.017543859649122806
9e47a7e58e16	1.0	0.9371841773881086	0.9848773102164967	0.9848779524769572	0.0	0.08333333333333333	0.02857142857142857	0.011363636363636362	0.8218234495051137	0	1.0
a9e8ba8ee474	0.0	0.0	0.08225672366991757	0.036399203817070964	0.11459730754843683	0.25	0.043478260869565216	1.0	0.8218234495051137	1	0.25
dfd114b082c8	0.0	0.14167841682498472	0.1808807130935711	0.17468723870137876	0.07230285101148776	0.07782101167315175	0.01818181818181818	0.9886363636363636	0.6493531214089197	0	0.034482758620689655
e1b77448a09d	0.0	0.0	0.21526247290588865	0.1921169119349664	0.1869001585599246	0.09905660377358491	0.05263157894736842	1.0	0.8218234495051137	1	0.02040816326530612
e7fadc2d4141	0.20454330265592138	0.3032362984035436	0.4693637168858254	0.46839612698954314	0.16788202110402858	0.08235294117647059	0.047619047619047616	0.5227272727272727	0.8218234495051137	0	1.0
701541b07be5	0.0	0.052289288211202906	0.2110863048643623	0.1921169119349664	0.16788202110402858	0.09905660377358491	0.0625	1.0	0.8218234495051137	1	0.015151515151515152
8870deb3cd89	0.7204941074833855	0.7432839736633603	0.733626838882853	0.6902862430604149	0.8246626996296749	0.2	0.02040816326530612	0.011363636363636362	0.26210166016146186	0	0.25
b551a5573b3c	0.0	0.14167841682498472	0.2689311516998168	0.24889939968594305	0.22919461509687367	0.1	0.2	0.011363636363636362	0.8218234495051137	0	1.0
3b2a90971455	0.0	0.2759856130067989	0.223073608110253	0.2067064771543332	0.16788202110402858	0.08571428571428572	0.02564102564102564	0.06818181818181818	0.8218234495051137	0	0.02857142857142857
17b41e676e3e	0.06620180705356699	0.11816600049205804	0.30681419075174	0.27748746320483414	0.30149746610836137	0.16666666666666666	0.017241379310344827	1.0	0.8218234495051137	1	1.0
8a70bdf3ddf1	0.30561615310343543	0.3032362984035436	0.3520811307382998	0.3253624582827659	0.34379192264531044	0.09905660377358491	1.0	1.0	0.8218234495051137	1	0.009345794392523364
fc92d609f635	0.06620180705356699	0.08938912861378186	0.1808807130935711	0.16803445618334878	0.11459730754843683	0.09905660377358491	0.018867924528301886	1.0	0.8218234495051137	1	0.1
909dd0f4dd6e	0.26277895683994246	0.35346216255331403	0.4448916513639854	0.4034544636588299	0.486447830243424	0.2	0.02	1.0	0.8218234495051137	1	0.01282051282051282
6bb813672b4a	0.0	0.14167841682498472	0.1866744280298992	0.16803445618334878	0.1446057020229755	0.09905660377358491	0.25	1.0	0.8218234495051137	1	0.009433962264150943
63a888e9010e	0.06620180705356699	0.16155788157855885	0.2302591559477033	0.21526261328334842	0.16788202110402858	0.25	0.015625	1.0	0.8218234495051137	1	0.125
afa073274618	0.7674650370957617	0.8441891019595081	0.8869796960717886	0.8733079103306942	0.8988138341905558	0.05555555555555555	0.014492753623188406	0.022727272727272724	0.46118286771036304	0	1.0
bfa82473ab54	0.06620180705356699	0.2413899532786789	0.38818354551084056	0.38075018992863535	0.26755234161774716	0.2	0.023809523809523808	1.0	0.8218234495051137	1	0.05555555555555555
9cd2476c33e0	0.1496062201739993	0.17877825722756366	0.2834084229327595	0.25947295739859916	0.25920300957141235	0.10416666666666667	0.015384615384615385	0.6022727272727272	0.7199963091043476	1	0.1111111111111111
0e5dc4730276	0.17937454371951006	0.11816600049205804	0.24310552243687084	0.24006228842175747	0.07230285101148776	0.08571428571428572	0.02127659574468085	0.06818181818181818	0.8218234495051137	0	0.3333333333333333
bbac3d3dec30	0.1496062201739993	0.3492335459308247	0.43731011071919407	0.422781507587797	0.3847905741384919	0.2	0.017543859649122806	0.011363636363636362	0.26895695005899506	0	0.1111111111111111
313ca82fe335	0.0	0.0	0.0	0.0	0.0	0.0	0.0	0.0	0.0	0	0.0
0932ea92468f	0.06620180705356699	0.08938912861378186	0.2754234804643054	0.2711480195124297	0.11459730754843683	0.09905660377358491	0.14285714285714285	1.0	0.8218234495051137	1	0.009708737864077669
ce0fb999ecba	0.1496062201739993	0.26816738584134553	0.49936277921615213	0.49549000887250955	0.32706642615002435	0.2	0.01639344262295082	1.0	0.8218234495051137	1	0.012987012987012988
3ca62d75a91b	0.3494166190987092	0.4071307286455093	0.5712954487352659	0.5381986675784985	0.6136950333748493	0.09905660377358491	0.3333333333333333	1.0	0.8218234495051137	1	0.023809523809523808
6acb9b814ba8	0.0	0.0	0.0	0.0	0.0	0.09905660377358491	0.5	1.0	0.8218234495051137	1	0.010416666666666666
79a900d67b0b	0.20454330265592138	0.14167841682498472	0.2689311516998168	0.23691208862286453	0.26755234161774716	0.10416666666666667	0.06666666666666667	0.6022727272727272	0.8218234495051137	0	0.09090909090909091
7ac2745d4c90	0.06620180705356699	0.3149681328686091	0.40785804161935896	0.40737952521831483	0.07230285101148776	0.08571428571428572	0.027777777777777776	0.06818181818181818	0.8218234495051137	0	0.05
d9667515fb73	0.0	0.08938912861378186	0.240062131871887	0.1350232575556277	0.3175770722143346	0.2	0.015873015873015872	1.0	0.8218234495051137	1	0.02702702702702703
ea461be64d35	0.06620180705356699	0.052289288211202906	0.1530376635625889	0.12444969984297151	0.1446057020229755	0.09905660377358491	0.1111111111111111	1.0	0.8218234495051137	1	0.012345679012345678
58459ad57487	0.0	0.0	0.03639918008035379	0.0	0.07230285101148776	0.09905660377358491	0.1	1.0	0.8218234495051137	1	0.017241379310344827
47a21a8cd2f0	0.5188927537173394	0.5432012509670123	0.6498746358236858	0.6458552611693253	0.5019635919246357	0.09905660377358491	0.018518518518518517	1.0	0.7199963091043476	1	0.008333333333333333
8c31110375c5	0.9152803024284247	0.829080634531919	0.8781007659745617	0.8689093554294399	0.8496398822714858	0.2	0.014705882352941176	1.0	0.4383331316800649	1	0.05
51c538382270	0.1496062201739993	0.25094701019234067	0.42712267414803223	0.42712295268425454	0.0	1.0	0.025	1.0	0.6493531214089197	0	1.0
cf1719d51c5c	0.31771603932186443	0.2903294102274493	0.4039543212038241	0.38577368121982847	0.3678380678374035	0.08571428571428572	0.03225806451612903	0.0909090909090909	1.0	0	1.0
f2258c95c059	0.0	0.0	0.03639918008035379	0.0	0.07230285101148776	0.2	0.02702702702702703	0.011363636363636362	0.26895695005899506	0	0.047619047619047616
ecd08bf6c822	0.11317273666594312	0.3149681328686091	0.37264476285153675	0.3719353461784922	0.07230285101148776	0.08571428571428572	0.03125	0.06818181818181818	0.8218234495051137	0	0.14285714285714285
fde96ee95d30	0.0	0.0	0.03639918008035379	0.0	0.07230285101148776	0.2	0.016129032258064516	1.0	0.8218234495051137	1	0.058823529411764705
5bafad827a5e	0.3675768451890223	0.43645520751459366	0.5194980176560676	0.5061634569731308	0.47053210628364495	0.08438818565400844	0.014925373134328358	0.9886363636363636	0.6493531214089197	0	1.0
