revisions	files	functions	lines	addLines	deleteLines	pos	time	rf	ibf	isComponent	distance
71e238053ce2	0.2925472803854532	0.38951777658204884	0.5472308505693255	0.5216747413853139	0.5630875584436629	0.14285714285714285	0.09090909090909091	0.22222222222222218	1.0	0	0.5
122bb32e53b3	0.11317273666594312	0.2413899532786789	0.33553592355096173	0.3053305308928899	0.33576404220805717	0.125	1.0	0.22222222222222218	1.0	0	1.0
d097bbf224ec	0.31771603932186443	0.42262468958867977	0.448606861145672	0.43522259290637055	0.3898799232258224	1.0	0.045454545454545456	1.0	0.6493531214089197	0	0.3333333333333333
3ae59f888cd5	0.0	0.08938912861378186	0.29248396529100307	0.2431056809714042	0.32706642615002435	0.07894736842105264	0.011363636363636364	0.3333333333333333	0.7199963091043476	0	1.0
90c646f8e3cf	0.24557635077307707	0.28335683364996944	0.4686387754722898	0.43052522656669684	0.5069317196565498	0.1111111111111111	0.011764705882352941	0.22222222222222218	1.0	0	0.3333333333333333
a5e00ad463a1	0.11317273666594312	0.17877825722756366	0.2889630660264346	0.15303776336186264	0.3847905741384919	0.125	0.014492753623188406	0.11111111111111109	1.0	0	0.015625
7f80bf59b43d	0.5255579136798848	0.5469668105298339	0.6151830074205709	0.5963643891016023	0.6136950333748493	0.03571428571428571	0.125	0.22222222222222218	1.0	0	0.25
0807cec73920	0.0	0.0	0.09862398942365351	0.06222484992148576	0.11459730754843683	0.010309278350515464	0.024390243902439025	0.11111111111111109	1.0	0	0.009523809523809525
ba9fd7dd4576	0.7409299626885854	0.747270728626659	0.7823707068483857	0.7575343746537336	0.833292624249227	0.04	0.041666666666666664	0.22222222222222218	0.7199963091043476	0	1.0
ca389cecc6e1	0.4366182672237859	0.5925924115389224	0.6627317424485197	0.6547355376217033	0.5858908111148197	1.0	0.03571428571428571	1.0	0.7199963091043476	0	0.5
8475b20f280d	0.3915133435898762	0.5845297079920807	0.6530403878304294	0.6528539843173897	0.2029797646658978	0.5	0.0125	1.0	0.5957432788344933	0	0.5
14575032251f	0.0	0.3032362984035436	0.342721471388412	0.285298603503014	0.39473247092973796	0.1	0.3333333333333333	0.22222222222222218	1.0	0	1.0
e3eb664cacf7	0.06620180705356699	0.16155788157855885	0.1530376635625889	0.1444816272328475	0.07230285101148776	0.125	0.07692307692307693	0.11111111111111109	1.0	0	0.017543859649122806
730087737c66	0.20454330265592138	0.14167841682498472	0.2907407760749784	0.2754236600741	0.22919461509687367	0.03571428571428571	0.1111111111111111	0.22222222222222218	1.0	0	0.05
c22944c3f643	0.17937454371951006	0.25094701019234067	0.2619324331157728	0.18667454976445727	0.32242961991825025	0.056603773584905655	0.01098901098901099	0.3333333333333333	0.8218234495051137	0	1.0
0d16742315f5	0.1496062201739993	0.32572112959789795	0.42114897920955413	0.41948677147946223	0.16788202110402858	0.022988505747126436	0.011494252873563218	0.22222222222222218	0.8218234495051137	0	1.0
54cf45b1ab41	0.1496062201739993	0.11816600049205804	0.14448153301321734	0.11246238877989302	0.1446057020229755	0.013888888888888888	0.05263157894736842	0.22222222222222218	1.0	0	0.5
32c29f21acfb	0.0	0.0	0.06222480934329974	0.036399203817070964	0.07230285101148776	0.1	0.010752688172043012	0.3333333333333333	0.8218234495051137	0	1.0
aadcaecee172	0.24557635077307707	0.2759856130067989	0.455605579729716	0.4504086485754743	0.3071372701121112	0.14285714285714285	0.08333333333333333	0.22222222222222218	1.0	0	1.0
525251d47bfd	0.20454330265592138	0.4923369634710196	0.5567195371404215	0.5274012407164037	0.5862694357214366	0.4375	0.05555555555555555	1.0	0.5957432788344933	0	1.0
cdba21b47239	0.1496062201739993	0.20755512910583993	0.32655128897148417	0.3265515019228631	0.0	0.07692307692307693	0.034482758620689655	0.22222222222222218	1.0	0	1.0
9fc842dd39c5	0.06620180705356699	0.16155788157855885	0.2754234804643054	0.25166181710041935	0.2501267689067625	0.05555555555555555	0.011904761904761904	0.11111111111111109	1.0	0	0.09090909090909091
906c114f6a37	0.20454330265592138	0.25094701019234067	0.36903900009503976	0.36373474113755194	0.21690855303446327	0.016129032258064516	0.023809523809523808	0.3333333333333333	0.8218234495051137	0	1.0
ba8f3a1ebb7e	0.0	0.08938912861378186	0.2733111142076621	0.2666585099219055	0.1446057020229755	0.125	0.01639344262295082	0.11111111111111109	1.0	0	1.0
a64d6af939f4	0.4931560855267949	0.5533030235904713	0.6654543805813686	0.6249684011265729	0.7399198787969863	0.125	0.021739130434782608	0.11111111111111109	1.0	0	0.16666666666666666
2eb069f02a76	0.6601241255744755	0.7347043119739393	0.7990883507537467	0.799088871857083	0.0	0.125	0.013333333333333334	0.11111111111111109	1.0	0	0.016129032258064516
e88ab0dea2d0	0.0	0.14167841682498472	0.25434159599462464	0.22673840454420918	0.24018487211551637	1.0	0.017241379310344827	1.0	0.7199963091043476	0	1.0
870bdb7ff9c8	0.11317273666594312	0.2413899532786789	0.35384141113454926	0.346583429312739	0.22919461509687367	0.035211267605633804	0.014705882352941176	0.6666666666666666	0.26895695005899506	0	1.0
ef5e3a014786	0.2783406069239331	0.3492335459308247	0.36830013646847753	0.3300269610717857	0.392334412108113	0.125	0.014925373134328358	0.11111111111111109	1.0	0	1.0
ed6ebb1f0b3b	0.06620180705356699	0.25094701019234067	0.43833608101614163	0.4211492538501967	0.4016126101729191	0.016129032258064516	0.012195121951219513	0.3333333333333333	0.8218234495051137	0	1.0
e4265464f96c	0.0	0.14167841682498472	0.223073608110253	0.21526261328334842	0.11459730754843683	0.029702970297029705	0.012987012987012988	0.3333333333333333	0.8218234495051137	0	1.0
d0fe1cca56aa	0.0	0.052289288211202906	0.08225672366991757	0.036399203817070964	0.11459730754843683	0.022988505747126436	0.011627906976744186	0.22222222222222218	0.8218234495051137	0	0.25
e220064bd3b2	0.06620180705356699	0.2310675454387666	0.38010176969190523	0.37879146169942374	0.11459730754843683	0.1	0.02040816326530612	0.3333333333333333	0.8218234495051137	0	0.5
493703d05279	0.6803070392171559	0.8309406848429126	0.8581113098000227	0.8580960291375812	0.1869001585599246	0.10344827586206898	0.010638297872340425	0.3333333333333333	0.4180571605836513	0	1.0
4eb8856f1481	0.0	0.08938912861378186	0.2192529709249519	0.17468723870137876	0.24018487211551637	0.017241379310344827	0.03125	0.11111111111111109	1.0	0	0.2
d8a48cf04822	0.1496062201739993	0.25094701019234067	0.342721471388412	0.3038217309667262	0.3647240764551993	0.5	0.016666666666666666	1.0	0.7199963091043476	0	0.5
e0a6f6c8e82e	0.0	0.16155788157855885	0.1808807130935711	0.16803445618334878	0.11459730754843683	0.03061224489795918	0.012048192771084338	0.3333333333333333	0.8218234495051137	0	0.5
236e5c6624cf	0.7782342415724959	0.8686546276085977	0.8761710051890526	0.863981978089718	0.8751259195046055	0.125	0.02631578947368421	0.11111111111111109	1.0	0	1.0
97f63fedad21	0.0	0.0	0.2941939488754821	0.24006228842175747	0.33576404220805717	0.125	0.05	0.11111111111111109	1.0	0	0.2
d5f7f06b6735	0.37595169350588553	0.45476387023436265	0.43833608101614163	0.3832970694666971	0.5011120691175648	0.03571428571428571	0.043478260869565216	0.22222222222222218	1.0	0	1.0
417fbcaf20e4	0.33951820999782933	0.4151102582116798	0.5272747247012909	0.5197733075887534	0.4235487271188356	0.1	0.037037037037037035	0.22222222222222218	0.6493531214089197	0	1.0
6b9074a3f485	0.1496062201739993	0.19396770503618765	0.3712197896963522	0.33764850999558577	0.3847905741384919	0.125	0.029411764705882353	0.11111111111111109	1.0	0	1.0
a6b6e3cf36a4	0.8821153743072894	1.0	1.0	1.0	0.07230285101148776	0.125	0.013157894736842105	1.0	0.19792631395530566	0	1.0
f084174cf4ce	0.558025038272938	0.6119123905882309	0.5998624031791463	0.5319491602593552	0.7033563832778873	0.010309278350515464	0.0196078431372549	0.11111111111111109	0.5957432788344933	0	0.01
59f58654950b	0.0	0.052289288211202906	0.11246231544070878	0.0	0.1869001585599246	0.010309278350515464	0.023255813953488372	0.11111111111111109	1.0	0	0.017543859649122806
ea523606754e	0.22634547333188618	0.32045667405254846	0.37404746988795895	0.36451198826472897	0.27528261567738554	0.06382978723404256	0.010869565217391304	0.3333333333333333	0.7199963091043476	0	0.5
b9af59197137	0.11317273666594312	0.2310675454387666	0.37611127167284186	0.36604658088821196	0.2824793286524654	0.1111111111111111	0.010526315789473684	0.22222222222222218	1.0	0	1.0
98443a04525a	0.3915133435898762	0.5107914275093834	0.6828808555049759	0.6501324690663322	0.7422332352472528	0.013513513513513514	0.012658227848101266	0.22222222222222218	0.7199963091043476	0	0.25
a05271b6a34d	0.11317273666594312	0.2759856130067989	0.39110795471465654	0.3851609042166359	0.2501267689067625	0.016129032258064516	0.01282051282051282	0.3333333333333333	0.8218234495051137	0	0.02702702702702703
cc5dfb6fa208	0.06620180705356699	0.14167841682498472	0.1808807130935711	0.18088083104991842	0.0	0.017241379310344827	0.02702702702702703	0.11111111111111109	1.0	0	0.07142857142857142
10fee345aec6	0.0	0.0	0.16803434660440356	0.16084890366004248	0.07230285101148776	0.125	0.015873015873015872	0.11111111111111109	1.0	0	0.07692307692307693
41a1e87a2557	0.11317273666594312	0.4151102582116798	0.42517527839513775	0.386382303770726	0.45838923019374733	0.05555555555555555	0.2	0.11111111111111109	1.0	0	0.5
abb626060bc2	0.06620180705356699	0.052289288211202906	0.08225672366991757	0.036399203817070964	0.11459730754843683	0.010309278350515464	0.01818181818181818	0.11111111111111109	1.0	0	1.0
e45756bc40c9	0.06620180705356699	0.16155788157855885	0.2711478426908739	0.2643266520013773	0.1446057020229755	0.1	0.5	0.3333333333333333	0.8218234495051137	0	0.25
778b318bf89a	0.06620180705356699	0.11816600049205804	0.23691193412730824	0.22673840454420918	0.1446057020229755	0.06000000000000001	0.011111111111111112	0.3333333333333333	0.7199963091043476	0	1.0
86b665031c6b	0.3494166190987092	0.3653747416205808	0.3621595262801692	0.3022871383432432	0.4198883177003611	0.0136986301369863	0.047619047619047616	0.22222222222222218	1.0	0	0.5
f5c2bf40eed3	0.11317273666594312	0.11816600049205804	0.3520811307382998	0.2941941407259178	0.4059595293317956	0.125	0.014285714285714285	0.11111111111111109	1.0	0	0.1
8870deb3cd89	0.7204941074833855	0.7432839736633603	0.733626838882853	0.6902862430604149	0.8246626996296749	0.056818181818181816	0.018518518518518517	0.6666666666666666	0.26210166016146186	0	0.25
771232b89f38	0.06620180705356699	0.28335683364996944	0.37611127167284186	0.36604658088821196	0.2824793286524654	1.0	0.02127659574468085	0.6666666666666666	0.7199963091043476	0	0.16666666666666666
a6d6eaabd94d	0.11317273666594312	0.3448615593629846	0.33553592355096173	0.3333728694339155	0.11459730754843683	0.1111111111111111	0.02857142857142857	0.22222222222222218	1.0	0	0.2
a99c4ed2fd16	0.1496062201739993	0.2413899532786789	0.4064139661289901	0.3851609042166359	0.3847905741384919	0.016129032258064516	0.02564102564102564	0.3333333333333333	0.8218234495051137	0	0.03571428571428571
516d55e8b29f	0.06620180705356699	0.11816600049205804	0.23691193412730824	0.22673840454420918	0.1446057020229755	0.024096385542168676	0.017857142857142856	0.22222222222222218	0.8218234495051137	0	1.0
84a1d576b4ec	0.11317273666594312	0.3448615593629846	0.458095547716768	0.44200101782755763	0.41800879001079105	0.06000000000000001	0.013513513513513514	0.3333333333333333	0.7199963091043476	0	1.0
6f1cfd99f395	0.20454330265592138	0.26816738584134553	0.36528232545171063	0.3520813603382579	0.29553521682591577	0.1111111111111111	0.1	0.22222222222222218	1.0	0	0.2
5a3bc32fdfdd	0.17937454371951006	0.21984644927517105	0.3022869412151867	0.2431056809714042	0.3512458761073479	0.125	0.015151515151515152	0.11111111111111109	1.0	0	0.038461538461538464
d0bc44447e65	0.5683951099433778	0.6874022177069344	0.6181220070797211	0.5580739452023848	0.7157517287076497	0.07894736842105264	0.02	0.3333333333333333	0.4872331722265683	0	0.3333333333333333
846bc9306e97	0.11317273666594312	0.17877825722756366	0.2110863048643623	0.2021018020798915	0.11459730754843683	0.1111111111111111	0.14285714285714285	0.22222222222222218	1.0	0	0.25
24940e737f2d	0.1496062201739993	0.16155788157855885	0.1808807130935711	0.1444816272328475	0.1869001585599246	0.125	0.022222222222222223	0.11111111111111109	1.0	0	0.017241379310344827
719cc5c7348d	0.0	0.08938912861378186	0.1808807130935711	0.12444969984297151	0.21690855303446327	0.1111111111111111	0.16666666666666666	0.22222222222222218	1.0	0	0.1111111111111111
afa073274618	0.7674650370957617	0.8441891019595081	0.8869796960717886	0.8733079103306942	0.8988138341905558	0.0196078431372549	0.011235955056179775	0.3333333333333333	0.46118286771036304	0	1.0
f15277be8b1c	0.41878888976937856	0.37274596226375134	0.5071164607072851	0.4413457486232843	0.5935668835808267	0.07142857142857142	0.017543859649122806	0.22222222222222218	0.4383331316800649	0	0.0625
eaf43055f658	0.8175600391483544	0.7015815654631168	0.7270539814176639	0.653475242730424	0.8565477037813019	0.05	0.019230769230769232	0.22222222222222218	0.5173641628202729	0	1.0
1f9c52fd12a4	0.1496062201739993	0.25094701019234067	0.34937424956801705	0.3333728694339155	0.29553521682591577	0.1111111111111111	0.25	0.22222222222222218	1.0	0	1.0
317ac07da1e6	0.31771603932186443	0.4909119627558094	0.5192222219741379	0.4533330596863628	0.6077156909396253	0.35	0.058823529411764705	1.0	0.6493531214089197	0	1.0
bbac3d3dec30	0.1496062201739993	0.3492335459308247	0.43731011071919407	0.422781507587797	0.3847905741384919	0.034013605442176874	0.0136986301369863	0.6666666666666666	0.26895695005899506	0	0.1111111111111111
5147c17e9683	0.06620180705356699	0.14167841682498472	0.19724797884730702	0.18088083104991842	0.1446057020229755	0.5	0.014084507042253521	1.0	0.7199963091043476	0	0.125
89adda0492b0	0.0	0.0	0.03639918008035379	0.0	0.07230285101148776	0.010309278350515464	0.03225806451612903	0.11111111111111109	1.0	0	0.013333333333333334
91f5c3fc051a	0.11317273666594312	0.14167841682498472	0.2907407760749784	0.2067064771543332	0.36151425505743884	0.125	0.01694915254237288	0.11111111111111109	1.0	0	0.5
313ca82fe335	0.0	0.0	0.0	0.0	0.0	0.0	0.0	0.0	0.0	0	0.0
980e099fde14	0.11317273666594312	0.19396770503618765	0.16803434660440356	0.16803445618334878	0.0	0.017241379310344827	0.030303030303030304	0.11111111111111109	1.0	0	0.05555555555555555
b0af6b72f007	0.11317273666594312	0.11816600049205804	0.1746871247840085	0.11246238877989302	0.21690855303446327	0.5	0.038461538461538464	0.6666666666666666	0.7199963091043476	0	0.045454545454545456
6c885164fcc8	0.06620180705356699	0.17877825722756366	0.25166165298624243	0.1972481074771134	0.289211404045951	0.125	0.020833333333333332	0.11111111111111109	1.0	0	0.125
21e5630a726a	0.0	0.052289288211202906	0.08225672366991757	0.036399203817070964	0.11459730754843683	1.0	0.04	1.0	0.7199963091043476	0	1.0
ea6076fc3572	0.06620180705356699	0.052289288211202906	0.2110863048643623	0.21108644251844974	0.0	0.016129032258064516	0.012345679012345678	0.3333333333333333	0.8218234495051137	0	0.2
3d0830552ddb	0.0	0.14167841682498472	0.2110863048643623	0.17468723870137876	0.21690855303446327	0.1111111111111111	0.015384615384615385	0.11111111111111109	1.0	0	0.3333333333333333
124b4010279f	0.06620180705356699	0.052289288211202906	0.11246231544070878	0.06222484992148576	0.1446057020229755	1.0	0.018867924528301886	1.0	0.7199963091043476	0	0.16666666666666666
7012373d248c	0.1496062201739993	0.38951777658204884	0.4696040689005133	0.4676632944921593	0.22919461509687367	0.07142857142857142	0.03333333333333333	0.22222222222222218	0.3549401854908129	0	0.14285714285714285
534e4ca3dd5a	0.06620180705356699	0.20755512910583993	0.2302591559477033	0.21526261328334842	0.16788202110402858	0.07692307692307693	0.027777777777777776	0.11111111111111109	1.0	0	0.5
d76a348f57ff	0.0	0.052289288211202906	0.22673825668313485	0.17468723870137876	0.25920300957141235	0.016129032258064516	0.013888888888888888	0.3333333333333333	0.8218234495051137	0	0.03225806451612903
5144fe339ecf	0.0	0.0	0.08225672366991757	0.036399203817070964	0.11459730754843683	0.125	0.022727272727272728	0.11111111111111109	1.0	0	0.01639344262295082
9e7d09fa4278	0.20454330265592138	0.19396770503618765	0.40689791028675587	0.4068981756339586	0.0	0.1111111111111111	0.06666666666666667	0.22222222222222218	1.0	0	0.1
f2258c95c059	0.0	0.0	0.03639918008035379	0.0	0.07230285101148776	0.034013605442176874	0.025	0.6666666666666666	0.26895695005899506	0	0.047619047619047616
f3df78fe02b8	0.24557635077307707	0.3797185388412312	0.44981186479338786	0.4476926654880054	0.21690855303446327	0.125	0.016129032258064516	0.11111111111111109	1.0	0	0.14285714285714285
fb5d0f25a7ca	0.06620180705356699	0.052289288211202906	0.2460491115198026	0.2431056809714042	0.07230285101148776	0.125	0.0625	0.11111111111111109	1.0	0	0.023809523809523808
4a638bfca2d0	0.3839178463754314	0.3797185388412312	0.41948649792296083	0.37334909952891454	0.46584318365578475	0.1111111111111111	0.015625	0.11111111111111109	1.0	0	1.0
