revisions	files	functions	lines	addLines	deleteLines	pos	time	rf	ibf	isComponent	distance
7e22a9fd89f9	0.30561615310343543	0.37627936829392306	0.46492356569060317	0.4572735065108259	0.3547821796639532	1.0	0.1	1.0	0.6493531214089197	1	0.5
a6b6e3cf36a4	0.8821153743072894	1.0	1.0	1.0	0.07230285101148776	0.3333333333333333	0.0625	1.0	0.19792631395530566	0	1.0
0bf225a10fc1	0.06620180705356699	0.08938912861378186	0.2192529709249519	0.21526261328334842	0.07230285101148776	0.14285714285714285	0.5	1.0	0.5957432788344933	0	0.07692307692307693
bbac3d3dec30	0.1496062201739993	0.3492335459308247	0.43731011071919407	0.422781507587797	0.3847905741384919	0.1	0.06666666666666667	1.0	0.26895695005899506	0	0.1111111111111111
8bc8d1cd23df	0.4807495818549654	0.5311961934070335	0.6640621244208003	0.628471309295926	0.7275146227663205	0.14285714285714285	0.125	1.0	0.7199963091043476	1	0.5
457df168bc3b	0.0	0.16155788157855885	0.2689311516998168	0.21108644251844974	0.31248772312700407	1.0	0.2	1.0	1.0	1	1.0
bb5436a892c1	0.0	0.0	0.0	0.0	0.0	0.0	0.0	0.0	0.0	0	0.0
03100a8bb339	0.0	0.0	0.03639918008035379	0.0	0.07230285101148776	0.14285714285714285	0.09090909090909091	1.0	0.8218234495051137	0	0.06666666666666667
8870deb3cd89	0.7204941074833855	0.7432839736633603	0.733626838882853	0.6902862430604149	0.8246626996296749	0.1	0.07692307692307693	1.0	0.26210166016146186	0	0.25
870bdb7ff9c8	0.11317273666594312	0.2413899532786789	0.35384141113454926	0.346583429312739	0.22919461509687367	0.1111111111111111	0.07142857142857142	1.0	0.26895695005899506	0	1.0
2cb65d89407e	0.0	0.16155788157855885	0.20210167028488468	0.1921169119349664	0.11459730754843683	0.5	0.25	1.0	1.0	1	1.0
27e8fab2144e	0.11317273666594312	0.2413899532786789	0.33553592355096173	0.25166181710041935	0.4121580436407227	0.125	0.1111111111111111	1.0	0.8218234495051137	0	0.2
f2258c95c059	0.0	0.0	0.03639918008035379	0.0	0.07230285101148776	0.1	0.16666666666666666	1.0	0.26895695005899506	0	0.047619047619047616
2ddbcd35497d	0.0	0.17877825722756366	0.2619324331157728	0.22307375358152826	0.27528261567738554	0.125	1.0	1.0	0.5957432788344933	0	1.0
071a35429c2c	0.46732225949586376	0.43425068797676647	0.510375591147987	0.4715043716152642	0.5567637456636982	0.14285714285714285	0.14285714285714285	1.0	0.8218234495051137	1	1.0
3e758070129d	0.0	0.052289288211202906	0.0	0.0	0.0	0.125	0.3333333333333333	1.0	0.8218234495051137	0	0.125
