revisions	files	functions	lines	addLines	deleteLines	pos	time	rf	ibf	isComponent	distance
d0eae7cc5be5	0.06608439733031304	0.14167841682498472	0.30382153283792823	0.24889939968594305	0.3037149676410264	0.2	0.037037037037037035	0.22388059701492533	1.0	1	1.0
a6b6e3cf36a4	0.8805509317854763	1.0	1.0	1.0	0.0631771468021822	0.06741573033707865	0.034482758620689655	0.13432835820895522	0.19649904201920165	0	1.0
d437648a85cb	0.0	0.0	0.03639918008035379	0.0	0.0631771468021822	0.10059171597633136	1.0	0.6865671641791045	0.830124569620279	1	0.3333333333333333
9e47a7e58e16	0.9982264876371284	0.9371841773881086	0.9848773102164967	0.9848779524769572	0.0	0.09090909090909091	0.05	0.014925373134328358	1.0	0	1.0
ac8b09b99c40	0.0	0.11816600049205804	0.1808807130935711	0.16803445618334878	0.1001334085840143	0.08695652173913043	0.09090909090909091	0.32835820895522383	0.5714147953641597	0	1.0
0e36336f74a9	0.17905642074863906	0.052289288211202906	0.3845436648851043	0.38454391565460494	0.0	0.14285714285714285	0.0625	0.6865671641791045	0.830124569620279	0	1.0
e7fadc2d4141	0.20418054257991852	0.3032362984035436	0.4693637168858254	0.46839612698954314	0.14669279211481012	0.1111111111111111	0.1	0.029850746268656716	1.0	0	1.0
9b7bf1bee925	0.20418054257991852	0.3797185388412312	0.5444589568985359	0.5444593119523652	0.0	0.05063291139240506	0.05263157894736842	0.2835820895522388	1.0	0	1.0
8870deb3cd89	0.7192163022763876	0.7432839736633603	0.733626838882853	0.6902862430604149	0.720577898491306	0.2	0.038461538461538464	0.014925373134328358	0.24307555138436987	0	0.25
b551a5573b3c	0.0	0.14167841682498472	0.2689311516998168	0.24889939968594305	0.2002668171680286	0.1111111111111111	0.14285714285714285	0.014925373134328358	1.0	0	1.0
a4775e530f17	0.0	0.2310675454387666	0.44676847422840404	0.3826670915662682	0.4560864694069305	0.11764705882352941	0.25	0.32835820895522383	0.830124569620279	0	1.0
5f26d9639e6f	0.0	0.0	0.1808807130935711	0.1350232575556277	0.17736067403666203	0.07079646017699115	0.07692307692307693	0.7164179104477612	0.830124569620279	0	1.0
63a888e9010e	0.06608439733031304	0.16155788157855885	0.2302591559477033	0.21526261328334842	0.14669279211481012	0.25	0.03333333333333333	0.9701492537313432	1.0	1	0.125
afa073274618	0.7661039283644008	0.8441891019595081	0.8869796960717886	0.8733079103306942	0.7853700477380463	0.05555555555555555	0.03125	0.014925373134328358	0.5074949309557394	0	1.0
7ba93c424e52	0.0	0.14167841682498472	0.2975191965758062	0.2711480195124297	0.24682620069882444	0.10526315789473684	0.2	0.32835820895522383	1.0	0	1.0
3655e3539716	0.06608439733031304	0.17877825722756366	0.4215598331251373	0.3893650194120798	0.38323820730068126	0.2	0.5	1.0	0.830124569620279	1	1.0
3dd7d23918f9	0.0	0.19396770503618765	0.32415724245907257	0.32415745384924033	0.0	0.07142857142857142	0.06666666666666667	0.04477611940298507	1.0	0	1.0
5ee1dff77954	0.4710848649156042	0.522523261974449	0.6176618757604145	0.6102110784756793	0.4602709254940042	0.2127659574468085	0.041666666666666664	0.7761194029850745	1.0	1	0.25
b6a7e9013f33	0.0	0.08938912861378186	0.20210167028488468	0.1972481074771134	0.0631771468021822	1.0	0.1111111111111111	0.029850746268656716	1.0	1	1.0
313ca82fe335	0.0	0.0	0.0	0.0	0.0	0.0	0.0	0.0	0.0	0	0.0
f2df61d7f8f5	0.22594404683665206	0.33077908189246075	0.4965626637515171	0.45447666091475725	0.4782418790388466	0.3333333333333333	0.043478260869565216	0.9701492537313432	1.0	1	1.0
f64ab851da28	0.45690338716510337	0.4865399761879694	0.6278553215660712	0.6278145419776997	0.0631771468021822	0.3333333333333333	0.04	0.014925373134328358	0.830124569620279	0	1.0
219a0ffbcdf1	0.20418054257991852	0.39862470650273474	0.47894233684149795	0.47336498707623875	0.29696037010780774	0.08	0.16666666666666666	0.32835820895522383	0.6647010817031233	0	1.0
870bdb7ff9c8	0.11297202341832605	0.2413899532786789	0.35384141113454926	0.346583429312739	0.2002668171680286	0.25	0.03571428571428571	0.014925373134328358	0.24307555138436987	0	1.0
69c1e6b8dc29	0.11297202341832605	0.11816600049205804	0.23364715892766083	0.21925311390470442	0.14669279211481012	0.5	0.125	0.9701492537313432	1.0	1	1.0
0f355f91abee	0.5246258302225686	0.49651985725929115	0.588675064448563	0.5355898369977246	0.587497430121683	0.10526315789473684	0.3333333333333333	0.32835820895522383	0.830124569620279	0	0.3333333333333333
51c538382270	0.14934089169295822	0.25094701019234067	0.42712267414803223	0.42712295268425454	0.0	1.0	0.045454545454545456	0.9701492537313432	0.830124569620279	0	1.0
cf1719d51c5c	0.3171525659982445	0.2903294102274493	0.4039543212038241	0.38577368121982847	0.3214113867723197	0.06329113924050632	0.058823529411764705	0.3134328358208955	1.0	0	1.0
ecd08bf6c822	0.11297202341832605	0.3149681328686091	0.37264476285153675	0.3719353461784922	0.0631771468021822	0.06349206349206349	0.05555555555555555	0.10447761194029849	0.830124569620279	0	0.14285714285714285
5bafad827a5e	0.3669249431097742	0.43645520751459366	0.5194980176560676	0.5061634569731308	0.4111438973422875	0.07122507122507123	0.03225806451612903	0.9850746268656715	0.5714147953641597	0	1.0
fac0b2f49667	0.06608439733031304	0.052289288211202906	0.2460491115198026	0.22307375358152826	0.1895314404065466	0.25	0.047619047619047616	0.9701492537313432	1.0	1	1.0
3addaaf0a2e6	0.0	0.32045667405254846	0.41779264722087933	0.3555680697512972	0.4250508182313436	0.10059171597633136	0.07142857142857142	0.6865671641791045	0.830124569620279	1	1.0
