revisions	files	functions	lines	addLines	deleteLines	pos	time	rf	ibf	isComponent	distance
d097bbf224ec	0.3171525659982445	0.42262468958867977	0.448606861145672	0.43522259290637055	0.34067122942285855	1.0	0.01818181818181818	0.7857142857142856	0.7326214192552911	0	0.3333333333333333
3ae59f888cd5	0.0	0.08938912861378186	0.29248396529100307	0.2431056809714042	0.2857857377665804	0.08333333333333333	0.010309278350515464	0.07142857142857142	1.0	0	1.0
59885f62109a	0.17905642074863906	0.3032362984035436	0.36373450393816925	0.3152366395650962	0.35472134807332406	0.03125	0.022727272727272728	0.14285714285714285	0.830124569620279	0	1.0
b7b9418c5943	0.0	0.11816600049205804	0.16803434660440356	0.16084890366004248	0.0631771468021822	0.045454545454545456	0.029411764705882353	0.35714285714285715	0.830124569620279	0	1.0
8475b20f280d	0.39081898983479035	0.5845297079920807	0.6530403878304294	0.6528539843173897	0.17736067403666203	0.5	0.01098901098901099	0.7857142857142856	0.6129557746355119	0	0.5
ff002ab9c630	0.14934089169295822	0.16155788157855885	0.511436194146209	0.4512960180649644	0.5174097484404799	0.08333333333333333	0.023809523809523808	0.07142857142857142	1.0	0	1.0
c22944c3f643	0.17905642074863906	0.25094701019234067	0.2619324331157728	0.18667454976445727	0.28173416602494156	0.058823529411764705	0.009900990099009901	0.07142857142857142	1.0	0	1.0
5b47d761d33c	0.17905642074863906	0.20755512910583993	0.3547087746343028	0.35028587083897605	0.1633105553861965	0.09090909090909091	0.0625	0.7142857142857143	0.7326214192552911	1	0.14285714285714285
428c7d138e45	0.11297202341832605	0.33077908189246075	0.35556783787757956	0.28340860774971316	0.37164860351436985	0.05	0.05	0.07142857142857142	0.830124569620279	0	1.0
6740d85a98b3	0.0	0.11816600049205804	0.16803434660440356	0.11246238877989302	0.17736067403666203	0.08256880733944955	0.07142857142857142	0.7857142857142856	0.7326214192552911	1	0.5
48cdcb685705	0.11297202341832605	0.2413899532786789	0.3300267458539839	0.3229360542951501	0.17736067403666203	0.07142857142857142	0.037037037037037035	0.8571428571428571	0.7326214192552911	1	1.0
59311d25b7aa	0.2778469664164643	0.3403361388061225	0.4489096318335495	0.3446733257124728	0.4851676416108924	0.125	0.08333333333333333	0.7857142857142856	0.830124569620279	0	0.25
87e7cad3b187	0.06608439733031304	0.19396770503618765	0.3547087746343028	0.34752345342449975	0.2002668171680286	0.09090909090909091	0.07692307692307693	0.7142857142857143	0.7326214192552911	1	0.3333333333333333
7a94213a56b4	0.06608439733031304	0.16155788157855885	0.36373450393816925	0.2666585099219055	0.3959176932594214	0.058823529411764705	0.05555555555555555	0.07142857142857142	0.830124569620279	0	1.0
5d45954e870d	0.0	0.08938912861378186	0.2302591559477033	0.16084890366004248	0.24682620069882444	0.041666666666666664	0.1111111111111111	0.14285714285714285	0.830124569620279	0	1.0
e4265464f96c	0.0	0.14167841682498472	0.223073608110253	0.21526261328334842	0.1001334085840143	0.025	0.011111111111111112	0.07142857142857142	1.0	0	1.0
f1ada0839f06	0.06608439733031304	0.26816738584134553	0.42478067809446846	0.42196909043768166	0.1895314404065466	0.02564102564102564	0.016666666666666666	0.07142857142857142	0.830124569620279	0	1.0
42fe82896e9c	0.20418054257991852	0.2759856130067989	0.43163097323793465	0.38877635184434883	0.41410022211038494	0.018867924528301886	0.014285714285714285	0.07142857142857142	0.830124569620279	0	1.0
e220064bd3b2	0.06608439733031304	0.2310675454387666	0.38010176969190523	0.37879146169942374	0.1001334085840143	0.1	0.013157894736842105	0.07142857142857142	1.0	0	0.5
493703d05279	0.6791005062725557	0.8309406848429126	0.8581113098000227	0.8580960291375812	0.1633105553861965	0.1111111111111111	0.009615384615384616	0.07142857142857142	0.6647010817031233	0	1.0
b01475838357	0.0	0.11816600049205804	0.30827392086310235	0.2543417618564522	0.30691337849138584	0.03571428571428571	0.06666666666666667	0.14285714285714285	0.830124569620279	0	1.0
073f60a98c45	0.06608439733031304	0.14167841682498472	0.2871494402247173	0.2666585099219055	0.21855701922275933	0.03225806451612903	0.02127659574468085	0.14285714285714285	0.830124569620279	0	1.0
a6b6e3cf36a4	0.8805509317854763	1.0	1.0	1.0	0.0631771468021822	0.14285714285714285	0.011235955056179775	1.0	0.19649904201920165	0	1.0
a8863e38d9d9	0.0	0.16155788157855885	0.31787696034860546	0.3053305308928899	0.20986993891699235	0.034482758620689655	0.024390243902439025	0.14285714285714285	0.830124569620279	0	0.5
d4aea8918519	0.11297202341832605	0.41766402983178363	0.46717109007501156	0.40445193483653896	0.475317178173127	0.0196078431372549	0.014925373134328358	0.07142857142857142	0.830124569620279	0	1.0
e04b56dad3ce	0.0	0.052289288211202906	0.16803434660440356	0.15303776336186264	0.1001334085840143	0.05263157894736842	0.010869565217391304	0.42857142857142855	0.7326214192552911	0	1.0
b2c397f51fb0	0.2920284441669651	0.4449147152285283	0.5692622111076858	0.5657954484662558	0.34491131282712373	0.02631578947368421	0.16666666666666666	0.07142857142857142	0.830124569620279	0	1.0
771232b89f38	0.06608439733031304	0.28335683364996944	0.37611127167284186	0.36604658088821196	0.24682620069882444	1.0	0.013333333333333334	0.7857142857142856	0.830124569620279	0	0.16666666666666666
5367b9b5f16e	0.06608439733031304	0.21984644927517105	0.3851606530447835	0.38454391565460494	0.0631771468021822	0.03333333333333333	0.038461538461538464	0.14285714285714285	1.0	1	1.0
3bba4cd96313	0.17905642074863906	0.19396770503618765	0.382032412356413	0.3668041506363452	0.2857857377665804	0.0625	0.25	0.07142857142857142	0.830124569620279	1	1.0
5c3edaa61ef5	0.0	0.052289288211202906	0.20670634235651703	0.1921169119349664	0.1263542936043644	0.05555555555555555	0.14285714285714285	0.07142857142857142	1.0	0	1.0
afa073274618	0.7661039283644008	0.8441891019595081	0.8869796960717886	0.8733079103306942	0.7853700477380463	0.012658227848101266	0.010101010101010102	0.07142857142857142	0.5074949309557394	0	1.0
f1aaa871c14c	0.17905642074863906	0.20755512910583993	0.30681419075174	0.28896325446569493	0.22648770218837871	0.034482758620689655	0.034482758620689655	0.14285714285714285	0.830124569620279	0	1.0
ff4dcd4e7cbf	0.17905642074863906	0.2598444173170428	0.35384141113454926	0.343702813747676	0.22648770218837871	0.06666666666666667	0.03333333333333333	0.14285714285714285	0.6647010817031233	1	1.0
87bb62b257d4	0.2778469664164643	0.5107914275093834	0.6232506494944389	0.5905043651160531	0.5880743013915997	0.015384615384615385	0.010638297872340425	0.07142857142857142	0.830124569620279	0	1.0
f7d5709ee3bd	0.0	0.0	0.06222480934329974	0.036399203817070964	0.0631771468021822	0.058823529411764705	0.3333333333333333	0.07142857142857142	0.830124569620279	1	1.0
5147c17e9683	0.06608439733031304	0.14167841682498472	0.19724797884730702	0.18088083104991842	0.1263542936043644	0.5	0.011494252873563218	0.7857142857142856	0.830124569620279	0	0.125
6825565854d6	0.30507413907761327	0.3403361388061225	0.5148353537065401	0.514835689442157	0.0	0.1	0.058823529411764705	0.8571428571428571	0.7326214192552911	1	1.0
b0af6b72f007	0.11297202341832605	0.11816600049205804	0.1746871247840085	0.11246238877989302	0.1895314404065466	0.5	0.017543859649122806	0.7857142857142856	0.830124569620279	0	0.045454545454545456
30b89717bac5	0.0	0.0	0.03639918008035379	0.0	0.0631771468021822	0.034482758620689655	0.045454545454545456	0.21428571428571427	0.6129557746355119	1	1.0
04b13382be1d	0.14934089169295822	0.2598444173170428	0.2733111142076621	0.2643266520013773	0.14669279211481012	0.012048192771084338	0.01020408163265306	0.07142857142857142	0.830124569620279	0	0.5
8559551465d2	0.9771239714375873	0.9192997660272638	0.9469898526770555	0.9469904702302598	0.0	0.04878048780487805	0.025	0.21428571428571427	0.36443642292332173	1	1.0
7012373d248c	0.14934089169295822	0.38951777658204884	0.4696040689005133	0.4676632944921593	0.2002668171680286	0.0425531914893617	0.01694915254237288	0.35714285714285715	0.4819920873588857	0	1.0
78494d510c1b	0.06608439733031304	0.17877825722756366	0.3311559610431165	0.2569440160127405	0.34896288456876257	0.011904761904761904	0.02	0.07142857142857142	0.830124569620279	0	1.0
1dc57e0d99c1	0.17905642074863906	0.3356461218611724	0.4156293757040912	0.40445193483653896	0.29338558422962024	0.0196078431372549	0.014705882352941176	0.07142857142857142	0.830124569620279	0	0.3333333333333333
5b81c1813f05	0.7240818629345552	0.7619137759375184	0.781191974327139	0.7624110693033701	0.7044092105761555	0.1111111111111111	0.0136986301369863	0.07142857142857142	0.830124569620279	0	1.0
022463076c19	0.14934089169295822	0.45664654969359386	0.5289012897711829	0.4731345081758211	0.5302026698294051	0.02	0.015151515151515152	0.07142857142857142	0.830124569620279	0	1.0
2c6d217d573a	0.06608439733031304	0.16155788157855885	0.2889630660264346	0.285298603503014	0.1001334085840143	0.02702702702702703	0.020833333333333332	0.07142857142857142	0.830124569620279	0	0.5
d7a3a55ba8db	0.06608439733031304	0.33077908189246075	0.4432970903671096	0.4416739811001098	0.1633105553861965	0.029411764705882353	0.03125	0.14285714285714285	0.830124569620279	0	1.0
3b40ebb75bbe	0.0	0.0	0.2302591559477033	0.17468723870137876	0.2337832233056255	0.025	0.03571428571428571	0.07142857142857142	0.830124569620279	0	1.0
9ca825acc305	0.11297202341832605	0.19396770503618765	0.2795047025172246	0.2619326039277545	0.2002668171680286	0.02	0.015384615384615385	0.07142857142857142	0.830124569620279	0	0.2
917b620b06b0	0.06608439733031304	0.2310675454387666	0.4156293757040912	0.37611151694339084	0.3922955468416446	0.02702702702702703	0.019230769230769232	0.07142857142857142	0.830124569620279	0	1.0
a5aa40c05edd	0.5000440855239167	0.6395629561582741	0.7075388559908385	0.7074545233159374	0.1633105553861965	0.013157894736842105	0.009523809523809525	0.07142857142857142	0.830124569620279	0	1.0
ca389cecc6e1	0.43584391932900896	0.5925924115389224	0.6627317424485197	0.6547355376217033	0.5119426034523796	1.0	0.017241379310344827	1.0	0.7326214192552911	0	0.5
2c51582762ea	0.06608439733031304	0.20755512910583993	0.27748728224918834	0.2431056809714042	0.24682620069882444	0.058823529411764705	0.05263157894736842	0.07142857142857142	1.0	1	1.0
9de8383ec493	0.22594404683665206	0.20755512910583993	0.40039351465970996	0.38075018992863535	0.3240534661514722	0.06666666666666667	0.043478260869565216	0.5	0.830124569620279	1	1.0
19bcb5a6573d	0.11297202341832605	0.28335683364996944	0.32772478834659746	0.28714962748127176	0.30691337849138584	0.0125	0.015873015873015872	0.07142857142857142	0.830124569620279	0	1.0
1d2c3fca8353	0.14934089169295822	0.17877825722756366	0.2907407760749784	0.2733112924399355	0.20986993891699235	0.03125	0.02857142857142857	0.07142857142857142	0.7326214192552911	1	1.0
0d16742315f5	0.14934089169295822	0.32572112959789795	0.42114897920955413	0.41948677147946223	0.14669279211481012	0.023255813953488372	0.010416666666666666	0.07142857142857142	0.830124569620279	0	1.0
790e43fe9d91	0.0	0.19396770503618765	0.1921167866513249	0.1350232575556277	0.2002668171680286	0.08333333333333333	0.5	0.07142857142857142	1.0	0	0.3333333333333333
2250f3fb4c63	0.06608439733031304	0.08938912861378186	0.2110863048643623	0.1972481074771134	0.1263542936043644	0.022727272727272728	0.0125	0.07142857142857142	0.830124569620279	0	0.5
32c29f21acfb	0.0	0.0	0.06222480934329974	0.036399203817070964	0.0631771468021822	0.1	0.009708737864077669	0.07142857142857142	1.0	0	1.0
525251d47bfd	0.20418054257991852	0.4923369634710196	0.5567195371404215	0.5274012407164037	0.512273439954959	0.4444444444444444	0.018518518518518517	1.0	0.6647010817031233	0	1.0
ceb09c1870da	0.2778469664164643	0.41250489177089955	0.5738115004633308	0.5314684550550342	0.5568295481998311	0.018518518518518517	0.014084507042253521	0.07142857142857142	0.830124569620279	0	1.0
b18dcbf17740	0.0	0.0	0.0	0.0	0.0	0.0	0.0	0.0	0.0	0	0.0
efe0d828766c	0.0	0.14167841682498472	0.37193510363131554	0.3111242496074288	0.37762749120469064	0.047619047619047616	0.012048192771084338	0.07142857142857142	0.7326214192552911	0	1.0
74a7ac1e7541	0.38323696332855756	0.4585021392981806	0.5868731402467455	0.5866782967522381	0.1263542936043644	0.06666666666666667	0.02040816326530612	0.14285714285714285	0.830124569620279	0	1.0
bc4910456f73	0.06608439733031304	0.3830683701036636	0.4515895748419317	0.44981215812573744	0.17736067403666203	0.02631578947368421	0.030303030303030304	0.07142857142857142	0.830124569620279	0	1.0
90a6b7e5ae8f	0.5516020649158329	0.6325903795807941	0.6808274294004435	0.662564481899962	0.600298962721006	0.020833333333333332	0.013888888888888888	0.07142857142857142	0.830124569620279	0	1.0
bbbbb1aa15b5	0.14934089169295822	0.37274596226375134	0.4489096318335495	0.444891941487754	0.2405378208388442	0.027777777777777776	0.027777777777777776	0.07142857142857142	0.830124569620279	0	1.0
e88ab0dea2d0	0.0	0.14167841682498472	0.25434159599462464	0.22673840454420918	0.20986993891699235	0.8	0.012345679012345678	1.0	0.830124569620279	0	1.0
870bdb7ff9c8	0.11297202341832605	0.2413899532786789	0.35384141113454926	0.346583429312739	0.2002668171680286	0.034090909090909095	0.011627906976744186	0.7857142857142856	0.24307555138436987	0	1.0
07de5a904de1	0.14934089169295822	0.16155788157855885	0.32169759753390653	0.3097104962570064	0.20986993891699235	0.043478260869565216	0.011904761904761904	0.07142857142857142	0.7326214192552911	0	1.0
d8a48cf04822	0.14934089169295822	0.25094701019234067	0.342721471388412	0.3038217309667262	0.31869042780677365	0.5	0.012195121951219513	0.7857142857142856	0.830124569620279	0	0.5
e0a6f6c8e82e	0.0	0.16155788157855885	0.1808807130935711	0.16803445618334878	0.1001334085840143	0.02564102564102564	0.010752688172043012	0.07142857142857142	1.0	0	0.5
c8e6d9debe86	0.11297202341832605	0.20755512910583993	0.3916815759881601	0.38877635184434883	0.1633105553861965	0.06666666666666667	0.09090909090909091	0.07142857142857142	0.830124569620279	1	1.0
fe15228c9896	0.11297202341832605	0.3797185388412312	0.45362003285944397	0.44799853114131427	0.2730470857191745	0.02702702702702703	0.022222222222222223	0.07142857142857142	0.830124569620279	0	0.25
0420445c592f	0.24514081807895213	0.44285129116709593	0.43089513777496785	0.3740477138126567	0.4324785298813905	0.5	0.125	0.7857142857142856	0.7326214192552911	0	0.043478260869565216
ea523606754e	0.22594404683665206	0.32045667405254846	0.37404746988795895	0.36451198826472897	0.2405378208388442	0.06666666666666667	0.00980392156862745	0.07142857142857142	1.0	0	0.5
41a1e87a2557	0.11297202341832605	0.4151102582116798	0.42517527839513775	0.386382303770726	0.4005336343360572	0.05555555555555555	0.023255813953488372	0.07142857142857142	1.0	0	0.5
946fd0cc791b	0.0	0.052289288211202906	0.03639918008035379	0.0	0.0631771468021822	0.047619047619047616	0.02631578947368421	0.14285714285714285	0.830124569620279	0	1.0
f9e8471002d7	0.06608439733031304	0.3149681328686091	0.35726168857966106	0.343702813747676	0.2527085872087288	0.0625	0.047619047619047616	0.07142857142857142	1.0	1	1.0
df30ea9c92a5	0.0	0.052289288211202906	0.21526247290588865	0.16084890366004248	0.21855701922275933	0.02040816326530612	0.016129032258064516	0.07142857142857142	0.830124569620279	0	1.0
e45756bc40c9	0.06608439733031304	0.16155788157855885	0.2711478426908739	0.2643266520013773	0.1263542936043644	0.1	0.02564102564102564	0.07142857142857142	1.0	0	0.25
778b318bf89a	0.06608439733031304	0.11816600049205804	0.23691193412730824	0.22673840454420918	0.1263542936043644	0.0625	0.01	0.07142857142857142	1.0	0	1.0
8870deb3cd89	0.7192163022763876	0.7432839736633603	0.733626838882853	0.6902862430604149	0.720577898491306	0.03296703296703297	0.01282051282051282	0.7857142857142856	0.24307555138436987	0	0.25
516d55e8b29f	0.06608439733031304	0.11816600049205804	0.23691193412730824	0.22673840454420918	0.1263542936043644	0.024390243902439025	0.012658227848101266	0.07142857142857142	1.0	0	1.0
84a1d576b4ec	0.11297202341832605	0.3448615593629846	0.458095547716768	0.44200101782755763	0.3652498113375695	0.0625	0.011363636363636364	0.07142857142857142	1.0	0	1.0
a50cdaf71385	0.0	0.17877825722756366	0.2834084229327595	0.2431056809714042	0.2634439639702108	0.05	0.011764705882352941	0.07142857142857142	0.7326214192552911	0	1.0
d1864e8d273a	0.0	0.08938912861378186	0.08225672366991757	0.06222484992148576	0.0631771468021822	0.1	1.0	0.7142857142857143	1.0	1	0.3333333333333333
a90ae029cad6	0.06608439733031304	0.11816600049205804	0.1746871247840085	0.16084890366004248	0.1001334085840143	0.09090909090909091	0.2	0.7142857142857143	0.7326214192552911	1	0.047619047619047616
317ac07da1e6	0.3171525659982445	0.4909119627558094	0.5192222219741379	0.4533330596863628	0.5310128561096733	0.36363636363636365	0.018867924528301886	1.0	0.7326214192552911	0	1.0
1f74053488c5	0.11297202341832605	0.3403361388061225	0.3916815759881601	0.3417297347099609	0.3845885335745019	0.047619047619047616	0.04	0.35714285714285715	0.7326214192552911	0	0.5
313ca82fe335	0.0	0.0	0.0	0.0	0.0	0.0	0.0	0.0	0.0	0	0.0
6cd3cdf49d80	0.22594404683665206	0.42016821050624265	0.4476923735378234	0.4251755556614198	0.3818675746089558	0.02857142857142857	0.015625	0.14285714285714285	0.830124569620279	0	1.0
ee444a04dcc1	0.14934089169295822	0.3032362984035436	0.3322711483513144	0.3082741218954018	0.2730470857191745	0.019230769230769232	0.014492753623188406	0.07142857142857142	0.830124569620279	0	1.0
21e5630a726a	0.0	0.052289288211202906	0.08225672366991757	0.036399203817070964	0.1001334085840143	1.0	0.017857142857142856	1.0	0.830124569620279	0	1.0
1c6ed0c751b3	0.0	0.052289288211202906	0.240062131871887	0.1972481074771134	0.22648770218837871	0.09090909090909091	0.1	0.7142857142857143	0.7326214192552911	1	0.058823529411764705
124b4010279f	0.06608439733031304	0.052289288211202906	0.11246231544070878	0.06222484992148576	0.1263542936043644	1.0	0.012987012987012988	0.7857142857142856	0.830124569620279	0	0.16666666666666666
0bfbad79b7bd	0.06608439733031304	0.20755512910583993	0.2733111142076621	0.23025930610483455	0.25823423997013745	0.056603773584905655	0.03225806451612903	0.5714285714285714	0.830124569620279	1	1.0
8c31110375c5	0.913657041496575	0.829080634531919	0.8781007659745617	0.8689093554294399	0.7424025860712729	0.05555555555555555	0.010526315789473684	0.42857142857142855	0.4819920873588857	0	1.0
8158aadd04cf	0.0	0.052289288211202906	0.2889630660264346	0.2619326039277545	0.2405378208388442	0.015625	0.01639344262295082	0.07142857142857142	0.830124569620279	0	1.0
917a3b0e6eb2	0.0	0.052289288211202906	0.03639918008035379	0.0	0.0631771468021822	0.037037037037037035	0.02702702702702703	0.14285714285714285	0.830124569620279	0	1.0
d5e354ff2378	0.0	0.28335683364996944	0.38392240687720625	0.3826670915662682	0.1001334085840143	0.05	0.021739130434782608	0.14285714285714285	0.830124569620279	0	1.0
be3686c05545	0.17905642074863906	0.19396770503618765	0.29913674347060804	0.2941941407259178	0.1263542936043644	0.0625	0.041666666666666664	0.07142857142857142	0.7326214192552911	1	1.0
