revisions	files	functions	lines	addLines	deleteLines	pos	time	rf	ibf	isComponent	distance
56bec749e36f	0.2778469664164643	0.41250489177089955	0.4641617102790876	0.3961434443332668	0.47727736891256717	0.16666666666666666	0.03225806451612903	0.16666666666666666	0.7326214192552911	0	1.0
529866eee277	0.11297202341832605	0.38951777658204884	0.4870054874377682	0.4489099245775328	0.461432028538537	0.2222222222222222	0.3333333333333333	0.6666666666666666	1.0	1	1.0
a6b6e3cf36a4	0.8805509317854763	1.0	1.0	1.0	0.0631771468021822	0.15789473684210528	0.02631578947368421	0.8333333333333334	0.19649904201920165	0	1.0
128a62f8cfc8	0.06608439733031304	0.14167841682498472	0.3152364339923866	0.24604927197391604	0.3291184000394623	0.3333333333333333	0.05	0.5	1.0	0	1.0
f084174cf4ce	0.557035373968769	0.6119123905882309	0.5998624031791463	0.5319491602593552	0.6145822586378903	0.02564102564102564	0.03571428571428571	0.16666666666666666	0.7326214192552911	0	1.0
a3bcc6676c47	0.06608439733031304	0.20755512910583993	0.3475232267968525	0.3407266909519464	0.1895314404065466	0.5	0.07692307692307693	0.16666666666666666	0.830124569620279	0	1.0
acb14eef2d73	0.11297202341832605	0.32045667405254846	0.3893647654986319	0.3407266909519464	0.38047601542043563	0.2	0.0625	0.16666666666666666	0.830124569620279	0	1.0
15712f5bd2a1	0.11297202341832605	0.28335683364996944	0.42073623630381113	0.42073651067529483	0.0	0.06666666666666667	0.1111111111111111	0.16666666666666666	1.0	0	0.06666666666666667
bd42b2fe53ec	0.0	0.0	0.09862398942365351	0.0822567773113617	0.0631771468021822	0.04	0.030303030303030304	0.16666666666666666	1.0	0	0.5
d5b9c38679c2	0.0	0.14167841682498472	0.2192529709249519	0.21526261328334842	0.0631771468021822	0.06666666666666667	0.05555555555555555	0.16666666666666666	0.830124569620279	0	1.0
4463952b3f2a	0.11297202341832605	0.14167841682498472	0.1530376635625889	0.0986240537385567	0.1633105553861965	0.05	0.041666666666666664	0.16666666666666666	0.830124569620279	0	1.0
2a6a3bb9a45e	0.5622933840771966	0.39262542701732545	0.5951273785451796	0.5380868027884449	0.5987777253547214	0.25	0.125	0.16666666666666666	1.0	1	1.0
ba21ebdb445a	0.11297202341832605	0.19396770503618765	0.31916865779722586	0.3178771676432612	0.0631771468021822	0.1111111111111111	0.023255813953488372	0.16666666666666666	0.830124569620279	0	1.0
2bace1ffcc84	0.14934089169295822	0.33077908189246075	0.39281793829913564	0.379449131178624	0.2857857377665804	0.06666666666666667	0.03125	0.16666666666666666	0.830124569620279	0	0.5
23a442bff758	0.5698754105834294	0.42972526741990447	0.5193602257274647	0.4369657832591678	0.5442527884798707	0.08333333333333333	0.2	0.16666666666666666	1.0	1	1.0
6aa4de4067e5	0.0	0.11816600049205804	0.3754285959581471	0.3407266909519464	0.34281592499532165	0.04	0.08333333333333333	0.16666666666666666	1.0	0	1.0
2cae83b86e89	0.20418054257991852	0.21984644927517105	0.3712197896963522	0.3668041506363452	0.17736067403666203	0.09090909090909091	0.09090909090909091	0.16666666666666666	1.0	0	1.0
34a04c926da7	0.24514081807895213	0.21984644927517105	0.3386861212955405	0.3191688659342263	0.2634439639702108	0.0625	0.025	0.16666666666666666	1.0	0	1.0
afa073274618	0.7661039283644008	0.8441891019595081	0.8869796960717886	0.8733079103306942	0.7853700477380463	0.1	0.022727272727272728	0.16666666666666666	0.5074949309557394	0	1.0
90735d827f67	0.0	0.14167841682498472	0.23691193412730824	0.18088083104991842	0.2405378208388442	0.08333333333333333	0.029411764705882353	0.16666666666666666	1.0	0	0.3333333333333333
9eca54b3d126	0.06608439733031304	0.20755512910583993	0.2711478426908739	0.2569440160127405	0.17736067403666203	0.03333333333333333	0.03333333333333333	0.16666666666666666	0.7326214192552911	0	1.0
0e1dbde05ef1	0.0	0.0	0.0	0.0	0.0	0.0	0.0	0.0	0.0	0	0.0
a42de38c7be3	0.20418054257991852	0.2903294102274493	0.39559746137747337	0.3229360542951501	0.4121400313709448	0.07692307692307693	0.045454545454545456	0.8333333333333334	1.0	1	1.0
65b832eb0031	0.24514081807895213	0.28335683364996944	0.40445167108458346	0.3386863421603142	0.41506473223666435	0.07692307692307693	0.25	0.16666666666666666	1.0	0	1.0
5dafd01cc66e	0.0	0.11816600049205804	0.23691193412730824	0.22307375358152826	0.14669279211481012	0.4	0.02857142857142857	0.6666666666666666	1.0	1	0.125
5f9b5696a013	0.11297202341832605	0.11816600049205804	0.25166165298624243	0.23691208862286453	0.1633105553861965	0.09523809523809523	0.05263157894736842	0.6666666666666666	1.0	1	1.0
a54bc24dcb81	0.7740559531633479	0.8450196245244627	0.836064422993992	0.8255647794665045	0.7112096443468949	0.06666666666666667	0.043478260869565216	0.16666666666666666	1.0	0	1.0
3ade11e3e1b1	0.06608439733031304	0.11816600049205804	0.19724797884730702	0.17468723870137876	0.14669279211481012	0.057692307692307696	0.037037037037037035	0.8333333333333334	1.0	1	1.0
313ca82fe335	0.0	0.0	0.0	0.0	0.0	0.0	0.0	0.0	0.0	0	0.0
418c356e0499	0.2623129151112843	0.3032362984035436	0.42977995046677003	0.4059276636691618	0.36850534870586854	0.1111111111111111	0.058823529411764705	0.16666666666666666	1.0	0	1.0
9e29145f1f6b	0.45690338716510337	0.3492335459308247	0.4722063213598148	0.470321594526592	0.2002668171680286	0.09375	0.038461538461538464	0.8333333333333334	1.0	1	1.0
e94ee0d684a0	0.06608439733031304	0.16155788157855885	0.25434159599462464	0.2543417618564522	0.0	1.0	0.16666666666666666	0.16666666666666666	1.0	0	1.0
b6c862445c1f	0.20418054257991852	0.17877825722756366	0.2711478426908739	0.2543417618564522	0.1895314404065466	0.06122448979591836	0.024390243902439025	0.8333333333333334	0.830124569620279	0	0.3333333333333333
acd7b58e970f	0.06608439733031304	0.20755512910583993	0.34467310094345616	0.24889939968594305	0.37616913439032323	0.2	0.047619047619047616	0.16666666666666666	0.7326214192552911	0	0.5
92891bfdb2d6	0.06608439733031304	0.2413899532786789	0.38818354551084056	0.38454391565460494	0.17736067403666203	0.1	0.02564102564102564	0.16666666666666666	1.0	0	1.0
7012373d248c	0.14934089169295822	0.38951777658204884	0.4696040689005133	0.4676632944921593	0.2002668171680286	0.030303030303030304	0.06666666666666667	0.16666666666666666	0.4819920873588857	0	1.0
8c31110375c5	0.913657041496575	0.829080634531919	0.8781007659745617	0.8689093554294399	0.7424025860712729	0.08888888888888889	0.023809523809523808	1.0	0.4819920873588857	0	1.0
26847aebc78f	0.5596855815960106	0.6532860575182532	0.7303216791971582	0.7297945519251913	0.33847484949608225	0.2142857142857143	0.02702702702702703	0.8333333333333334	0.830124569620279	1	1.0
0c4dda94476b	0.0	0.0	0.20670634235651703	0.1972481074771134	0.1001334085840143	0.041666666666666664	1.0	0.16666666666666666	1.0	0	1.0
c640a3c74f27	0.06608439733031304	0.17877825722756366	0.37611127167284186	0.3712200317770567	0.1895314404065466	0.18181818181818182	0.5	0.6666666666666666	1.0	1	1.0
9506818a964f	0.06608439733031304	0.16155788157855885	0.1350231695040073	0.12444969984297151	0.0631771468021822	0.034482758620689655	0.034482758620689655	0.16666666666666666	0.7326214192552911	0	1.0
ce101a690ce8	0.22594404683665206	0.3092355778889529	0.3386861212955405	0.3178771676432612	0.26837194012185417	0.09523809523809523	0.14285714285714285	0.6666666666666666	1.0	1	0.14285714285714285
175d6523ecaa	0.0	0.16155788157855885	0.4182191155947112	0.35641899064740357	0.4250508182313436	0.2	0.027777777777777776	0.16666666666666666	0.7326214192552911	0	1.0
dabaacb8e0c2	0.11297202341832605	0.19396770503618765	0.4064139661289901	0.4059276636691618	0.0631771468021822	0.024390243902439025	0.1	0.16666666666666666	0.5368943496508024	0	1.0
