revisions	files	functions	lines	addLines	deleteLines	pos	time	rf	ibf	isComponent	distance
7cc9a4f70281	0.0	0.35346216255331403	0.48798875492228544	0.4379956777182098	0.48153948673163544	0.058823529411764705	0.010416666666666666	0.04838709677419355	1.0	0	1.0
7c8dfce1e51b	0.0	0.08938912861378186	0.1350231695040073	0.0822567773113617	0.14669279211481012	0.02702702702702703	0.007462686567164179	0.016129032258064516	1.0	0	1.0
2ac68f59b417	0.0	0.2413899532786789	0.29913674347060804	0.2543417618564522	0.2857857377665804	0.06382978723404256	0.011111111111111112	0.04838709677419355	1.0	0	1.0
a239f9ec0c0e	0.8182760208839162	0.8409074680823564	0.9499762973278433	0.9499769168285749	0.0	0.06097560975609757	0.007874015748031496	0.5806451612903225	0.7326214192552911	0	1.0
acb14eef2d73	0.11297202341832605	0.32045667405254846	0.3893647654986319	0.3407266909519464	0.38047601542043563	0.02608695652173913	0.011904761904761904	0.04838709677419355	0.830124569620279	0	1.0
59885f62109a	0.17905642074863906	0.3032362984035436	0.36373450393816925	0.3152366395650962	0.35472134807332406	0.03007518796992481	0.015625	0.1935483870967742	0.830124569620279	0	1.0
cff59ab75a95	0.06608439733031304	0.3403361388061225	0.45836799534275946	0.45419212348985394	0.2527085872087288	0.030303030303030304	0.017543859649122806	0.016129032258064516	1.0	0	1.0
b8a36b28ddde	0.14934089169295822	0.4098458026663303	0.4742807212704239	0.4156296467452772	0.4782418790388466	0.03125	0.0064516129032258064	0.016129032258064516	1.0	0	0.16666666666666666
68e187b6cabc	0.06608439733031304	0.16155788157855885	0.2711478426908739	0.21108644251844974	0.2774940826206763	0.02857142857142857	0.006493506493506494	0.016129032258064516	1.0	0	1.0
1299755a9055	0.8643547908306891	0.9381706730039311	0.9849212902870814	0.9226939970348417	1.0	0.017543859649122806	0.006369426751592357	0.016129032258064516	1.0	0	1.0
197b8d811943	0.0	0.11816600049205804	0.2110863048643623	0.1972481074771134	0.1263542936043644	0.04615384615384615	0.015151515151515152	0.04838709677419355	1.0	0	1.0
b7b9418c5943	0.0	0.11816600049205804	0.16803434660440356	0.16084890366004248	0.0631771468021822	0.035175879396984924	0.0196078431372549	0.4193548387096774	0.830124569620279	0	1.0
06226bd35247	0.24514081807895213	0.19396770503618765	0.3111240467164987	0.22673840454420918	0.33622423252135675	0.07142857142857142	0.010309278350515464	0.04838709677419355	1.0	0	0.5
3b7f0448940a	0.0	0.0	0.16084879876695327	0.1444816272328475	0.1001334085840143	0.08333333333333333	0.05	0.04838709677419355	1.0	0	0.5
d31028169722	0.2623129151112843	0.4015228341420275	0.5601109087173085	0.5601112739781247	0.0	0.025	0.03125	0.016129032258064516	1.0	0	1.0
5b47d761d33c	0.17905642074863906	0.20755512910583993	0.3547087746343028	0.35028587083897605	0.1633105553861965	0.08733624454148473	0.06666666666666667	0.8870967741935485	0.7326214192552911	1	0.018518518518518517
90c6f7a4549b	0.11297202341832605	0.28335683364996944	0.3933807703864162	0.3916818314124518	0.1263542936043644	0.08333333333333333	0.041666666666666664	0.016129032258064516	1.0	0	1.0
428c7d138e45	0.11297202341832605	0.33077908189246075	0.35556783787757956	0.28340860774971316	0.37164860351436985	0.07692307692307693	0.05263157894736842	0.016129032258064516	0.830124569620279	0	1.0
4737cd82c9eb	0.06608439733031304	0.42972526741990447	0.6104609495205524	0.5483364103171593	0.6198039243813661	0.025	0.00641025641025641	0.016129032258064516	1.0	0	1.0
6740d85a98b3	0.0	0.11816600049205804	0.16803434660440356	0.11246238877989302	0.17736067403666203	0.08620689655172414	0.08333333333333333	0.967741935483871	0.7326214192552911	1	0.5
5628706a2c7e	0.2623129151112843	0.42972526741990447	0.56455340792142	0.5527211306526693	0.4464153541028635	0.02702702702702703	0.018867924528301886	0.016129032258064516	1.0	0	1.0
48cdcb685705	0.11297202341832605	0.2413899532786789	0.3300267458539839	0.3229360542951501	0.17736067403666203	0.07397260273972603	0.030303030303030304	1.0	0.7326214192552911	1	1.0
751b6d588067	0.11297202341832605	0.3615248661001558	0.4426512499998029	0.4423268674862326	0.0631771468021822	0.03571428571428571	0.014705882352941176	0.03225806451612903	1.0	0	1.0
6f40e478320f	0.22594404683665206	0.3032362984035436	0.39449595769461404	0.38454391565460494	0.2634439639702108	0.04225352112676056	0.016129032258064516	0.04838709677419355	1.0	0	1.0
4b68f2320bdd	0.6204257566085625	0.5167907069947928	0.5836300306496793	0.5649695780380372	0.5036193773479372	0.09090909090909091	0.05555555555555555	0.04838709677419355	0.830124569620279	1	1.0
e7f5a2bbb87b	0.0	0.3691130106843987	0.4912535301219329	0.44425751140975567	0.48060942400444995	0.041666666666666664	0.007936507936507936	0.04838709677419355	1.0	0	1.0
72ca2e399733	0.14934089169295822	0.25094701019234067	0.29913674347060804	0.268931327075819	0.25823423997013745	0.022222222222222223	0.045454545454545456	0.016129032258064516	1.0	0	1.0
842dd205106a	0.06608439733031304	0.3956599494367154	0.5478353742265628	0.5478357314822291	0.0	0.05555555555555555	0.0072992700729927005	0.04838709677419355	1.0	0	1.0
87e7cad3b187	0.06608439733031304	0.19396770503618765	0.3547087746343028	0.34752345342449975	0.2002668171680286	0.10505836575875485	0.09090909090909091	1.0	0.7326214192552911	1	1.0
f64ab851da28	0.45690338716510337	0.4865399761879694	0.6278553215660712	0.6278145419776997	0.0631771468021822	0.07317073170731708	0.009009009009009009	0.04838709677419355	0.830124569620279	0	1.0
7a94213a56b4	0.06608439733031304	0.16155788157855885	0.36373450393816925	0.2666585099219055	0.3959176932594214	0.1	0.058823529411764705	0.016129032258064516	0.830124569620279	0	1.0
5d45954e870d	0.0	0.08938912861378186	0.2302591559477033	0.16084890366004248	0.24682620069882444	0.039603960396039604	0.2	0.1935483870967742	0.830124569620279	0	1.0
63e25a9ed0fb	0.0	0.19396770503618765	0.1921167866513249	0.16084890366004248	0.1633105553861965	0.06000000000000001	0.011494252873563218	0.04838709677419355	1.0	0	1.0
334514863909	0.24514081807895213	0.25094701019234067	0.4348695721948365	0.41948677147946223	0.33847484949608225	0.02857142857142857	0.00819672131147541	0.016129032258064516	0.830124569620279	0	1.0
f1ada0839f06	0.06608439733031304	0.26816738584134553	0.42478067809446846	0.42196909043768166	0.1895314404065466	0.020833333333333332	0.012195121951219513	0.016129032258064516	0.830124569620279	0	1.0
42fe82896e9c	0.20418054257991852	0.2759856130067989	0.43163097323793465	0.38877635184434883	0.41410022211038494	0.016129032258064516	0.01	0.016129032258064516	0.830124569620279	0	1.0
493703d05279	0.6791005062725557	0.8309406848429126	0.8581113098000227	0.8580960291375812	0.1633105553861965	0.024844720496894408	0.006711409395973154	0.06451612903225806	0.6647010817031233	0	1.0
b01475838357	0.0	0.11816600049205804	0.30827392086310235	0.2543417618564522	0.30691337849138584	0.03418803418803419	0.07692307692307693	0.1935483870967742	0.830124569620279	0	1.0
073f60a98c45	0.06608439733031304	0.14167841682498472	0.2871494402247173	0.2666585099219055	0.21855701922275933	0.031007751937984496	0.014084507042253521	0.1935483870967742	0.830124569620279	0	1.0
6c1567cbacd2	0.06608439733031304	0.3403361388061225	0.4829610456471109	0.47518782092005174	0.3291184000394623	0.04	0.010869565217391304	0.03225806451612903	1.0	0	1.0
a6b6e3cf36a4	0.8805509317854763	1.0	1.0	1.0	0.0631771468021822	0.040419161676646706	0.007692307692307693	1.0	0.19649904201920165	0	1.0
a8863e38d9d9	0.0	0.16155788157855885	0.31787696034860546	0.3053305308928899	0.20986993891699235	0.03305785123966942	0.01639344262295082	0.1935483870967742	0.830124569620279	0	0.5
d4aea8918519	0.11297202341832605	0.41766402983178363	0.46717109007501156	0.40445193483653896	0.475317178173127	0.016666666666666666	0.010526315789473684	0.016129032258064516	0.830124569620279	0	1.0
e04b56dad3ce	0.0	0.052289288211202906	0.16803434660440356	0.15303776336186264	0.1001334085840143	0.041841004184100423	0.007518796992481203	0.5322580645161291	0.7326214192552911	0	1.0
a3bcc6676c47	0.06608439733031304	0.20755512910583993	0.3475232267968525	0.3407266909519464	0.1895314404065466	0.028301886792452827	0.015384615384615385	0.04838709677419355	0.830124569620279	0	1.0
ff2cbef6b3af	0.38323696332855756	0.48201455563110723	0.5079032442173015	0.44425751140975567	0.5174097484404799	0.029411764705882353	0.009708737864077669	0.016129032258064516	1.0	0	1.0
d5b9c38679c2	0.0	0.14167841682498472	0.2192529709249519	0.21526261328334842	0.0631771468021822	0.02097902097902098	0.01098901098901099	0.04838709677419355	0.830124569620279	0	1.0
4e691f31e44a	0.4116538068042425	0.43425068797676647	0.5722950552177868	0.5293962446491849	0.5562198779909449	0.02857142857142857	0.007042253521126761	0.016129032258064516	0.830124569620279	0	1.0
4463952b3f2a	0.11297202341832605	0.14167841682498472	0.1530376635625889	0.0986240537385567	0.1633105553861965	0.02040816326530612	0.009523809523809525	0.016129032258064516	0.830124569620279	0	1.0
22d149a03944	0.3487969244049448	0.5478912679119624	0.5870679426896092	0.5781417023602087	0.445044721411138	0.023255813953488372	0.009433962264150943	0.016129032258064516	1.0	0	0.5
b2c397f51fb0	0.2920284441669651	0.4449147152285283	0.5692622111076858	0.5657954484662558	0.34491131282712373	0.02531645569620253	0.25	0.16129032258064516	0.830124569620279	0	1.0
ba21ebdb445a	0.11297202341832605	0.19396770503618765	0.31916865779722586	0.3178771676432612	0.0631771468021822	0.023622047244094488	0.00684931506849315	0.04838709677419355	0.830124569620279	0	1.0
2728bff12ca2	0.14934089169295822	0.26816738584134553	0.40833428371166935	0.4059276636691618	0.1633105553861965	0.043478260869565216	0.16666666666666666	0.03225806451612903	0.7326214192552911	0	0.1
2bace1ffcc84	0.14934089169295822	0.33077908189246075	0.39281793829913564	0.379449131178624	0.2857857377665804	0.022727272727272728	0.008620689655172414	0.016129032258064516	0.830124569620279	0	0.5
3bba4cd96313	0.17905642074863906	0.19396770503618765	0.382032412356413	0.3668041506363452	0.2857857377665804	0.06369426751592357	0.5	0.40322580645161293	0.830124569620279	1	1.0
b95b1cd23e9c	0.2623129151112843	0.3615248661001558	0.3977607328942615	0.386382303770726	0.2774940826206763	0.023255813953488372	0.011235955056179775	0.016129032258064516	1.0	0	1.0
09914b7f0b81	0.3171525659982445	0.42262468958867977	0.5348962686549122	0.5010698384438396	0.5010413570247582	0.04	0.007633587786259542	0.016129032258064516	1.0	0	1.0
afa073274618	0.7661039283644008	0.8441891019595081	0.8869796960717886	0.8733079103306942	0.7853700477380463	0.01675977653631285	0.006756756756756757	0.0967741935483871	0.5074949309557394	0	1.0
9eca54b3d126	0.06608439733031304	0.20755512910583993	0.2711478426908739	0.2569440160127405	0.17736067403666203	0.01694915254237288	0.008695652173913044	0.016129032258064516	0.7326214192552911	0	1.0
f1aaa871c14c	0.17905642074863906	0.20755512910583993	0.30681419075174	0.28896325446569493	0.22648770218837871	0.03305785123966942	0.02702702702702703	0.1935483870967742	0.830124569620279	0	1.0
1635bfd3831c	0.0	0.17877825722756366	0.3253622461067884	0.3053305308928899	0.2527085872087288	0.044444444444444446	0.01818181818181818	0.03225806451612903	1.0	0	1.0
29313eb2c393	0.0	0.0	0.14448153301321734	0.11246238877989302	0.1263542936043644	0.044117647058823525	0.008928571428571428	0.04838709677419355	0.830124569620279	0	1.0
9cd2476c33e0	0.14934089169295822	0.17877825722756366	0.2834084229327595	0.25947295739859916	0.22648770218837871	0.09090909090909091	0.0070921985815602835	0.016129032258064516	1.0	0	1.0
ff4dcd4e7cbf	0.17905642074863906	0.2598444173170428	0.35384141113454926	0.343702813747676	0.22648770218837871	0.075	0.022727272727272728	0.33870967741935487	0.6647010817031233	1	1.0
87bb62b257d4	0.2778469664164643	0.5107914275093834	0.6232506494944389	0.5905043651160531	0.5880743013915997	0.013513513513513514	0.007194244604316547	0.016129032258064516	0.830124569620279	0	1.0
f7d5709ee3bd	0.0	0.0	0.06222480934329974	0.036399203817070964	0.0631771468021822	0.05442176870748299	1.0	0.3548387096774193	0.830124569620279	1	1.0
96d7b0b3803c	0.4755504642001851	0.515612970475485	0.6520708908133207	0.6484459609807361	0.4316824955080507	0.03225806451612903	0.023809523809523808	0.016129032258064516	1.0	0	1.0
e40326dfa9b6	0.6359598079137424	0.6978926532612499	0.7844671428377498	0.7844676544062703	0.0	0.02631578947368421	0.012658227848101266	0.016129032258064516	1.0	0	1.0
6825565854d6	0.30507413907761327	0.3403361388061225	0.5148353537065401	0.514835689442157	0.0	0.10227272727272727	0.0625	1.0	0.7326214192552911	1	1.0
32b89f63cf8e	0.2623129151112843	0.3403361388061225	0.39110795471465654	0.37542884078350797	0.29696037010780774	0.041666666666666664	0.1111111111111111	0.03225806451612903	0.7326214192552911	0	1.0
a703b3780f60	0.2623129151112843	0.40435726148239093	0.5035702701553654	0.48439773495838523	0.4250508182313436	0.07692307692307693	0.007246376811594203	0.04838709677419355	1.0	0	1.0
30b89717bac5	0.0	0.0	0.03639918008035379	0.0	0.0631771468021822	0.0392156862745098	0.038461538461538464	0.14516129032258063	0.6129557746355119	1	1.0
fc2f87a798bb	0.11297202341832605	0.14167841682498472	0.26665833602805705	0.23691208862286453	0.22648770218837871	0.027777777777777776	0.014925373134328358	0.016129032258064516	0.830124569620279	0	1.0
e8451ed3f7b0	0.22594404683665206	0.17877825722756366	0.2569438484539261	0.2431056809714042	0.1633105553861965	0.02702702702702703	0.043478260869565216	0.016129032258064516	1.0	0	1.0
04b13382be1d	0.14934089169295822	0.2598444173170428	0.2733111142076621	0.2643266520013773	0.14669279211481012	0.012738853503184714	0.006802721088435374	0.06451612903225806	0.830124569620279	0	0.5
8559551465d2	0.9771239714375873	0.9192997660272638	0.9469898526770555	0.9469904702302598	0.0	0.056603773584905655	0.016666666666666666	0.6612903225806452	0.36443642292332173	1	1.0
6d1de89ec39b	0.11297202341832605	0.17877825722756366	0.16803434660440356	0.1444816272328475	0.1263542936043644	0.057971014492753624	0.03571428571428571	0.25806451612903225	1.0	1	0.1
7012373d248c	0.14934089169295822	0.38951777658204884	0.4696040689005133	0.4676632944921593	0.2002668171680286	0.034090909090909095	0.012345679012345678	0.3225806451612903	0.4819920873588857	0	1.0
b52bd8327a6e	0.22594404683665206	0.3149681328686091	0.4620979084942046	0.4586399177067642	0.2405378208388442	0.05263157894736842	0.02	0.016129032258064516	1.0	0	1.0
78494d510c1b	0.06608439733031304	0.17877825722756366	0.3311559610431165	0.2569440160127405	0.34896288456876257	0.012578616352201259	0.013513513513513514	0.06451612903225806	0.830124569620279	0	1.0
1dc57e0d99c1	0.17905642074863906	0.3356461218611724	0.4156293757040912	0.40445193483653896	0.29338558422962024	0.016666666666666666	0.01020408163265306	0.016129032258064516	0.830124569620279	0	0.3333333333333333
ec9db3d2acf6	0.0	0.08938912861378186	0.16084879876695327	0.15303776336186264	0.0631771468021822	0.022222222222222223	0.04	0.016129032258064516	1.0	1	1.0
e1dddf1ea9a0	0.14934089169295822	0.40435726148239093	0.4874000877384375	0.4696043751398006	0.40275680202390485	0.02631578947368421	0.027777777777777776	0.016129032258064516	1.0	0	1.0
022463076c19	0.14934089169295822	0.45664654969359386	0.5289012897711829	0.4731345081758211	0.5302026698294051	0.01694915254237288	0.010638297872340425	0.016129032258064516	0.830124569620279	0	1.0
2c6d217d573a	0.06608439733031304	0.16155788157855885	0.2889630660264346	0.285298603503014	0.1001334085840143	0.025974025974025976	0.013888888888888888	0.16129032258064516	0.830124569620279	0	0.5
d7a3a55ba8db	0.06608439733031304	0.33077908189246075	0.4432970903671096	0.4416739811001098	0.1633105553861965	0.02631578947368421	0.021739130434782608	0.17741935483870966	0.830124569620279	0	1.0
9362087a438a	0.17905642074863906	0.39862470650273474	0.59387348393237	0.3899498519847272	0.6562852930198558	0.06666666666666667	0.02127659574468085	0.016129032258064516	1.0	0	1.0
3b40ebb75bbe	0.0	0.0	0.2302591559477033	0.17468723870137876	0.2337832233056255	0.02040816326530612	0.029411764705882353	0.016129032258064516	0.830124569620279	0	1.0
ebd3b0ceb37a	0.880917600506931	0.7961791889997339	0.8423923572835764	0.8376743442782604	0.6476594091957418	0.023809523809523808	0.007751937984496124	0.016129032258064516	0.6129557746355119	0	1.0
0a2fb38ec08a	0.3171525659982445	0.4071307286455093	0.5295191271986214	0.4931202686927836	0.5010413570247582	0.023809523809523808	0.007142857142857143	0.016129032258064516	0.830124569620279	0	1.0
9ca825acc305	0.11297202341832605	0.19396770503618765	0.2795047025172246	0.2619326039277545	0.2002668171680286	0.01694915254237288	0.010752688172043012	0.016129032258064516	0.830124569620279	0	0.2
917b620b06b0	0.06608439733031304	0.2310675454387666	0.4156293757040912	0.37611151694339084	0.3922955468416446	0.025974025974025976	0.01282051282051282	0.16129032258064516	0.830124569620279	0	1.0
a5aa40c05edd	0.5000440855239167	0.6395629561582741	0.7075388559908385	0.7074545233159374	0.1633105553861965	0.013986013986013986	0.006666666666666667	0.06451612903225806	0.830124569620279	0	1.0
26fa6b6d64a8	0.2623129151112843	0.2310675454387666	0.3253622461067884	0.2666585099219055	0.3291184000394623	0.037037037037037035	0.006896551724137931	0.016129032258064516	1.0	0	0.25
622b14c530f6	0.4050004675852912	0.4741003394381032	0.5900031618668092	0.589436765824515	0.20986993891699235	0.1	0.006993006993006993	0.016129032258064516	0.6129557746355119	0	1.0
9de8383ec493	0.22594404683665206	0.20755512910583993	0.40039351465970996	0.38075018992863535	0.3240534661514722	0.05309734513274337	0.037037037037037035	0.29032258064516125	0.830124569620279	1	1.0
19bcb5a6573d	0.11297202341832605	0.28335683364996944	0.32772478834659746	0.28714962748127176	0.30691337849138584	0.013245033112582781	0.011627906976744186	0.06451612903225806	0.830124569620279	0	1.0
1d2c3fca8353	0.14934089169295822	0.17877825722756366	0.2907407760749784	0.2733112924399355	0.20986993891699235	0.028846153846153848	0.019230769230769232	0.0967741935483871	0.7326214192552911	1	1.0
02f4dd6a2c74	0.3171525659982445	0.3653747416205808	0.5132257170013834	0.5060035789568714	0.3528419957927431	0.025	0.008064516129032258	0.016129032258064516	0.830124569620279	0	1.0
2250f3fb4c63	0.06608439733031304	0.08938912861378186	0.2110863048643623	0.1972481074771134	0.1263542936043644	0.018867924528301886	0.00847457627118644	0.016129032258064516	0.830124569620279	0	0.5
3bede0725dfe	0.0	0.052289288211202906	0.1530376635625889	0.15303776336186264	0.0	0.10505836575875485	0.07142857142857142	1.0	1.0	1	0.3333333333333333
5a18a349e23d	0.11297202341832605	0.35346216255331403	0.4908755446209372	0.4263490558017981	0.5010413570247582	0.037037037037037035	0.006578947368421052	0.016129032258064516	1.0	0	1.0
ceb09c1870da	0.2778469664164643	0.41250489177089955	0.5738115004633308	0.5314684550550342	0.5568295481998311	0.015873015873015872	0.009900990099009901	0.016129032258064516	0.830124569620279	0	1.0
aea5068169a4	0.11297202341832605	0.3356461218611724	0.41779264722087933	0.37542884078350797	0.3994013793235389	0.043478260869565216	0.009174311926605505	0.04838709677419355	1.0	0	1.0
cdba21b47239	0.14934089169295822	0.20755512910583993	0.32655128897148417	0.3265515019228631	0.0	0.027777777777777776	0.0125	0.016129032258064516	1.0	0	1.0
8f4d5b726d43	0.3669249431097742	0.43425068797676647	0.5346640009345005	0.5152697184056029	0.4573017588299519	0.058823529411764705	0.03225806451612903	0.016129032258064516	1.0	0	1.0
b18dcbf17740	0.0	0.0	0.0	0.0	0.0	0.0	0.0	0.0	0.0	0	0.0
efe0d828766c	0.0	0.14167841682498472	0.37193510363131554	0.3111242496074288	0.37762749120469064	0.04477611940298508	0.008403361344537815	0.11290322580645161	0.7326214192552911	0	1.0
72708eba14b8	0.06608439733031304	0.19396770503618765	0.33971209159248816	0.2619326039277545	0.3601375169099899	0.03125	0.006622516556291391	0.016129032258064516	1.0	0	1.0
f2c594676f5d	0.0	0.3032362984035436	0.342721471388412	0.2814779638261902	0.34896288456876257	0.05263157894736842	0.047619047619047616	0.04838709677419355	1.0	0	1.0
74a7ac1e7541	0.38323696332855756	0.4585021392981806	0.5868731402467455	0.5866782967522381	0.1263542936043644	0.06153846153846154	0.0136986301369863	0.1935483870967742	0.830124569620279	0	1.0
15fab9719250	0.0	0.08938912861378186	0.25166165298624243	0.24604927197391604	0.1001334085840143	0.038461538461538464	0.013333333333333334	0.03225806451612903	1.0	0	1.0
bc4910456f73	0.06608439733031304	0.3830683701036636	0.4515895748419317	0.44981215812573744	0.17736067403666203	0.02564102564102564	0.020833333333333332	0.03225806451612903	0.830124569620279	0	1.0
90a6b7e5ae8f	0.5516020649158329	0.6325903795807941	0.6808274294004435	0.662564481899962	0.600298962721006	0.017543859649122806	0.00980392156862745	0.016129032258064516	0.830124569620279	0	1.0
cf0d857f3696	0.06608439733031304	0.2310675454387666	0.4097480361401522	0.406414231160602	0.1895314404065466	0.08333333333333333	0.007407407407407408	0.04838709677419355	1.0	0	1.0
0a031da99b41	0.11297202341832605	0.19396770503618765	0.33659831966454223	0.32888335984339123	0.1895314404065466	0.0625	0.007352941176470588	0.04838709677419355	1.0	0	1.0
bbbbb1aa15b5	0.14934089169295822	0.37274596226375134	0.4489096318335495	0.444891941487754	0.2405378208388442	0.02666666666666667	0.017857142857142856	0.16129032258064516	0.830124569620279	0	1.0
3ed00e38a873	0.0	0.14167841682498472	0.1808807130935711	0.18088083104991842	0.0	0.058823529411764705	0.02857142857142857	0.016129032258064516	1.0	0	1.0
3dab3ccdddf8	0.06608439733031304	0.21984644927517105	0.31388646232954215	0.24889939968594305	0.3240534661514722	0.02631578947368421	0.02631578947368421	0.016129032258064516	0.830124569620279	0	1.0
870bdb7ff9c8	0.11297202341832605	0.2413899532786789	0.35384141113454926	0.346583429312739	0.2002668171680286	0.031545741324921134	0.008130081300813009	0.8870967741935485	0.24307555138436987	0	1.0
07de5a904de1	0.14934089169295822	0.16155788157855885	0.32169759753390653	0.3097104962570064	0.20986993891699235	0.04109589041095891	0.008333333333333333	0.11290322580645161	0.7326214192552911	0	1.0
b80cd8d87227	0.06608439733031304	0.16155788157855885	0.41021438224790097	0.36528256366046225	0.3959176932594214	0.038461538461538464	0.025	0.016129032258064516	1.0	1	1.0
5cf653731d0a	0.0	0.2413899532786789	0.37678879506889323	0.3333728694339155	0.3601375169099899	0.038461538461538464	0.007575757575757576	0.016129032258064516	1.0	0	1.0
eba8a42a4c90	0.0	0.08938912861378186	0.29913674347060804	0.22673840454420918	0.315885734010911	0.02702702702702703	0.008	0.016129032258064516	1.0	0	0.3333333333333333
c8e6d9debe86	0.11297202341832605	0.20755512910583993	0.3916815759881601	0.38877635184434883	0.1633105553861965	0.06802721088435375	0.125	0.40322580645161293	0.830124569620279	1	1.0
737052fdf35b	0.3171525659982445	0.2413899532786789	0.42712267414803223	0.42398651202132265	0.2002668171680286	0.024390243902439025	0.015873015873015872	0.016129032258064516	0.830124569620279	0	1.0
fe15228c9896	0.11297202341832605	0.3797185388412312	0.45362003285944397	0.44799853114131427	0.2730470857191745	0.025974025974025976	0.014492753623188406	0.16129032258064516	0.830124569620279	0	0.25
f084174cf4ce	0.557035373968769	0.6119123905882309	0.5998624031791463	0.5319491602593552	0.6145822586378903	0.014705882352941176	0.008849557522123894	0.016129032258064516	0.7326214192552911	0	1.0
7cce58411eaf	0.3669249431097742	0.5618466273312274	0.5960124145389949	0.5817232063537975	0.49405659432784127	0.027777777777777776	0.024390243902439025	0.016129032258064516	1.0	0	1.0
dfd114b082c8	0.0	0.14167841682498472	0.1808807130935711	0.17468723870137876	0.0631771468021822	0.07692307692307693	0.0078125	0.016129032258064516	1.0	0	1.0
946fd0cc791b	0.0	0.052289288211202906	0.03639918008035379	0.0	0.0631771468021822	0.0449438202247191	0.01694915254237288	0.1935483870967742	0.830124569620279	0	1.0
8d3383935a74	0.20418054257991852	0.3448615593629846	0.41736414319077336	0.3972250415423424	0.34281592499532165	0.043478260869565216	0.013157894736842105	0.03225806451612903	0.7326214192552911	0	1.0
df30ea9c92a5	0.0	0.052289288211202906	0.21526247290588865	0.16084890366004248	0.21855701922275933	0.017241379310344827	0.011764705882352941	0.016129032258064516	0.830124569620279	0	1.0
8870deb3cd89	0.7192163022763876	0.7432839736633603	0.733626838882853	0.6902862430604149	0.720577898491306	0.030581039755351678	0.008547008547008548	0.8870967741935485	0.24307555138436987	0	0.25
56c7fe06d640	0.17905642074863906	0.3149681328686091	0.37193510363131554	0.3555680697512972	0.28173416602494156	0.029411764705882353	0.006535947712418301	0.016129032258064516	1.0	0	1.0
d0bc44447e65	0.5673870541888975	0.6874022177069344	0.6181220070797211	0.5580739452023848	0.6254131255667121	0.022727272727272728	0.00909090909090909	0.016129032258064516	0.6129557746355119	0	1.0
a50cdaf71385	0.0	0.17877825722756366	0.2834084229327595	0.2431056809714042	0.2634439639702108	0.046875	0.008264462809917356	0.11290322580645161	0.7326214192552911	0	1.0
ff7dbfba4a51	0.3669249431097742	0.16155788157855885	0.4290287207786332	0.36295070573993404	0.4400783763444305	0.023255813953488372	0.02040816326530612	0.016129032258064516	1.0	1	1.0
a90ae029cad6	0.06608439733031304	0.11816600049205804	0.1746871247840085	0.16084890366004248	0.1001334085840143	0.08733624454148473	0.3333333333333333	0.8870967741935485	0.7326214192552911	1	0.06666666666666667
1f74053488c5	0.11297202341832605	0.3403361388061225	0.3916815759881601	0.3417297347099609	0.3845885335745019	0.036458333333333336	0.03333333333333333	0.4193548387096774	0.7326214192552911	0	0.5
313ca82fe335	0.0	0.0	0.0	0.0	0.0	0.0	0.0	0.0	0.0	0	0.0
6cd3cdf49d80	0.22594404683665206	0.42016821050624265	0.4476923735378234	0.4251755556614198	0.3818675746089558	0.027586206896551724	0.011363636363636364	0.1935483870967742	0.830124569620279	0	1.0
3d8c257c8ac6	0.3283973124415973	0.4850490780504972	0.45419182730123314	0.3928181944644745	0.46085332591897055	0.017699115044247787	0.009615384615384616	0.03225806451612903	1.0	0	1.0
416a2e21be06	0.2623129151112843	0.3653747416205808	0.5205928046860592	0.5164169734113397	0.31299198758814106	0.03125	0.023255813953488372	0.016129032258064516	1.0	0	0.5
a18a8443ca29	0.11297202341832605	0.052289288211202906	0.1746871247840085	0.16084890366004248	0.1001334085840143	0.047619047619047616	0.009345794392523364	0.04838709677419355	1.0	0	1.0
ee444a04dcc1	0.14934089169295822	0.3032362984035436	0.3322711483513144	0.3082741218954018	0.2730470857191745	0.01639344262295082	0.010101010101010102	0.016129032258064516	0.830124569620279	0	1.0
d01c9a7b8d5b	0.0	0.052289288211202906	0.2460491115198026	0.2021018020798915	0.2337832233056255	0.045454545454545456	0.02564102564102564	0.04838709677419355	1.0	0	1.0
1c6ed0c751b3	0.0	0.052289288211202906	0.240062131871887	0.1972481074771134	0.22648770218837871	0.08733624454148473	0.14285714285714285	0.8870967741935485	0.7326214192552911	1	0.125
0bfbad79b7bd	0.06608439733031304	0.20755512910583993	0.2733111142076621	0.23025930610483455	0.25823423997013745	0.04666666666666667	0.022222222222222223	0.6451612903225806	0.830124569620279	1	1.0
8c31110375c5	0.913657041496575	0.829080634531919	0.8781007659745617	0.8689093554294399	0.7424025860712729	0.04366812227074236	0.006944444444444444	0.5322580645161291	0.4819920873588857	0	1.0
8158aadd04cf	0.0	0.052289288211202906	0.2889630660264346	0.2619326039277545	0.2405378208388442	0.0136986301369863	0.012048192771084338	0.016129032258064516	0.830124569620279	0	1.0
2ab7ae4404f5	0.0	0.08938912861378186	0.16803434660440356	0.15303776336186264	0.1001334085840143	0.1	0.1	0.04838709677419355	1.0	1	1.0
9506818a964f	0.06608439733031304	0.16155788157855885	0.1350231695040073	0.12444969984297151	0.0631771468021822	0.017241379310344827	0.008771929824561403	0.016129032258064516	0.7326214192552911	0	1.0
917a3b0e6eb2	0.0	0.052289288211202906	0.03639918008035379	0.0	0.0631771468021822	0.035398230088495575	0.017241379310344827	0.1935483870967742	0.830124569620279	0	1.0
be3686c05545	0.17905642074863906	0.19396770503618765	0.29913674347060804	0.2941941407259178	0.1263542936043644	0.08928571428571429	0.034482758620689655	0.08064516129032258	0.7326214192552911	1	1.0
d5e354ff2378	0.0	0.28335683364996944	0.38392240687720625	0.3826670915662682	0.1001334085840143	0.047058823529411764	0.014285714285714285	0.1935483870967742	0.830124569620279	0	1.0
dabaacb8e0c2	0.11297202341832605	0.19396770503618765	0.4064139661289901	0.4059276636691618	0.0631771468021822	0.014285714285714285	0.018518518518518517	0.016129032258064516	0.5368943496508024	0	1.0
