revisions	files	functions	lines	addLines	deleteLines	pos	time	rf	ibf	isComponent	distance
622b14c530f6	0.4050004675852912	0.4741003394381032	0.5900031618668092	0.589436765824515	0.20986993891699235	0.017241379310344827	0.125	1.0	0.6129557746355119	0	1.0
ca35534e4f25	0.0	0.052289288211202906	0.11246231544070878	0.0986240537385567	0.0631771468021822	0.01818181818181818	1.0	1.0	0.830124569620279	0	0.5
a6b6e3cf36a4	0.8805509317854763	1.0	1.0	1.0	0.0631771468021822	0.020833333333333332	0.16666666666666666	1.0	0.19649904201920165	0	1.0
8559551465d2	0.9771239714375873	0.9192997660272638	0.9469898526770555	0.9469904702302598	0.0	0.01818181818181818	0.3333333333333333	1.0	0.36443642292332173	1	1.0
313ca82fe335	0.0	0.0	0.0	0.0	0.0	0.0	0.0	0.0	0.0	0	0.0
abfdb8bc2994	0.24514081807895213	0.3492335459308247	0.49849708857455843	0.4974474428278563	0.17736067403666203	1.0	0.25	1.0	1.0	0	1.0
afa073274618	0.7661039283644008	0.8441891019595081	0.8869796960717886	0.8733079103306942	0.7853700477380463	0.022727272727272728	0.1111111111111111	1.0	0.5074949309557394	0	1.0
7c420c87f4d0	0.17905642074863906	0.16155788157855885	0.2795047025172246	0.268931327075819	0.1633105553861965	0.3333333333333333	0.5	1.0	1.0	1	1.0
5bafad827a5e	0.3669249431097742	0.43645520751459366	0.5194980176560676	0.5061634569731308	0.4111438973422875	0.01694915254237288	0.14285714285714285	1.0	0.5714147953641597	0	1.0
