revisions	files	functions	lines	addLines	deleteLines	pos	time	rf	ibf	isComponent	distance
5f26d9639e6f	0.0	0.0	0.1808807130935711	0.1350232575556277	0.17736067403666203	0.125	0.14285714285714285	1.0	0.830124569620279	0	1.0
ecf4de06fa4a	0.0	0.11816600049205804	0.27748728224918834	0.22673840454420918	0.2730470857191745	0.25	1.0	1.0	0.830124569620279	1	1.0
313ca82fe335	0.0	0.0	0.0	0.0	0.0	0.0	0.0	0.0	0.0	0	0.0
96c97f4383ba	0.3752849385296103	0.45476387023436265	0.5694991793680992	0.5463167192265621	0.5068303090248001	0.3333333333333333	0.3333333333333333	1.0	0.830124569620279	1	0.5
db69f4838f48	0.0	0.052289288211202906	0.36830013646847753	0.30681439083211687	0.3746870634203937	0.16666666666666666	0.2	1.0	1.0	1	1.0
8cf91fc3daef	0.3752849385296103	0.45091399471393756	0.6112075972169315	0.5751551139197861	0.5830504332201811	0.5	0.5	1.0	0.830124569620279	1	1.0
159349529104	0.6889070232819202	0.6600228926460963	0.6876805194201197	0.648249309242948	0.6671716977469443	1.0	0.125	1.0	0.830124569620279	1	1.0
5bafad827a5e	0.3669249431097742	0.43645520751459366	0.5194980176560676	0.5061634569731308	0.4111438973422875	0.1111111111111111	0.1111111111111111	1.0	0.5714147953641597	0	1.0
d5cf289f9e98	0.22594404683665206	0.28335683364996944	0.40039351465970996	0.34937447740275757	0.3947262337262186	0.2	0.25	1.0	0.830124569620279	1	1.0
