revisions	files	functions	lines	addLines	deleteLines	pos	time	rf	ibf	isComponent	distance
4f31df7b30bb	0.4518880936733042	0.4707934594675118	0.5224771316400801	0.4671713947276991	0.5231554705797604	0.25	0.14285714285714285	1.0	1.0	0	1.0
93ecb234ad40	0.5543413592782493	0.6572913873004699	0.7475267129334384	0.7462037101757296	0.43786421022257593	0.045454545454545456	0.05263157894736842	1.0	0.7885809236536335	0	1.0
a6b6e3cf36a4	0.8805509317854763	1.0	1.0	1.0	0.0631771468021822	0.25	0.05	1.0	0.0	0	1.0
794bb4ee379b	0.06608439733031304	0.28335683364996944	0.37611127167284186	0.33227136503274113	0.3601375169099899	0.06666666666666667	0.5	1.0	0.7885809236536335	0	1.0
44a4cf43ec91	0.5459813638584133	0.5213969556662159	0.5879072357574254	0.4747355706819476	0.6297919254157326	0.16666666666666666	0.08333333333333333	1.0	1.0	1	0.14285714285714285
ac8b09b99c40	0.0	0.11816600049205804	0.1808807130935711	0.16803445618334878	0.1001334085840143	0.05555555555555555	0.16666666666666666	1.0	0.4666027459221992	0	1.0
ba9fd7dd4576	0.7396159142397352	0.747270728626659	0.7823707068483857	0.7575343746537336	0.7281185971906504	0.14285714285714285	0.125	1.0	0.7885809236536335	1	1.0
8870deb3cd89	0.7192163022763876	0.7432839736633603	0.733626838882853	0.6902862430604149	0.720577898491306	0.041666666666666664	0.0625	1.0	0.05796696183438936	0	0.25
7620cf8ef36f	0.3669249431097742	0.43862267454460646	0.4841936246057054	0.4120561806379748	0.5010413570247582	0.125	0.06666666666666667	1.0	0.6672330280518488	0	0.5
5f4434682020	0.4116538068042425	0.4707934594675118	0.6353949478831278	0.6068404221089561	0.5899243096854525	0.1	0.09090909090909091	1.0	1.0	0	1.0
c48142fbb8bd	0.0	0.0	0.1921167866513249	0.18088083104991842	0.1001334085840143	0.07692307692307693	0.07692307692307693	1.0	1.0	0	1.0
89f71cf3d34d	0.0	0.0	0.16803434660440356	0.16084890366004248	0.0631771468021822	0.1111111111111111	0.2	1.0	1.0	0	1.0
6e1cdc178209	0.06608439733031304	0.052289288211202906	0.21526247290588865	0.1921169119349664	0.1633105553861965	0.125	0.05555555555555555	1.0	1.0	1	0.2
c9f7c16a0b71	0.06608439733031304	0.16155788157855885	0.223073608110253	0.18088083104991842	0.20986993891699235	0.07142857142857142	0.1	1.0	0.7885809236536335	0	1.0
eaf43055f658	0.816110086311535	0.7015815654631168	0.7270539814176639	0.653475242730424	0.7484385369017538	0.25	0.07142857142857142	1.0	1.0	0	0.25
20e740a2b4f2	0.0	0.14167841682498472	0.30827392086310235	0.29248415602632033	0.21855701922275933	0.2	0.045454545454545456	1.0	1.0	1	1.0
1521cdc53e31	0.0	0.16155788157855885	0.33971209159248816	0.32044224164478247	0.2634439639702108	0.1	0.1111111111111111	1.0	1.0	0	1.0
7606620a81fa	0.14934089169295822	0.20755512910583993	0.3165664053379244	0.3082741218954018	0.17736067403666203	0.0625	1.0	1.0	0.5183027207122042	0	1.0
b612a6628984	0.11297202341832605	0.11816600049205804	0.3529655854182781	0.31656661177793793	0.3240534661514722	0.125	0.047619047619047616	1.0	1.0	0	1.0
b6c862445c1f	0.20418054257991852	0.17877825722756366	0.2711478426908739	0.2543417618564522	0.1895314404065466	0.125	0.038461538461538464	1.0	0.7885809236536335	0	0.2
baf63f6cd06c	0.0	0.11816600049205804	0.21526247290588865	0.2067064771543332	0.1001334085840143	0.14285714285714285	0.25	1.0	1.0	1	0.02631578947368421
9280ba0cf471	0.14934089169295822	0.20755512910583993	0.43089513777496785	0.36136178846583605	0.445044721411138	0.14285714285714285	0.04	1.0	1.0	1	0.25
219a0ffbcdf1	0.20418054257991852	0.39862470650273474	0.47894233684149795	0.47336498707623875	0.29696037010780774	0.05263157894736842	0.3333333333333333	1.0	0.5827025282714229	0	1.0
870bdb7ff9c8	0.11297202341832605	0.2413899532786789	0.35384141113454926	0.346583429312739	0.2002668171680286	0.043478260869565216	0.058823529411764705	1.0	0.05796696183438936	0	1.0
63323195bc5c	0.0	0.0	0.03639918008035379	0.036399203817070964	0.0	0.14285714285714285	0.043478260869565216	1.0	1.0	1	0.022222222222222223
8c31110375c5	0.913657041496575	0.829080634531919	0.8781007659745617	0.8689093554294399	0.7424025860712729	0.14285714285714285	0.037037037037037035	1.0	0.3553113938496469	1	0.5
1610e23ca92b	0.11297202341832605	0.16155788157855885	0.4369654983042203	0.4177929196727829	0.35836764855415176	0.14285714285714285	0.041666666666666664	1.0	1.0	1	0.07692307692307693
