revisions	files	functions	lines	addLines	deleteLines	pos	time	rf	ibf	isComponent	distance
6693b8d08a23	0.3655177042690685	0.38951777658204884	0.35556783787757956	0.29913693854435036	0.3553752131197327	0.07692307692307693	0.0625	1.0	0.8187919729325676	1	0.1
8d1574ecf86f	0.2502097067288244	0.41250489177089955	0.4806564017800665	0.47630857807875054	0.27656989967914497	0.3333333333333333	0.14285714285714285	1.0	1.0	1	0.2
5c7728ec39e9	0.2502097067288244	0.29694425771962174	0.41113986904127436	0.40974830334598555	0.12593347568408456	0.14285714285714285	0.045454545454545456	1.0	1.0	1	0.5
a6b6e3cf36a4	0.8987584855447378	1.0	1.0	1.0	0.06296673784204228	0.1	0.030303030303030304	1.0	0.22080093635368098	0	1.0
dcbd64e32a97	0.28359213503222813	0.33077908189246075	0.3704987302064021	0.3178771676432612	0.36567019493289504	0.3333333333333333	0.16666666666666666	1.0	1.0	1	1.0
acb14eef2d73	0.11530799754024412	0.32045667405254846	0.3893647654986319	0.3407266909519464	0.37920885527131615	0.06666666666666667	0.034482758620689655	1.0	0.7154089371698258	0	0.5
c80cd7e4766e	0.3351877336481858	0.3830683701036636	0.5656305122227715	0.5194983564323117	0.5527268813726799	0.07142857142857142	0.2	1.0	1.0	0	1.0
5ce45211b6f9	0.28359213503222813	0.25094701019234067	0.3502856424098959	0.3253624582827659	0.29240847527769037	0.08333333333333333	0.05	1.0	1.0	1	0.3333333333333333
dfd114b082c8	0.0	0.14167841682498472	0.1808807130935711	0.17468723870137876	0.06296673784204228	0.06666666666666667	0.03125	1.0	0.7154089371698258	0	0.034482758620689655
4b361b475588	0.42016576056754723	0.5044993868254617	0.6118989097279184	0.5794221414078315	0.5740264402851248	0.3333333333333333	0.05263157894736842	1.0	1.0	1	1.0
8ef075998349	0.3351877336481858	0.3492335459308247	0.42827115152452777	0.36136178846583605	0.43861271291653564	0.125	0.3333333333333333	1.0	1.0	1	0.125
622b14c530f6	0.4133748472150225	0.4741003394381032	0.5900031618668092	0.589436765824515	0.2091709754808875	0.07142857142857142	0.02857142857142857	1.0	0.7154089371698258	0	0.25
596c7f7d38d8	0.11530799754024412	0.11816600049205804	0.2302591559477033	0.21526261328334842	0.14620423763884519	0.07692307692307693	0.07692307692307693	1.0	1.0	1	0.16666666666666666
8bf899308b10	0.11530799754024412	0.2903294102274493	0.3972247825032021	0.3851609042166359	0.28079586165524895	0.16666666666666666	0.041666666666666664	1.0	1.0	1	0.5
6e32694947ef	0.11530799754024412	0.16155788157855885	0.19724797884730702	0.17468723870137876	0.14620423763884519	0.08333333333333333	0.5	1.0	1.0	1	1.0
bfbb751b447e	0.3113822963769906	0.43645520751459366	0.5086831919892493	0.478942649170478	0.46328104823397953	0.125	0.25	1.0	1.0	1	1.0
5150ba1ade8a	0.3351877336481858	0.37627936829392306	0.4403535012841779	0.4106785860999806	0.3945991052199749	0.08333333333333333	0.058823529411764705	1.0	1.0	1	0.3333333333333333
f15277be8b1c	0.42669029391723473	0.37274596226375134	0.5071164607072851	0.4413457486232843	0.5169224979000296	0.1	0.03225806451612903	1.0	0.4308178743396518	0	0.0625
89cc8dfb1b14	0.11530799754024412	0.2759856130067989	0.3386861212955405	0.29587216121567017	0.3203409390061417	0.02702702702702703	0.07142857142857142	1.0	0.4308178743396518	0	0.2
f8d5939286bd	0.0	0.21984644927517105	0.26665833602805705	0.23364731129418437	0.23300461763247096	0.16666666666666666	0.1	1.0	1.0	1	0.3333333333333333
e362b7085285	0.0	0.11816600049205804	0.1746871247840085	0.15303776336186264	0.12593347568408456	0.02702702702702703	0.09090909090909091	1.0	0.4308178743396518	0	0.5
157b3680f06d	0.20840247690696634	0.3356461218611724	0.4778541850473909	0.4156296467452772	0.48399386361786545	0.16666666666666666	0.043478260869565216	1.0	1.0	1	0.3333333333333333
dc96b968471d	0.3655177042690685	0.43645520751459366	0.46692412589213106	0.4461475071630565	0.3934116137950853	0.3333333333333333	0.125	1.0	1.0	1	0.5
1f630f395867	0.4448560630964787	0.4894710399154403	0.669220824330759	0.5982166066035673	0.685340711704786	0.07692307692307693	0.038461538461538464	1.0	1.0	1	0.5
313ca82fe335	0.0	0.0	0.0	0.0	0.0	0.0	0.0	0.0	0.0	0	0.0
cdaabc6064f9	0.4612319901609765	0.5478912679119624	0.5457014877914969	0.46492386887762993	0.5679342048350258	0.07692307692307693	0.04	1.0	1.0	1	1.0
4f5bd7469d77	0.20840247690696634	0.29694425771962174	0.4512957237649573	0.4507054140768145	0.09979991827237679	0.06666666666666667	0.03333333333333333	1.0	0.7154089371698258	0	0.3333333333333333
49b3fb3e803c	0.15242888151365158	0.20755512910583993	0.240062131871887	0.18667454976445727	0.23973671924881043	0.08333333333333333	1.0	1.0	1.0	1	0.5
96cecf60c242	0.06745085459429015	0.19396770503618765	0.22673825668313485	0.21108644251844974	0.14620423763884519	0.07692307692307693	0.06666666666666667	1.0	1.0	1	0.3333333333333333
7e8b6d8afbd6	0.3655177042690685	0.35346216255331403	0.37678879506889323	0.3253624582827659	0.37041084270747926	0.2	0.1111111111111111	1.0	1.0	1	0.3333333333333333
7012373d248c	0.15242888151365158	0.38951777658204884	0.4696040689005133	0.4676632944921593	0.19959983654475358	0.1	0.03571428571428571	1.0	0.3922380768833969	0	0.14285714285714285
023917873c1a	0.11530799754024412	0.21984644927517105	0.36977183211452735	0.3589244039287109	0.246004155911222	0.08333333333333333	0.047619047619047616	1.0	1.0	1	0.2
7a1b3683b834	0.7019331503252217	0.722456260133335	0.5635475551142567	0.5469274119381303	0.4722408298276872	0.07692307692307693	0.08333333333333333	1.0	0.7154089371698258	1	0.25
8434ada9d206	0.2677368790538957	0.4757225149471854	0.5778542861715955	0.5272750685488992	0.5713690866267431	0.16666666666666666	0.05555555555555555	1.0	1.0	1	0.25
5bafad827a5e	0.37451201773104414	0.43645520751459366	0.5194980176560676	0.5061634569731308	0.40977459903923913	0.06666666666666667	0.029411764705882353	1.0	0.7154089371698258	0	1.0
