revisions	files	functions	lines	addLines	deleteLines	pos	time	rf	ibf	isComponent	distance
e6b147f1f8f0	0.0	0.25094701019234067	0.2711478426908739	0.17468723870137876	0.3027034570908527	0.5	0.02040816326530612	1.0	1.0	0	0.125
4a9e97a78e16	0.11530799754024412	0.16155788157855885	0.30827392086310235	0.30681439083211687	0.06296673784204228	0.014285714285714285	0.07142857142857142	1.0	1.0	0	0.04
61b5a8855c0b	0.2502097067288244	0.26816738584134553	0.3111240467164987	0.2907409656735231	0.23973671924881043	0.14285714285714285	0.016129032258064516	1.0	1.0	0	0.3333333333333333
5c3718022bbe	0.06745085459429015	0.16155788157855885	0.23691193412730824	0.23691208862286453	0.0	0.05555555555555555	0.1	1.0	0.8187919729325676	0	0.2
18c67f102f36	0.06745085459429015	0.19396770503618765	0.3022869412151867	0.2754236600741	0.2518669513681691	0.07692307692307693	0.03125	1.0	0.7154089371698258	0	0.04
ff3de058c18b	0.0	0.08938912861378186	0.2619324331157728	0.21108644251844974	0.25737420116409937	0.015873015873015872	0.25	1.0	1.0	0	0.1111111111111111
33462ce6832a	0.0	0.32045667405254846	0.3520811307382998	0.28340860774971316	0.3640333614520519	0.05555555555555555	0.14285714285714285	1.0	0.643801399345027	0	0.07692307692307693
2ccd83e5265e	0.0	0.0	0.1866744280298992	0.1350232575556277	0.18890021352612682	0.09090909090909091	0.045454545454545456	1.0	1.0	0	0.02040816326530612
84cc747facfe	0.11530799754024412	0.19396770503618765	0.3253622461067884	0.31656661177793793	0.18890021352612682	0.014285714285714285	0.16666666666666666	1.0	1.0	0	0.2
66cb4688e5d5	0.15242888151365158	0.2310675454387666	0.44200072958902353	0.4059276636691618	0.4107674154833625	0.09090909090909091	0.041666666666666664	1.0	1.0	0	0.037037037037037035
550c28636667	0.06745085459429015	0.052289288211202906	0.11246231544070878	0.0986240537385567	0.06296673784204228	0.09090909090909091	0.2	1.0	1.0	0	0.03225806451612903
8adbfdfdc561	0.06745085459429015	0.21984644927517105	0.25434159599462464	0.24889939968594305	0.09979991827237679	0.25	0.1111111111111111	1.0	1.0	0	0.034482758620689655
0da9e77846b8	0.15242888151365158	0.4469456430689092	0.5043886115000714	0.44068566121983893	0.5121982896007596	0.25	0.047619047619047616	1.0	0.7154089371698258	0	1.0
d31f25ca302d	0.0	0.17877825722756366	0.240062131871887	0.18667454976445727	0.23973671924881043	0.015873015873015872	0.024390243902439025	1.0	0.5462100471445852	0	0.2
e362b7085285	0.0	0.11816600049205804	0.1746871247840085	0.15303776336186264	0.12593347568408456	0.02	0.06666666666666667	1.0	0.4308178743396518	0	0.5
cda6af679d60	0.06745085459429015	0.19396770503618765	0.28147778026825165	0.24889939968594305	0.246004155911222	0.25	0.02564102564102564	1.0	1.0	0	0.16666666666666666
3915a9571923	0.0	0.0	0.03639918008035379	0.0	0.06296673784204228	0.07692307692307693	0.03571428571428571	1.0	0.7154089371698258	0	0.021739130434782608
e92edc1d7133	0.0	0.08938912861378186	0.2302591559477033	0.22673840454420918	0.06296673784204228	0.25	0.05	1.0	1.0	0	0.1
a2f850ca3673	0.0	0.052289288211202906	0.1350231695040073	0.0986240537385567	0.12593347568408456	0.014285714285714285	0.043478260869565216	1.0	1.0	0	0.16666666666666666
906c114f6a37	0.20840247690696634	0.25094701019234067	0.36903900009503976	0.36373474113755194	0.18890021352612682	0.014285714285714285	0.030303030303030304	1.0	1.0	0	0.0625
45b8614096b1	0.0	0.11816600049205804	0.1921167866513249	0.1444816272328475	0.18890021352612682	1.0	1.0	1.0	1.0	1	1.0
b8c63a046f4e	0.20840247690696634	0.38951777658204884	0.48759673934798464	0.4705593999170489	0.39807118900701427	0.09090909090909091	0.021739130434782608	1.0	0.7154089371698258	0	0.125
87d44b2e3b26	0.0	0.08938912861378186	0.31916865779722586	0.2619326039277545	0.3203409390061417	0.25	0.09090909090909091	1.0	1.0	0	0.01020408163265306
a77871517756	0.20840247690696634	0.2310675454387666	0.40737925955721355	0.16084890366004248	0.46969607518137574	0.25	0.05263157894736842	1.0	1.0	0	0.020833333333333332
38e5ee5223ce	0.0	0.3149681328686091	0.2689311516998168	0.22307375358152826	0.25737420116409937	0.015873015873015872	0.0625	1.0	0.8187919729325676	0	0.06666666666666667
d2ac505725f8	0.0	0.0	0.20210167028488468	0.16084890366004248	0.18890021352612682	0.09090909090909091	0.018867924528301886	1.0	1.0	0	0.02702702702702703
ed6ebb1f0b3b	0.06745085459429015	0.25094701019234067	0.43833608101614163	0.4211492538501967	0.3497543400439164	0.014285714285714285	0.016666666666666666	1.0	1.0	0	1.0
72f29202a28c	0.0	0.0	0.0	0.0	0.0	0.016666666666666666	0.5	1.0	1.0	0	0.125
493703d05279	0.693142577582193	0.8309406848429126	0.8581113098000227	0.8580960291375812	0.16276665611441907	0.16666666666666666	0.015625	1.0	0.643801399345027	0	1.0
4ce71413be4a	0.5024605958299878	0.4937463900961728	0.6312494250131481	0.6250534120064123	0.4563783516371276	1.0	0.07692307692307693	1.0	1.0	0	0.3333333333333333
094f41e45a22	0.0	0.0	0.03639918008035379	0.0	0.06296673784204228	0.5	0.02127659574468085	1.0	1.0	0	0.5
2eac6295e41f	0.0	0.11816600049205804	0.16084879876695327	0.1444816272328475	0.09979991827237679	0.5	0.020833333333333332	1.0	1.0	0	1.0
9b5a9026b384	0.0	0.11816600049205804	0.2958719682709606	0.2666585099219055	0.2518669513681691	0.25	0.01818181818181818	1.0	1.0	0	0.2
a2f859f65852	0.5451670401452433	0.6495717166950754	0.5951273785451796	0.5314684550550342	0.6037700807008624	0.01639344262295082	0.02702702702702703	1.0	1.0	0	0.5
a6b6e3cf36a4	0.8987584855447378	1.0	1.0	1.0	0.06296673784204228	0.25	0.017857142857142856	1.0	0.22080093635368098	0	1.0
27c5384bea49	0.0	0.0	0.06222480934329974	0.036399203817070964	0.06296673784204228	0.09090909090909091	0.05555555555555555	1.0	1.0	0	0.030303030303030304
3f40a1f5c949	0.0	0.0	0.0	0.0	0.0	0.01694915254237288	0.017241379310344827	1.0	1.0	0	0.5
a05271b6a34d	0.11530799754024412	0.2759856130067989	0.39110795471465654	0.3851609042166359	0.21782912381320668	0.014285714285714285	0.017543859649122806	1.0	1.0	0	0.023255813953488372
b516dee066b2	0.0	0.052289288211202906	0.24889923737319897	0.1921169119349664	0.2518669513681691	0.015873015873015872	0.02857142857142857	1.0	1.0	0	0.07142857142857142
8870deb3cd89	0.734087866220658	0.7432839736633603	0.733626838882853	0.6902862430604149	0.718178042625765	0.09090909090909091	0.023809523809523808	1.0	0.23102188233319024	0	0.5
bb276c9cffeb	0.28359213503222813	0.46910766745501303	0.5121861686322841	0.5093026398385373	0.27213771332292974	0.25	0.02631578947368421	1.0	0.7154089371698258	0	0.08333333333333333
a99c4ed2fd16	0.15242888151365158	0.2413899532786789	0.4064139661289901	0.3851609042166359	0.335104451164972	0.014285714285714285	0.03225806451612903	1.0	1.0	0	0.029411764705882353
423080123a29	0.5543264695276987	0.5995649881164022	0.5600232840896977	0.4850063575092828	0.5781854180130722	0.5	0.034482758620689655	1.0	1.0	0	0.09090909090909091
f1871c539a47	0.06745085459429015	0.16155788157855885	0.4138604234160401	0.3740477138126567	0.389753060287233	0.1	0.018518518518518517	1.0	1.0	0	1.0
afa073274618	0.7819450091666121	0.8441891019595081	0.8869796960717886	0.8733079103306942	0.7827544042113289	0.01694915254237288	0.015873015873015872	1.0	0.8187919729325676	0	1.0
c68289aa2a47	0.37451201773104414	0.41766402983178363	0.4267365599017862	0.36373474113755194	0.4333775805495215	0.1	0.027777777777777776	1.0	1.0	0	0.2
4b5e6abbd644	0.5451670401452433	0.4621350908775332	0.5666134208433712	0.5597602608920027	0.40031431039193727	0.14285714285714285	0.04	1.0	1.0	0	1.0
46b7c88e8bc4	0.3237104744472104	0.3492335459308247	0.4097480361401522	0.36830037664521104	0.3885000500708804	1.0	0.125	1.0	1.0	0	0.5
f15277be8b1c	0.42669029391723473	0.37274596226375134	0.5071164607072851	0.4413457486232843	0.5169224979000296	0.015625	0.022727272727272728	1.0	0.4308178743396518	0	0.3333333333333333
89cc8dfb1b14	0.11530799754024412	0.2759856130067989	0.3386861212955405	0.29587216121567017	0.3203409390061417	0.02	0.058823529411764705	1.0	0.4308178743396518	0	0.2
e482f2c5d40e	0.06745085459429015	0.11816600049205804	0.16084879876695327	0.12444969984297151	0.14620423763884519	0.07692307692307693	0.03333333333333333	1.0	0.7154089371698258	0	0.029411764705882353
1b71dee63500	0.40629487336191983	0.3575565144551274	0.45699741263083815	0.39668587185911636	0.46103792684905653	0.07692307692307693	0.08333333333333333	1.0	0.7154089371698258	0	0.013157894736842105
eaf43055f658	0.8329851672791546	0.7015815654631168	0.7270539814176639	0.653475242730424	0.7459458922944998	0.1	0.025	1.0	0.8187919729325676	1	0.5
b4085d2e2003	0.3351877336481858	0.4621350908775332	0.4700828509626587	0.4247809551034229	0.45517513139210947	0.25	0.029411764705882353	1.0	0.7154089371698258	0	1.0
bbac3d3dec30	0.15242888151365158	0.3492335459308247	0.43731011071919407	0.422781507587797	0.335104451164972	0.07692307692307693	0.019230769230769232	1.0	0.23102188233319024	0	0.01020408163265306
313ca82fe335	0.0	0.0	0.0	0.0	0.0	0.0	0.0	0.0	0.0	0	0.0
70361f1cb799	0.2677368790538957	0.3448615593629846	0.43236082623258804	0.399349909557005	0.3945991052199749	0.16666666666666666	0.01639344262295082	1.0	1.0	0	0.5
7b05171f9b3e	0.15242888151365158	0.19396770503618765	0.2871494402247173	0.2711480195124297	0.19959983654475358	0.5	0.0196078431372549	1.0	1.0	0	0.3333333333333333
ea5cb379cc9f	0.0	0.052289288211202906	0.16803434660440356	0.1444816272328475	0.12593347568408456	0.015873015873015872	0.3333333333333333	1.0	1.0	0	0.1
b5337f74c057	0.47131715524473344	0.4741003394381032	0.4512957237649573	0.38010201756474693	0.46547011320527176	0.5	0.023255813953488372	1.0	1.0	0	0.2
ea6076fc3572	0.06745085459429015	0.052289288211202906	0.2110863048643623	0.21108644251844974	0.0	0.014285714285714285	0.01694915254237288	1.0	1.0	0	0.14285714285714285
7012373d248c	0.15242888151365158	0.38951777658204884	0.4696040689005133	0.4676632944921593	0.19959983654475358	0.015625	0.037037037037037035	1.0	0.3922380768833969	0	0.25
d76a348f57ff	0.0	0.052289288211202906	0.22673825668313485	0.17468723870137876	0.22573339395646133	0.014285714285714285	0.02	1.0	1.0	0	0.02702702702702703
c31b1a730e25	0.0	0.0	0.08225672366991757	0.06222484992148576	0.06296673784204228	0.07692307692307693	0.022222222222222223	1.0	0.7154089371698258	0	0.015151515151515152
