revisions	files	functions	lines	addLines	deleteLines	pos	time	rf	ibf	isComponent	distance
abb0ffc9d1f7	0.20840247690696634	0.3403361388061225	0.4745082788672012	0.46492386887762993	0.33734757254989495	0.06818181818181819	0.0044444444444444444	1.0	1.0	0	0.5
a9711e857d8b	0.2677368790538957	0.3615248661001558	0.48601133083395287	0.4791587057907776	0.3203409390061417	0.06818181818181819	0.01020408163265306	1.0	1.0	0	0.25
5941bb058133	0.06745085459429015	0.32045667405254846	0.3893647654986319	0.379449131178624	0.25737420116409937	0.023809523809523808	0.00390625	1.0	1.0	0	0.2
cf195b61ff94	0.0	0.11816600049205804	0.20670634235651703	0.1972481074771134	0.09979991827237679	0.009708737864077669	0.02127659574468085	0.3333333333333333	0.5895426371438677	0	0.037037037037037035
8737ebda208f	0.0	0.16155788157855885	0.25434159599462464	0.2067064771543332	0.246004155911222	0.03571428571428571	0.003861003861003861	1.0	1.0	0	0.25
23661b65d4ff	0.20840247690696634	0.3356461218611724	0.47103282198470153	0.45971826679794364	0.34780067764132017	0.25	0.01818181818181818	1.0	1.0	1	1.0
410689c605ec	0.06745085459429015	0.08938912861378186	0.1808807130935711	0.1444816272328475	0.16276665611441907	0.06382978723404256	0.0051813471502590676	1.0	1.0	0	0.5
a2db1a23d765	0.2677368790538957	0.37274596226375134	0.5395299319826854	0.5395302838221876	0.0	0.015384615384615385	0.05263157894736842	1.0	1.0	0	0.0064516129032258064
2011122f1e63	0.0	0.29694425771962174	0.26665833602805705	0.24604927197391604	0.19959983654475358	0.011111111111111112	0.011904761904761904	1.0	0.48001190661177184	0	0.1
1ef0d4fc3818	0.06745085459429015	0.21984644927517105	0.30072565970853826	0.27748746320483414	0.23973671924881043	0.03571428571428571	0.006134969325153374	1.0	1.0	0	0.007692307692307693
0a5c9092b3c6	0.0	0.052289288211202906	0.346583203298102	0.285298603503014	0.3516668696405459	0.0125	0.004739336492890996	1.0	0.45378995285541485	0	0.125
ff5842415136	0.0	0.16155788157855885	0.19724797884730702	0.0986240537385567	0.23300461763247096	0.06382978723404256	0.004878048780487805	1.0	1.0	0	1.0
e5d8bd393b4d	0.0	0.0	0.03639918008035379	0.0	0.06296673784204228	0.03125	0.005405405405405406	1.0	1.0	0	0.07692307692307693
abab9f975d47	0.35600915770448927	0.4894710399154403	0.5688658686366862	0.564386914539795	0.36567019493289504	0.015384615384615385	0.014084507042253521	1.0	1.0	0	0.2
225f159e9860	0.34592399262073237	0.4015228341420275	0.3893647654986319	0.36295070573993404	0.335104451164972	0.011235955056179775	0.009009009009009009	1.0	0.5462100471445852	0	0.058823529411764705
55e7a82820b0	0.0	0.11816600049205804	0.240062131871887	0.2067064771543332	0.2091709754808875	0.06000000000000001	0.00425531914893617	1.0	1.0	0	0.02040816326530612
a0c81edb61d3	0.06745085459429015	0.19396770503618765	0.34172951186052436	0.33227136503274113	0.2091709754808875	0.02631578947368421	0.004405286343612335	1.0	1.0	0	0.5
4d88050cee41	0.3113822963769906	0.47245749871744547	0.5559889416625053	0.5312271337204609	0.4967284280565576	0.07692307692307693	0.0053475935828877	0.3333333333333333	1.0	0	1.0
615ca28986c3	0.11530799754024412	0.2598444173170428	0.3344608038282807	0.27748746320483414	0.335104451164972	0.06000000000000001	0.004975124378109453	1.0	1.0	0	0.00909090909090909
f2bec4a7f509	0.0	0.0	0.06222480934329974	0.036399203817070964	0.06296673784204228	0.038461538461538464	0.006944444444444444	0.3333333333333333	1.0	0	0.5
269250269977	0.06745085459429015	0.08938912861378186	0.2889630660264346	0.23025930610483455	0.29240847527769037	0.06818181818181819	0.0045871559633027525	1.0	1.0	0	0.03125
6f289938ea71	0.23061599508048822	0.26816738584134553	0.3165664053379244	0.3097104962570064	0.16276665611441907	0.015384615384615385	0.034482758620689655	1.0	1.0	0	0.058823529411764705
d0667b9ba7f3	0.06745085459429015	0.2413899532786789	0.31916865779722586	0.27748746320483414	0.2993997548171304	0.03571428571428571	0.003787878787878788	1.0	1.0	0	0.007751937984496124
d93f30045cf9	0.11530799754024412	0.16155788157855885	0.33764828980760514	0.3191688659342263	0.25737420116409937	0.06818181818181819	0.25	1.0	1.0	1	0.25
aa9f1535fdb7	0.06745085459429015	0.25094701019234067	0.3165664053379244	0.29248415602632033	0.25737420116409937	0.09375	0.005235602094240838	1.0	1.0	0	0.3333333333333333
10ff9ff3df4c	0.11530799754024412	0.33077908189246075	0.46717109007501156	0.4586399177067642	0.3203409390061417	0.06000000000000001	0.004424778761061947	1.0	1.0	0	0.16666666666666666
c4d195769288	0.15242888151365158	0.42740157838101095	0.5034057028794717	0.48973226350343374	0.39577127374689003	0.015384615384615385	0.015151515151515152	1.0	1.0	0	0.07692307692307693
fff70558a434	0.11530799754024412	0.14167841682498472	0.32655128897148417	0.3138866670219051	0.21782912381320668	0.011627906976744186	0.02702702702702703	1.0	0.643801399345027	1	0.14285714285714285
a283f51b9703	0.0	0.08938912861378186	0.1350231695040073	0.0822567773113617	0.14620423763884519	0.06382978723404256	0.0058823529411764705	1.0	1.0	0	0.125
e84b4b9c4e32	0.476139355960862	0.4865399761879694	0.6626758797062939	0.6626763118520153	0.0	0.012658227848101266	0.007352941176470588	1.0	0.4104573628561324	0	0.16666666666666666
95fc81d15711	0.18275885213453424	0.2413899532786789	0.4049462807317118	0.3916818314124518	0.29597135547451325	0.06000000000000001	0.017543859649122806	1.0	1.0	0	0.2
59114cac40ad	0.0	0.052289288211202906	0.16803434660440356	0.11246238877989302	0.17676998140676817	0.037037037037037035	0.005649717514124294	0.3333333333333333	1.0	0	1.0
b9f8caa189b5	0.06745085459429015	0.21984644927517105	0.38758705545008815	0.3832970694666971	0.18890021352612682	0.015384615384615385	0.006993006993006993	1.0	1.0	0	0.01098901098901099
cf638b469846	0.0	0.0	0.03639918008035379	0.0	0.06296673784204228	0.03571428571428571	0.006666666666666667	1.0	1.0	0	0.2
bb5436a892c1	0.0	0.0	0.0	0.0	0.0	0.0	0.0	0.0	0.0	0	0.0
9744ec677e72	0.18275885213453424	0.3092355778889529	0.3972247825032021	0.36604658088821196	0.3553752131197327	0.013513513513513514	0.00847457627118644	1.0	0.4308178743396518	0	0.3333333333333333
19e874bd378a	0.06745085459429015	0.16155788157855885	0.20210167028488468	0.18667454976445727	0.12593347568408456	0.06000000000000001	0.010101010101010102	1.0	1.0	0	0.01
69ac5be15429	0.18275885213453424	0.14167841682498472	0.16803434660440356	0.11246238877989302	0.17676998140676817	0.043478260869565216	0.05555555555555555	1.0	1.0	0	0.011494252873563218
b35182d2ad34	0.47131715524473344	0.4789069051958307	0.5498215486912843	0.5072747008297303	0.5311010244046913	0.03571428571428571	0.004273504273504274	1.0	1.0	0	0.007462686567164179
9542a0364119	0.11530799754024412	0.16155788157855885	0.38758705545008815	0.3832970694666971	0.18890021352612682	0.06818181818181819	0.020833333333333332	1.0	1.0	0	0.09090909090909091
988ce607c302	0.3113822963769906	0.26816738584134553	0.35726168857966106	0.32169780732008496	0.32553331222883813	0.011764705882352941	0.0072992700729927005	1.0	0.5462100471445852	1	1.0
5bccb8b2022b	0.0	0.0	0.08225672366991757	0.0822567773113617	0.0	0.03125	0.005076142131979695	1.0	1.0	0	0.1111111111111111
95da06f756f9	0.06745085459429015	0.11816600049205804	0.2975191965758062	0.29248415602632033	0.12593347568408456	0.01098901098901099	0.013513513513513514	1.0	0.2365184658562752	0	0.3333333333333333
ad067df73417	0.06745085459429015	0.052289288211202906	0.16084879876695327	0.12444969984297151	0.14620423763884519	0.02631578947368421	0.006060606060606061	1.0	1.0	0	0.3333333333333333
26d019428f15	0.11530799754024412	0.32045667405254846	0.40880801264140176	0.4034544636588299	0.22573339395646133	0.06818181818181819	0.010309278350515464	1.0	1.0	0	0.03333333333333333
a6edb4ee7e9c	0.0	0.21984644927517105	0.3022869412151867	0.25947295739859916	0.2848339397992779	0.043478260869565216	0.005434782608695652	1.0	1.0	0	0.2
0bf225a10fc1	0.06745085459429015	0.08938912861378186	0.2192529709249519	0.21526261328334842	0.06296673784204228	0.011235955056179775	0.008	1.0	0.48001190661177184	0	0.08333333333333333
7606620a81fa	0.15242888151365158	0.20755512910583993	0.3165664053379244	0.3082741218954018	0.17676998140676817	0.014084507042253521	0.009345794392523364	1.0	0.4308178743396518	0	1.0
3a38b10866cc	0.0	0.0	0.11246231544070878	0.0822567773113617	0.09979991827237679	0.009708737864077669	0.018867924528301886	0.3333333333333333	0.5895426371438677	0	0.05555555555555555
433a877ed3bc	0.0	0.35346216255331403	0.4064139661289901	0.3446733257124728	0.41174949856652027	0.05	0.00411522633744856	1.0	1.0	0	0.3333333333333333
850db5e62252	0.06745085459429015	0.16155788157855885	0.2733111142076621	0.1972481074771134	0.29240847527769037	0.015625	0.010416666666666666	1.0	1.0	0	0.02702702702702703
5fd034e16ac1	0.06745085459429015	0.14167841682498472	0.2907407760749784	0.28896325446569493	0.06296673784204228	0.03125	0.024390243902439025	1.0	1.0	0	0.045454545454545456
3e0fead3cc95	0.06745085459429015	0.08938912861378186	0.1746871247840085	0.1444816272328475	0.14620423763884519	0.03125	0.005208333333333333	1.0	1.0	0	0.3333333333333333
4d36a0faa1b4	0.0	0.19396770503618765	0.2460491115198026	0.18088083104991842	0.25737420116409937	0.010869565217391304	0.011494252873563218	1.0	0.2365184658562752	0	0.05
bed1525d695f	0.11530799754024412	0.3653747416205808	0.4151903947615779	0.3767890407812703	0.3885000500708804	0.043478260869565216	0.004484304932735426	1.0	1.0	0	0.041666666666666664
7fb5ef1cea79	0.0	0.0	0.03639918008035379	0.036399203817070964	0.0	0.010869565217391304	0.02564102564102564	1.0	0.2365184658562752	0	0.0625
f953bd602db9	0.0	0.0	0.1866744280298992	0.16084890366004248	0.14620423763884519	0.03571428571428571	0.010752688172043012	1.0	1.0	0	0.00909090909090909
4849ddcb0167	0.2502097067288244	0.33077908189246075	0.4423265790352049	0.40295154087343216	0.41742896035796023	0.075	0.043478260869565216	1.0	1.0	0	0.25
fcc774e785f6	0.06745085459429015	0.14167841682498472	0.2795047025172246	0.27748746320483414	0.06296673784204228	0.043478260869565216	0.025	1.0	1.0	0	0.013157894736842105
ef34c805eb0e	0.06745085459429015	0.11816600049205804	0.2958719682709606	0.2021018020798915	0.32553331222883813	0.06000000000000001	0.009523809523809525	1.0	1.0	0	0.25
74966fd2ac95	0.0	0.0	0.20670634235651703	0.18088083104991842	0.16276665611441907	0.015625	0.010526315789473684	1.0	1.0	0	0.5
fcffd7dff266	0.2677368790538957	0.4449147152285283	0.5168431050183646	0.5109835167001308	0.33734757254989495	0.25	0.012345679012345678	1.0	1.0	0	0.3333333333333333
a6df9d73dd1b	0.11530799754024412	0.21984644927517105	0.36830013646847753	0.3456334576711989	0.3027034570908527	0.015625	0.015873015873015872	1.0	1.0	0	0.012048192771084338
e5bccd6bd16b	0.0	0.25094701019234067	0.31916865779722586	0.268931327075819	0.3119495802941435	0.09375	0.00641025641025641	1.0	1.0	0	0.5
9b6ab67a7ffb	0.06745085459429015	0.052289288211202906	0.12444961868659946	0.0986240537385567	0.09979991827237679	0.06818181818181819	0.0045662100456621	1.0	1.0	0	0.1111111111111111
0a5cea30c233	0.3237104744472104	0.4151102582116798	0.44167369307484355	0.4009111920818	0.4192458569313079	0.07692307692307693	0.006329113924050633	0.3333333333333333	1.0	0	0.037037037037037035
5a7bee4cb227	0.0	0.08938912861378186	0.2302591559477033	0.1972481074771134	0.19959983654475358	0.06000000000000001	0.004608294930875576	1.0	1.0	0	0.25
38a9b708f1f9	0.0	0.16155788157855885	0.32169759753390653	0.285298603503014	0.29240847527769037	0.06000000000000001	0.004149377593360996	1.0	1.0	0	0.07692307692307693
f802edf10568	0.18275885213453424	0.2903294102274493	0.3807499416331062	0.36528256366046225	0.2848339397992779	0.011976047904191617	0.05	0.6666666666666666	0.5103802579762019	0	0.125
f5e977b5c0e1	0.2502097067288244	0.3830683701036636	0.4712687522751903	0.44035378844851764	0.42863693277493725	0.015384615384615385	0.041666666666666664	1.0	1.0	0	0.05555555555555555
2f12a69d0350	0.4559504584317322	0.5393224246657808	0.6054766491069599	0.5875857418462572	0.5205325809040594	0.012048192771084338	0.005291005291005291	1.0	0.5462100471445852	1	0.2
82d0fd8fa772	0.40629487336191983	0.4469456430689092	0.4931199471182676	0.45419212348985394	0.46760766595492537	0.011494252873563218	0.0037735849056603774	1.0	0.5462100471445852	1	0.1111111111111111
057a8a65ce0e	0.06745085459429015	0.17877825722756366	0.20670634235651703	0.2067064771543332	0.0	0.012048192771084338	0.006535947712418301	1.0	0.5462100471445852	1	0.25
8c0e3eabacd7	0.06745085459429015	0.17877825722756366	0.31787696034860546	0.2941941407259178	0.25737420116409937	0.037037037037037035	0.0056179775280898875	0.3333333333333333	1.0	0	0.09090909090909091
f1b99896fb8a	0.23061599508048822	0.19396770503618765	0.3916815759881601	0.22307375358152826	0.44492858562404325	0.011764705882352941	0.023255813953488372	1.0	0.5462100471445852	1	0.5
75cc5d355ce5	0.0	0.14167841682498472	0.1746871247840085	0.12444969984297151	0.17676998140676817	0.06000000000000001	0.005988023952095809	1.0	1.0	0	0.04
20c18d0c1eb2	0.0	0.0	0.1530376635625889	0.1350232575556277	0.09979991827237679	0.037037037037037035	0.003968253968253968	0.3333333333333333	1.0	0	0.1
fbe78acc4d65	0.0	0.0	0.12444961868659946	0.11246238877989302	0.06296673784204228	0.043478260869565216	0.004098360655737705	1.0	1.0	0	0.009615384615384616
42d503f81b67	0.2677368790538957	0.3403361388061225	0.4138604234160401	0.37542884078350797	0.387229514668706	0.015384615384615385	0.0136986301369863	1.0	1.0	0	0.07142857142857142
fa0ac223bc04	0.06745085459429015	0.17877825722756366	0.2941939488754821	0.28896325446569493	0.12593347568408456	0.043478260869565216	0.004830917874396135	1.0	1.0	0	1.0
568121000998	0.0	0.21984644927517105	0.39449595769461404	0.16803445618334878	0.45517513139210947	0.06818181818181819	0.0055248618784530384	1.0	1.0	0	1.0
ecd7fa8c708b	0.3113822963769906	0.42016821050624265	0.5732079928198998	0.5360490271672148	0.5449541979266144	0.03571428571428571	0.010638297872340425	1.0	1.0	0	0.009433962264150943
05aaeec304f7	0.20840247690696634	0.3863333863334036	0.43236082623258804	0.399349909557005	0.3945991052199749	0.07692307692307693	0.01	0.3333333333333333	1.0	0	0.16666666666666666
72cf78730f8c	0.0	0.08938912861378186	0.223073608110253	0.2067064771543332	0.14620423763884519	0.03571428571428571	0.027777777777777776	1.0	1.0	0	1.0
e75e499056d2	0.0	0.11816600049205804	0.2302591559477033	0.2067064771543332	0.17676998140676817	0.06000000000000001	0.004651162790697674	1.0	1.0	0	0.0625
6b47a8a9071b	0.0	0.0	0.08225672366991757	0.06222484992148576	0.06296673784204228	0.013513513513513514	0.011627906976744186	1.0	0.4308178743396518	0	0.043478260869565216
b7989431582f	0.3655177042690685	0.4098458026663303	0.346583203298102	0.27748746320483414	0.3589380933165555	0.14285714285714285	0.00909090909090909	0.3333333333333333	1.0	0	0.045454545454545456
25b7ec83be0c	0.3237104744472104	0.4250352504749542	0.4641617102790876	0.45188276186875476	0.34780067764132017	0.25	0.007751937984496124	1.0	1.0	0	1.0
138effefb0d3	0.0	0.20755512910583993	0.30072565970853826	0.2067064771543332	0.330444875953043	0.03571428571428571	0.005050505050505051	1.0	1.0	0	0.125
6619a82e64d0	0.42016576056754723	0.5403031233277195	0.6764063721682093	0.6755878565816299	0.32297421904561335	0.011627906976744186	0.021739130434782608	1.0	0.643801399345027	1	0.5
9ad1ebc84889	0.06745085459429015	0.25094701019234067	0.3704987302064021	0.3597442405161959	0.246004155911222	0.06000000000000001	0.004166666666666667	1.0	1.0	0	0.047619047619047616
1da13aad32a3	0.20840247690696634	0.3403361388061225	0.47675268136453164	0.47008315751417046	0.30897089375326425	0.06818181818181819	0.004784688995215311	1.0	1.0	0	0.0625
a15e3d818b87	0.06745085459429015	0.14167841682498472	0.24889923737319897	0.24006228842175747	0.12593347568408456	0.02857142857142857	0.058823529411764705	1.0	1.0	0	1.0
2bc794b05dce	0.06745085459429015	0.21984644927517105	0.3950483989694681	0.39053089920676354	0.19959983654475358	0.010869565217391304	0.011111111111111112	1.0	0.2365184658562752	0	0.5
9d85ebdbab68	0.0	0.0	0.08225672366991757	0.06222484992148576	0.06296673784204228	0.06818181818181819	0.03571428571428571	1.0	1.0	0	0.2
2bf7e1a1ba2e	0.06745085459429015	0.3032362984035436	0.366046342181228	0.35641899064740357	0.23300461763247096	0.06000000000000001	0.0038910505836575876	1.0	1.0	0	1.0
430a69c99a3d	0.35600915770448927	0.3356461218611724	0.362950469051838	0.3253624582827659	0.335104451164972	0.012048192771084338	0.04	1.0	0.5462100471445852	1	0.16666666666666666
7ceac2093024	0.3237104744472104	0.4894710399154403	0.5205928046860592	0.4862113619428084	0.4861724284677306	0.07692307692307693	0.016129032258064516	1.0	1.0	0	1.0
da5d8af5ec5e	0.06745085459429015	0.17877825722756366	0.2711478426908739	0.268931327075819	0.06296673784204228	0.01098901098901099	0.02857142857142857	1.0	0.2365184658562752	0	0.25
f523a1101c52	0.15242888151365158	0.2759856130067989	0.4639063148753641	0.34272169488472753	0.5054910523065751	0.014705882352941176	0.007518796992481203	1.0	0.5462100471445852	0	0.16666666666666666
01a041a05bed	0.42669029391723473	0.7402108833924498	0.755936639137585	0.7557887085633597	0.2518669513681691	1.0	0.0037593984962406013	1.0	1.0	0	1.0
a02fd3a5d10c	0.18275885213453424	0.2903294102274493	0.4169335839776025	0.4156296467452772	0.12593347568408456	0.015384615384615385	0.007042253521126761	1.0	1.0	0	0.07692307692307693
85506b7c0828	0.20840247690696634	0.3448615593629846	0.33764828980760514	0.2754236600741	0.3437625994972912	1.0	0.006578947368421052	1.0	1.0	0	1.0
c6d984301e1b	0.06745085459429015	0.29694425771962174	0.43557366540309816	0.42827143080969776	0.27656989967914497	0.06000000000000001	0.004032258064516129	1.0	1.0	0	0.07692307692307693
2e38ba68c22f	0.06745085459429015	0.21984644927517105	0.2834084229327595	0.2619326039277545	0.21782912381320668	0.06000000000000001	0.00558659217877095	1.0	1.0	0	1.0
001162b852f1	0.0	0.0	0.06222480934329974	0.06222484992148576	0.0	0.03125	0.005494505494505495	1.0	1.0	0	0.25
8b261bbedc49	0.0	0.11816600049205804	0.08225672366991757	0.0822567773113617	0.0	0.07317073170731708	0.005917159763313609	1.0	1.0	0	0.2
29c96deec7ab	0.0	0.17877825722756366	0.2569438484539261	0.23691208862286453	0.18890021352612682	0.08333333333333333	0.006493506493506494	0.3333333333333333	1.0	0	1.0
f1b8e86d34d2	0.0	0.14167841682498472	0.1866744280298992	0.16084890366004248	0.14620423763884519	0.03125	0.007874015748031496	1.0	1.0	0	0.06666666666666667
610c1756da93	0.23061599508048822	0.42262468958867977	0.6082854859346631	0.5312271337204609	0.6285067302922936	0.011627906976744186	0.047619047619047616	1.0	0.643801399345027	1	0.07142857142857142
36289cfaf310	0.06745085459429015	0.08938912861378186	0.19724797884730702	0.1444816272328475	0.19959983654475358	0.037037037037037035	0.005681818181818182	0.3333333333333333	1.0	0	0.5
4c6dfd082e65	0.11530799754024412	0.17877825722756366	0.2852984174535528	0.27748746320483414	0.14620423763884519	0.011494252873563218	0.00625	1.0	0.5462100471445852	0	1.0
94e8283953d0	0.0	0.20755512910583993	0.2754234804643054	0.24604927197391604	0.23300461763247096	0.06000000000000001	0.00398406374501992	1.0	1.0	0	0.1
526fbc656da7	0.28359213503222813	0.3797185388412312	0.4929350419574071	0.4078583075926847	0.5175342295075074	0.0125	0.007462686567164179	1.0	0.4308178743396518	0	1.0
87c152fcfd37	0.0	0.25094701019234067	0.31251587961762084	0.25166181710041935	0.31762904208558346	0.05084745762711864	0.006211180124223602	1.0	1.0	0	0.3333333333333333
5c3b38af8a32	0.06745085459429015	0.14167841682498472	0.1921167866513249	0.1921169119349664	0.0	0.015384615384615385	0.1111111111111111	1.0	1.0	0	0.00641025641025641
cba18d7116e7	0.06745085459429015	0.19396770503618765	0.366046342181228	0.36373474113755194	0.12593347568408456	0.03125	0.004347826086956522	1.0	1.0	0	1.0
a6ac76024ffb	0.0	0.052289288211202906	0.14448153301321734	0.12444969984297151	0.09979991827237679	0.0125	0.005263157894736842	1.0	0.45378995285541485	0	0.16666666666666666
82fffae85f8d	0.0	0.052289288211202906	0.20210167028488468	0.1972481074771134	0.06296673784204228	0.02857142857142857	0.005780346820809248	1.0	1.0	0	0.024390243902439025
a17b227f2cdf	0.06745085459429015	0.17877825722756366	0.3787912146812241	0.3781289385270319	0.06296673784204228	0.02857142857142857	0.009708737864077669	1.0	1.0	0	0.015625
7c5ab0d66ed8	0.06745085459429015	0.2598444173170428	0.24889923737319897	0.2067064771543332	0.23300461763247096	0.013513513513513514	0.014705882352941176	1.0	0.4308178743396518	0	0.047619047619047616
e2fe8fffc58a	0.3351877336481858	0.43862267454460646	0.5484358542170414	0.493304793901436	0.5474005141860737	0.011111111111111112	0.0625	1.0	0.4308178743396518	1	1.0
31cd2cacd4ae	0.15242888151365158	0.28335683364996944	0.39281793829913564	0.38758730820425163	0.2091709754808875	0.015384615384615385	0.029411764705882353	1.0	1.0	0	0.006944444444444444
bcf08c9b2317	0.0	0.43425068797676647	0.3437025896115514	0.32044224164478247	0.28079586165524895	0.5	0.005747126436781609	1.0	1.0	0	1.0
e8c93e637de5	0.3237104744472104	0.4098458026663303	0.5055218997104094	0.46313604200328573	0.4861724284677306	1.0	0.005154639175257732	1.0	1.0	0	0.5
f2258c95c059	0.0	0.0	0.03639918008035379	0.0	0.06296673784204228	0.010869565217391304	0.004672897196261682	1.0	0.2365184658562752	0	0.043478260869565216
157074c0830a	0.0	0.0	0.08225672366991757	0.06222484992148576	0.06296673784204228	0.015384615384615385	0.08333333333333333	1.0	1.0	0	0.010526315789473684
6a402f1df132	0.15242888151365158	0.2413899532786789	0.33659831966454223	0.3191688659342263	0.2518669513681691	0.015151515151515152	0.125	1.0	1.0	0	1.0
63746fdf09ab	0.29806684967477837	0.2759856130067989	0.5182502094353023	0.3774614894865819	0.5663450949173636	0.013513513513513514	0.008620689655172414	1.0	0.4308178743396518	0	0.029411764705882353
b2f4d5c3ed32	0.0	0.0	0.1808807130935711	0.12444969984297151	0.18890021352612682	0.043478260869565216	0.005952380952380952	1.0	1.0	0	0.022727272727272728
221055136cad	0.0	0.19396770503618765	0.25434159599462464	0.22307375358152826	0.21782912381320668	0.0125	0.0049504950495049506	1.0	0.45378995285541485	0	0.2
2c3be4b84202	0.06745085459429015	0.17877825722756366	0.35641875821878183	0.3555680697512972	0.06296673784204228	0.043478260869565216	0.019230769230769232	1.0	1.0	0	0.017857142857142856
d7e97044f027	0.18275885213453424	0.2759856130067989	0.33971209159248816	0.3355361423614212	0.14620423763884519	0.014705882352941176	0.09090909090909091	1.0	0.5462100471445852	0	0.25
0ebd7be9cb40	0.0	0.08938912861378186	0.22673825668313485	0.22307375358152826	0.06296673784204228	0.015625	0.3333333333333333	1.0	1.0	0	0.01639344262295082
09d424da81b4	0.0	0.2413899532786789	0.2619324331157728	0.1444816272328475	0.3027034570908527	0.125	0.006622516556291391	0.3333333333333333	1.0	0	0.1111111111111111
393baa8655ac	0.0	0.08938912861378186	0.1530376635625889	0.12444969984297151	0.12593347568408456	0.043478260869565216	0.00546448087431694	1.0	1.0	0	0.0125
6c4e99f48e9f	0.06745085459429015	0.14167841682498472	0.3152364339923866	0.3111242496074288	0.12593347568408456	0.015384615384615385	0.0078125	1.0	1.0	0	0.3333333333333333
f7903bfe49f2	0.0	0.14167841682498472	0.27748728224918834	0.2569440160127405	0.2091709754808875	0.02631578947368421	0.006289308176100629	1.0	1.0	0	0.08333333333333333
b7c5887b0a97	0.0	0.0	0.09862398942365351	0.0986240537385567	0.0	0.06382978723404256	0.003875968992248062	1.0	1.0	0	0.09090909090909091
0e5ee636a907	0.0	0.21984644927517105	0.27748728224918834	0.21108644251844974	0.2887001317985036	0.043478260869565216	0.005555555555555556	1.0	1.0	0	1.0
ac8b09b99c40	0.0	0.11816600049205804	0.1808807130935711	0.16803445618334878	0.09979991827237679	0.013513513513513514	0.007692307692307693	1.0	0.4308178743396518	0	0.05263157894736842
a3ec971b7a7b	0.0	0.21984644927517105	0.2711478426908739	0.15303776336186264	0.3119495802941435	0.043478260869565216	0.005128205128205128	1.0	1.0	0	0.25
11ad72e8d021	0.06745085459429015	0.08938912861378186	0.11246231544070878	0.0986240537385567	0.06296673784204228	0.014925373134328358	0.017241379310344827	1.0	0.5462100471445852	0	0.2
907e1a6bea12	0.2502097067288244	0.3575565144551274	0.4524654005582028	0.44068566121983893	0.3328045359048477	0.06818181818181819	0.014285714285714285	1.0	1.0	0	0.022222222222222223
f7dee02e3562	0.11530799754024412	0.3149681328686091	0.45699741263083815	0.42902900055783094	0.40672933733933353	0.06818181818181819	0.0045045045045045045	1.0	1.0	0	0.05
69949f15147d	0.34592399262073237	0.5469668105298339	0.6674898580603398	0.6314478766358771	0.6379699810917251	0.2	0.005025125628140704	1.0	1.0	0	1.0
43df26622ff0	0.23061599508048822	0.17877825722756366	0.30681419075174	0.30072585581844824	0.14620423763884519	0.02857142857142857	0.011235955056179775	1.0	1.0	0	0.1
03af682ee72a	0.0	0.0	0.1530376635625889	0.11246238877989302	0.14620423763884519	0.06818181818181819	0.0125	1.0	1.0	0	0.04
6a8a3730cea7	0.0	0.052289288211202906	0.1530376635625889	0.12444969984297151	0.12593347568408456	0.023809523809523808	0.005	1.0	1.0	0	1.0
b97dfa341670	0.7513123009258255	0.5643031064136645	0.5075893578001034	0.47173906843496094	0.4761697362238986	0.015625	0.014925373134328358	1.0	1.0	1	0.023255813953488372
4810d7668a15	0.0	0.11816600049205804	0.1746871247840085	0.1350232575556277	0.16276665611441907	0.06000000000000001	0.0047169811320754715	1.0	1.0	0	0.03225806451612903
82e98d09083a	0.0	0.2598444173170428	0.30533033178017055	0.2619326039277545	0.2887001317985036	0.06000000000000001	0.0038022813688212928	1.0	1.0	0	0.5
4e3f11acd75b	0.0	0.052289288211202906	0.1350231695040073	0.0986240537385567	0.12593347568408456	0.010869565217391304	0.015384615384615385	1.0	0.2365184658562752	0	0.1
f2df1ce96210	0.06745085459429015	0.11816600049205804	0.2711478426908739	0.268931327075819	0.06296673784204228	0.043478260869565216	0.017857142857142856	1.0	1.0	0	0.038461538461538464
05a520b29b26	0.0	0.20755512910583993	0.20210167028488468	0.12444969984297151	0.22573339395646133	0.02857142857142857	0.005714285714285714	1.0	1.0	0	0.038461538461538464
1b8a3e40ee3b	0.3351877336481858	0.40435726148239093	0.4618365650087258	0.4049465448062133	0.46216641093154937	0.012048192771084338	0.006097560975609756	1.0	0.5462100471445852	1	0.1
2b8fca1b97d6	0.06745085459429015	0.17877825722756366	0.32169759753390653	0.18667454976445727	0.36727805638337757	0.012048192771084338	0.038461538461538464	1.0	0.5462100471445852	1	1.0
eb606088132e	0.0	0.0	0.03639918008035379	0.0	0.06296673784204228	0.043478260869565216	0.0038314176245210726	1.0	1.0	0	0.011627906976744186
7ba3d6c6a5ba	0.06745085459429015	0.17877825722756366	0.4352223090881957	0.4334448816985424	0.16276665611441907	0.0125	0.003745318352059925	1.0	0.45378995285541485	0	0.09090909090909091
2ddbcd35497d	0.0	0.17877825722756366	0.2619324331157728	0.22307375358152826	0.23973671924881043	0.009708737864077669	0.008333333333333333	0.3333333333333333	0.5103802579762019	0	0.25
c604329f2888	0.4448560630964787	0.551524219491315	0.6268615318172054	0.608592619182066	0.5438200783218998	0.06818181818181819	0.02631578947368421	1.0	1.0	0	0.2
f2a0a4315195	0.5543264695276987	0.5269326231991397	0.5256181432578809	0.47008315751417046	0.5248523392751001	0.009708737864077669	0.0043859649122807015	0.3333333333333333	0.5462100471445852	1	0.07692307692307693
a44d9ba6a129	0.06745085459429015	0.14167841682498472	0.2907407760749784	0.2907409656735231	0.0	0.06000000000000001	0.008064516129032258	1.0	1.0	0	0.02857142857142857
a6b6e3cf36a4	0.8987584855447378	1.0	1.0	1.0	0.06296673784204228	0.01098901098901099	0.003676470588235294	1.0	0.22080093635368098	0	1.0
fc14a241c4eb	0.15242888151365158	0.2598444173170428	0.4696040689005133	0.4524656956209822	0.3805957799276257	1.0	0.14285714285714285	1.0	1.0	0	1.0
aeab4ec26a3c	0.0	0.11816600049205804	0.3675551411234703	0.3668041506363452	0.06296673784204228	0.013513513513513514	0.007407407407407408	1.0	0.4308178743396518	0	0.05555555555555555
cee0ef87cf7d	0.06745085459429015	0.17877825722756366	0.20670634235651703	0.18088083104991842	0.16276665611441907	0.012048192771084338	0.0070921985815602835	1.0	0.5462100471445852	1	0.3333333333333333
2f3cf069755e	0.06745085459429015	0.16155788157855885	0.30533033178017055	0.3038217309667262	0.06296673784204228	0.02857142857142857	0.008130081300813009	1.0	1.0	0	0.0125
5fe7e15c1ef9	0.0	0.0	0.1921167866513249	0.1921169119349664	0.0	0.015384615384615385	1.0	1.0	1.0	0	0.041666666666666664
6bd8e190fa62	0.06745085459429015	0.20755512910583993	0.3613615528139077	0.3597442405161959	0.09979991827237679	0.06818181818181819	0.009615384615384616	1.0	1.0	0	1.0
a4775e530f17	0.0	0.2310675454387666	0.44676847422840404	0.3826670915662682	0.4545674916654651	0.014492753623188406	0.008771929824561403	1.0	0.45378995285541485	0	1.0
c0281f5698aa	0.11530799754024412	0.2310675454387666	0.36977183211452735	0.3675553808143757	0.12593347568408456	0.058823529411764705	0.009433962264150943	0.3333333333333333	1.0	0	0.3333333333333333
894fe07157c0	0.28359213503222813	0.32045667405254846	0.4693637168858254	0.4572735065108259	0.3516668696405459	0.013333333333333334	0.011764705882352941	1.0	0.4104573628561324	0	1.0
ae3417683456	0.15242888151365158	0.3032362984035436	0.4586396186176395	0.44921167774367243	0.3203409390061417	0.02857142857142857	0.013888888888888888	1.0	1.0	0	0.022222222222222223
c7885ebf562b	0.06745085459429015	0.2413899532786789	0.31251587961762084	0.1921169119349664	0.35353996281353633	0.014925373134328358	0.016666666666666666	1.0	0.5462100471445852	0	0.3333333333333333
25e612be7d1a	0.06745085459429015	0.21984644927517105	0.33764828980760514	0.3300269610717857	0.18890021352612682	0.06000000000000001	0.0040650406504065045	1.0	1.0	0	0.25
d59631282322	0.11530799754024412	0.5441529988481445	0.5200470800640727	0.4852083181847939	0.48660194132663714	0.06818181818181819	0.009174311926605505	1.0	1.0	0	0.5
9e8471cd2292	0.0	0.2759856130067989	0.3733488560597984	0.33227136503274113	0.3516668696405459	0.011494252873563218	0.007936507936507936	1.0	0.5462100471445852	0	1.0
1c89ae2b5294	0.0	0.2598444173170428	0.38758705545008815	0.29913693854435036	0.41368237574984595	0.013513513513513514	0.02	1.0	0.4308178743396518	0	0.07692307692307693
d5d8105ae2f4	0.0	0.17877825722756366	0.2733111142076621	0.21108644251844974	0.28079586165524895	0.06382978723404256	0.004629629629629629	1.0	1.0	0	0.09090909090909091
174916fb5620	0.15242888151365158	0.20755512910583993	0.2975191965758062	0.28714962748127176	0.17676998140676817	0.015384615384615385	0.07692307692307693	1.0	1.0	0	0.007874015748031496
6f92ef26f9c9	0.06745085459429015	0.17877825722756366	0.24889923737319897	0.24006228842175747	0.12593347568408456	0.043478260869565216	0.006711409395973154	1.0	1.0	0	0.016666666666666666
e7ea760e559f	0.0	0.0	0.16084879876695327	0.0822567773113617	0.18890021352612682	0.06818181818181819	0.004545454545454545	1.0	1.0	0	1.0
2d7b8d4d6f95	0.3237104744472104	0.11816600049205804	0.25947278819060676	0.21108644251844974	0.2518669513681691	0.011627906976744186	0.5	1.0	0.5895426371438677	1	0.3333333333333333
9e7a2283dd86	0.0	0.21984644927517105	0.28147778026825165	0.2643266520013773	0.19959983654475358	0.06000000000000001	0.004	1.0	1.0	0	0.25
40e82f9d8876	0.06745085459429015	0.17877825722756366	0.19724797884730702	0.1444816272328475	0.19959983654475358	0.03571428571428571	0.006369426751592357	1.0	1.0	0	0.00980392156862745
908abec792e0	0.06745085459429015	0.16155788157855885	0.21526247290588865	0.1921169119349664	0.16276665611441907	0.043478260869565216	0.0041841004184100415	1.0	1.0	0	0.017241379310344827
0530e46ac839	0.06745085459429015	0.2759856130067989	0.39559746137747337	0.38577368121982847	0.2625665743867958	0.06000000000000001	0.004081632653061225	1.0	1.0	0	0.25
483caddad43c	0.11530799754024412	0.2413899532786789	0.3933807703864162	0.3928181944644745	0.06296673784204228	0.043478260869565216	0.007246376811594203	1.0	1.0	0	0.1111111111111111
3d25691c563f	0.20840247690696634	0.3575565144551274	0.4578222707207731	0.4390138907027561	0.37636981795152175	0.06818181818181819	0.004694835680751174	1.0	1.0	0	1.0
b31e53aec33e	0.06745085459429015	0.19396770503618765	0.30072565970853826	0.28896325446569493	0.18890021352612682	0.01639344262295082	0.014492753623188406	1.0	1.0	0	0.2
723b71a3f756	0.0	0.0	0.03639918008035379	0.0	0.06296673784204228	0.015625	0.16666666666666666	1.0	1.0	0	0.07142857142857142
bf87780d7374	0.2677368790538957	0.3092355778889529	0.4312638094383395	0.38818379865398855	0.4127210778859587	0.0125	0.007575757575757576	1.0	0.45378995285541485	0	0.5
d33d3ae38145	0.11530799754024412	0.20755512910583993	0.3152364339923866	0.3053305308928899	0.18890021352612682	0.03125	0.012987012987012988	1.0	1.0	0	0.3333333333333333
a7d1b6f5c3bd	0.0	0.0	0.11246231544070878	0.0986240537385567	0.06296673784204228	0.06000000000000001	0.007142857142857143	1.0	1.0	0	0.058823529411764705
bbb73c05eac6	0.06745085459429015	0.21984644927517105	0.34937424956801705	0.346583429312739	0.12593347568408456	0.06000000000000001	0.00392156862745098	1.0	1.0	0	0.1
3ba47eb6d4b1	0.06745085459429015	0.11816600049205804	0.26432647962818445	0.22307375358152826	0.246004155911222	0.06382978723404256	0.00510204081632653	1.0	1.0	0	0.3333333333333333
89e4f46520f5	0.11530799754024412	0.19396770503618765	0.40737925955721355	0.40543844457067363	0.14620423763884519	0.06382978723404256	0.01282051282051282	1.0	1.0	0	1.0
c7a1d495c2d6	0.2502097067288244	0.11816600049205804	0.3813934671405255	0.2643266520013773	0.4210271257758232	0.011764705882352941	0.005319148936170213	1.0	0.5895426371438677	1	0.125
a8fad3442db5	0.06745085459429015	0.2310675454387666	0.3529655854182781	0.35028587083897605	0.12593347568408456	0.0125	0.008264462809917356	1.0	0.45378995285541485	0	1.0
a616678f3854	0.06745085459429015	0.14167841682498472	0.1866744280298992	0.1444816272328475	0.17676998140676817	0.011235955056179775	0.1	1.0	0.5462100471445852	0	0.06666666666666667
943d4a809b1b	0.06745085459429015	0.11816600049205804	0.3022869412151867	0.28896325446569493	0.19959983654475358	0.012658227848101266	0.010869565217391304	1.0	0.4308178743396518	0	0.3333333333333333
72640c57f00d	0.3351877336481858	0.39262542701732545	0.455605579729716	0.4423268674862326	0.34580407418359876	0.06818181818181819	0.012195121951219513	1.0	1.0	0	0.3333333333333333
983eb842788d	0.15242888151365158	0.17877825722756366	0.3253622461067884	0.3191688659342263	0.16276665611441907	0.06818181818181819	0.00684931506849315	1.0	1.0	0	0.1
c34010a94689	0.0	0.11816600049205804	0.19724797884730702	0.17468723870137876	0.14620423763884519	0.06000000000000001	0.004310344827586207	1.0	1.0	0	0.03571428571428571
0f7a77e57938	0.0	0.052289288211202906	0.22673825668313485	0.18667454976445727	0.2091709754808875	0.011976047904191617	0.004291845493562232	0.6666666666666666	0.5895426371438677	0	0.058823529411764705
940278d76d40	0.0	0.052289288211202906	0.2711478426908739	0.24604927197391604	0.21782912381320668	0.125	0.005813953488372093	0.3333333333333333	1.0	0	0.5
805e2dbf1d5a	0.23061599508048822	0.20755512910583993	0.3253622461067884	0.24604927197391604	0.34580407418359876	0.014492753623188406	0.015625	1.0	0.45378995285541485	0	0.1
499d114906e5	0.11530799754024412	0.2310675454387666	0.3982935025521068	0.379449131178624	0.31762904208558346	0.06818181818181819	0.004524886877828055	1.0	1.0	0	0.03571428571428571
0c3079d2aad7	0.0	0.0	0.08225672366991757	0.06222484992148576	0.06296673784204228	0.06382978723404256	0.004366812227074236	1.0	1.0	0	0.07142857142857142
642a4ac63306	0.0	0.2413899532786789	0.3253622461067884	0.2975193905947101	0.27656989967914497	0.06382978723404256	0.003816793893129771	1.0	1.0	0	1.0
8c23756b7c1e	0.0	0.052289288211202906	0.2852984174535528	0.2754236600741	0.16276665611441907	0.014705882352941176	0.0048543689320388345	1.0	0.5462100471445852	0	0.2
6e398d360def	0.06745085459429015	0.11816600049205804	0.2958719682709606	0.24604927197391604	0.2887001317985036	0.14285714285714285	0.005847953216374269	0.3333333333333333	1.0	0	1.0
4aeab65fbbca	0.2677368790538957	0.25094701019234067	0.35384141113454926	0.3456334576711989	0.2091709754808875	0.02857142857142857	0.008849557522123894	1.0	1.0	0	0.07142857142857142
14b0991afb61	0.0	0.0	0.03639918008035379	0.0	0.06296673784204228	0.06818181818181819	0.03225806451612903	1.0	1.0	0	0.125
f0c413954535	0.20840247690696634	0.3356461218611724	0.43199664145782707	0.3972250415423424	0.39807118900701427	0.015151515151515152	0.01639344262295082	1.0	0.5462100471445852	0	1.0
6a4a44080bb4	0.0	0.0	0.1350231695040073	0.11246238877989302	0.09979991827237679	0.043478260869565216	0.004761904761904762	1.0	1.0	0	0.3333333333333333
5768b6ed4f2c	0.0	0.2310675454387666	0.33971209159248816	0.27748746320483414	0.34580407418359876	0.013513513513513514	0.02040816326530612	1.0	0.4308178743396518	0	0.05555555555555555
36ee008cf2ad	0.11530799754024412	0.25094701019234067	0.34072646875661666	0.3191688659342263	0.27213771332292974	0.011627906976744186	0.06666666666666667	1.0	0.643801399345027	1	1.0
2cbad1d7df5e	0.0	0.2413899532786789	0.39281793829913564	0.3097104962570064	0.415574981714325	0.043478260869565216	0.005376344086021506	1.0	1.0	0	0.5
15d9b287f3c2	0.0	0.0	0.08225672366991757	0.0	0.12593347568408456	0.03125	0.013157894736842105	1.0	1.0	0	0.1
da2d3ef6810f	0.0	0.08938912861378186	0.32655128897148417	0.036399203817070964	0.3909890222159452	0.02702702702702703	0.004201680672268907	1.0	1.0	0	0.125
44300fded884	0.06745085459429015	0.0	0.03639918008035379	0.0	0.06296673784204228	0.012658227848101266	0.009259259259259259	1.0	0.4308178743396518	0	0.2
67bd03294233	0.06745085459429015	0.14167841682498472	0.2852984174535528	0.285298603503014	0.0	0.06000000000000001	0.07142857142857142	1.0	1.0	0	0.1111111111111111
5b40b2952268	0.0	0.08938912861378186	0.16803434660440356	0.1350232575556277	0.14620423763884519	0.03571428571428571	0.004901960784313725	1.0	1.0	0	0.007042253521126761
219a0ffbcdf1	0.20840247690696634	0.39862470650273474	0.47894233684149795	0.47336498707623875	0.29597135547451325	0.013513513513513514	0.008695652173913044	1.0	0.4104573628561324	0	0.034482758620689655
870bdb7ff9c8	0.11530799754024412	0.2413899532786789	0.35384141113454926	0.346583429312739	0.19959983654475358	0.01098901098901099	0.003703703703703704	1.0	0.2365184658562752	0	1.0
67fa86f2ed04	0.23061599508048822	0.17877825722756366	0.2110863048643623	0.18088083104991842	0.17676998140676817	0.011494252873563218	0.023809523809523808	1.0	0.5462100471445852	1	0.16666666666666666
65cb5994d302	0.0	0.0	0.03639918008035379	0.0	0.06296673784204228	0.03125	0.012048192771084338	1.0	1.0	0	0.08333333333333333
5f58df0392f7	0.0	0.0	0.0	0.0	0.0	0.037037037037037035	0.006024096385542169	0.3333333333333333	1.0	0	0.14285714285714285
46d418c3f687	0.0	0.2413899532786789	0.37264476285153675	0.3697720732509864	0.14620423763884519	0.043478260869565216	0.004132231404958678	1.0	1.0	0	0.5
29770f831ff1	0.0	0.0	0.03639918008035379	0.0	0.06296673784204228	0.06818181818181819	0.0049261083743842365	1.0	1.0	0	0.014285714285714285
db8bbf5f17f7	0.0	0.0	0.11246231544070878	0.11246238877989302	0.0	0.015151515151515152	0.004329004329004329	1.0	1.0	0	0.038461538461538464
974e264dd0eb	0.0	0.2759856130067989	0.32415724245907257	0.29913693854435036	0.26747813811100074	0.06000000000000001	0.00423728813559322	1.0	1.0	0	0.25
8aac0154970d	0.20840247690696634	0.3032362984035436	0.35892416986625436	0.3111242496074288	0.34780067764132017	0.0125	0.008403361344537815	1.0	0.45378995285541485	0	0.04
7135df32a35c	0.11530799754024412	0.4071307286455093	0.4628774047711738	0.44200101782755763	0.389753060287233	1.0	0.00819672131147541	1.0	1.0	0	0.125
11f86fec1121	0.11530799754024412	0.17877825722756366	0.2889630660264346	0.25166181710041935	0.2625665743867958	0.06818181818181819	0.006756756756756757	1.0	1.0	0	0.02702702702702703
7a11c1ab04ef	0.23061599508048822	0.28335683364996944	0.36903900009503976	0.3668041506363452	0.12593347568408456	0.02857142857142857	0.009900990099009901	1.0	1.0	0	0.25
5b2f5b265733	0.18275885213453424	0.3830683701036636	0.47675268136453164	0.47008315751417046	0.30897089375326425	0.014285714285714285	0.0196078431372549	1.0	0.4104573628561324	0	1.0
ad188193a916	0.18275885213453424	0.19396770503618765	0.49884436724308107	0.45891072178060205	0.47520332497730605	0.0136986301369863	0.03333333333333333	1.0	0.4104573628561324	0	1.0
03088fae587f	0.0	0.20755512910583993	0.32772478834659746	0.3038217309667262	0.26747813811100074	0.06000000000000001	0.004016064257028112	1.0	1.0	0	0.14285714285714285
97288b5cd51c	0.0	0.0	0.03639918008035379	0.0	0.06296673784204228	0.058823529411764705	0.0064516129032258064	0.3333333333333333	1.0	0	0.16666666666666666
f93f06decabd	0.0	0.16155788157855885	0.26432647962818445	0.21108644251844974	0.2625665743867958	0.043478260869565216	0.0038461538461538464	1.0	1.0	0	0.007246376811594203
8c0677b68bd7	0.0	0.25094701019234067	0.30382153283792823	0.2711480195124297	0.26747813811100074	0.06000000000000001	0.003952569169960474	1.0	1.0	0	0.1
ac7bd3c8c1a0	0.06745085459429015	0.28335683364996944	0.42827115152452777	0.4255684292967893	0.18890021352612682	0.06000000000000001	0.022222222222222223	1.0	1.0	0	0.0625
8870deb3cd89	0.734087866220658	0.7432839736633603	0.733626838882853	0.6902862430604149	0.718178042625765	0.010869565217391304	0.0037174721189591076	1.0	0.23102188233319024	0	0.08333333333333333
ec6b8aa74852	0.0	0.0	0.1350231695040073	0.11246238877989302	0.09979991827237679	0.125	0.007194244604316547	0.3333333333333333	1.0	0	0.08333333333333333
97fef4111da2	0.06745085459429015	0.17877825722756366	0.3288831453713568	0.3253624582827659	0.12593347568408456	0.043478260869565216	0.022727272727272728	1.0	1.0	0	0.010752688172043012
24782a63a610	0.06745085459429015	0.14167841682498472	0.30533033178017055	0.3053305308928899	0.0	0.015384615384615385	0.018518518518518517	1.0	1.0	0	0.020833333333333332
759d3ba12c96	0.4133748472150225	0.3615248661001558	0.5559889416625053	0.5525307350724943	0.330444875953043	0.011494252873563218	0.037037037037037035	1.0	0.5103802579762019	0	0.038461538461538464
b5ec338a721b	0.0	0.0	0.11246231544070878	0.0822567773113617	0.09979991827237679	0.125	0.006802721088435374	0.3333333333333333	1.0	0	0.25
47d4f229d2f5	0.0	0.0	0.08225672366991757	0.036399203817070964	0.09979991827237679	0.03571428571428571	0.008547008547008548	1.0	1.0	0	0.3333333333333333
6e1116c15633	0.06745085459429015	0.2310675454387666	0.35641875821878183	0.30072585581844824	0.3553752131197327	0.06818181818181819	0.004464285714285714	1.0	1.0	0	0.06666666666666667
f46f632046d2	0.18275885213453424	0.26816738584134553	0.3747406889609206	0.3697720732509864	0.18890021352612682	0.06382978723404256	0.2	1.0	1.0	0	0.07692307692307693
867a2351dd81	0.2502097067288244	0.3797185388412312	0.44425722169971277	0.4255684292967893	0.36236649265917265	0.06382978723404256	0.00980392156862745	1.0	1.0	0	0.5
bbac3d3dec30	0.15242888151365158	0.3492335459308247	0.43731011071919407	0.422781507587797	0.335104451164972	0.010869565217391304	0.0036900369003690036	1.0	0.23102188233319024	0	0.1111111111111111
989decc81711	0.15242888151365158	0.2413899532786789	0.31388646232954215	0.22673840454420918	0.33953663752118723	0.043478260869565216	0.004807692307692308	1.0	1.0	0	0.5
9c1a07318794	0.0	0.0	0.08225672366991757	0.0822567773113617	0.0	0.014492753623188406	0.013333333333333334	1.0	0.45378995285541485	0	0.2
9ec001189148	0.18275885213453424	0.32572112959789795	0.4829610456471109	0.4429750398501211	0.45931847235258116	0.011235955056179775	0.045454545454545456	1.0	0.48001190661177184	0	1.0
cb6c45886813	0.0	0.0	0.03639918008035379	0.0	0.06296673784204228	0.015151515151515152	0.01694915254237288	1.0	1.0	0	0.5
2c37aaf08640	0.43901847198745453	0.5044993868254617	0.5533839921902742	0.5146905455424678	0.5278945103294183	0.06000000000000001	0.006896551724137931	1.0	1.0	0	1.0
56c0f0190305	0.15242888151365158	0.3032362984035436	0.4019369009357878	0.33764850999558577	0.40977459903923913	0.06818181818181819	0.006172839506172839	1.0	1.0	0	0.3333333333333333
50b0f2bf0bcb	0.06745085459429015	0.25094701019234067	0.382032412356413	0.3740477138126567	0.23300461763247096	0.06000000000000001	0.004048582995951417	1.0	1.0	0	0.25
13418ff046d9	0.15242888151365158	0.26816738584134553	0.3851606530447835	0.3832970694666971	0.12593347568408456	0.02857142857142857	0.011363636363636364	1.0	1.0	0	0.1111111111111111
9953d672b34e	0.3237104744472104	0.47245749871744547	0.4138604234160401	0.36215976245247383	0.4077558092826101	0.014705882352941176	0.008928571428571428	1.0	0.45378995285541485	0	0.5
048de6803f08	0.06745085459429015	0.2310675454387666	0.3747406889609206	0.3675553808143757	0.21782912381320668	0.02857142857142857	0.01098901098901099	1.0	1.0	0	0.2
ca9f6a9aad09	0.3655177042690685	0.3797185388412312	0.5146902099015025	0.47518782092005174	0.4903788187965703	0.013513513513513514	0.007633587786259542	1.0	0.4308178743396518	0	0.125
b9c1a1927bfd	0.0	0.26816738584134553	0.31251587961762084	0.24889939968594305	0.3203409390061417	0.043478260869565216	0.003937007874015748	1.0	1.0	0	0.07692307692307693
c0014dbb11c4	0.06745085459429015	0.052289288211202906	0.14448153301321734	0.0986240537385567	0.14620423763884519	0.009708737864077669	0.030303030303030304	0.3333333333333333	0.5895426371438677	0	0.02857142857142857
0830a86612f5	0.0	0.052289288211202906	0.1921167866513249	0.15303776336186264	0.17676998140676817	0.03571428571428571	0.004219409282700422	1.0	1.0	0	0.014084507042253521
6491ee5d5cd6	0.0	0.08938912861378186	0.1808807130935711	0.16084890366004248	0.12593347568408456	0.015384615384615385	0.03125	1.0	1.0	0	0.058823529411764705
661984d4c4ad	0.0	0.0	0.03639918008035379	0.0	0.06296673784204228	0.06818181818181819	0.012658227848101266	1.0	1.0	0	0.041666666666666664
