revisions	files	functions	lines	addLines	deleteLines	pos	time	rf	ibf	isComponent	distance
ee9744e6ecf9	0.11530799754024412	0.14167841682498472	0.2619324331157728	0.25947295739859916	0.06296673784204228	0.043478260869565216	0.07142857142857142	1.0	1.0	0	0.5
c1466184ac0c	0.06745085459429015	0.11816600049205804	0.223073608110253	0.21108644251844974	0.12593347568408456	0.043478260869565216	0.06666666666666667	1.0	1.0	0	0.007874015748031496
c3b14c00ac13	0.06745085459429015	0.16155788157855885	0.24889923737319897	0.2021018020798915	0.23973671924881043	0.04	0.022727272727272728	1.0	1.0	0	0.3333333333333333
898e2f6cfa3d	0.0	0.0	0.23364715892766083	0.22307375358152826	0.12593347568408456	0.038461538461538464	0.05	1.0	0.8271160779362225	0	0.1111111111111111
fafdca3be201	0.11530799754024412	0.2310675454387666	0.28147778026825165	0.25166181710041935	0.23973671924881043	0.043478260869565216	0.03333333333333333	1.0	1.0	0	0.008403361344537815
ba9fd7dd4576	0.7549092902769615	0.747270728626659	0.7823707068483857	0.7575343746537336	0.7256936273297427	0.25	0.027777777777777776	1.0	0.8271160779362225	1	0.5
91b523d4bac2	0.11530799754024412	0.25094701019234067	0.25947278819060676	0.21108644251844974	0.2518669513681691	0.05555555555555555	0.058823529411764705	1.0	1.0	0	0.3333333333333333
4acf9d4318d6	0.6588982080953962	0.5682960338096126	0.5492302967810679	0.4489099245775328	0.5829075133929376	0.043478260869565216	0.16666666666666666	1.0	0.48425361570502373	1	0.025
61c97d68fcd4	0.06745085459429015	0.3863333863334036	0.3253622461067884	0.268931327075819	0.32553331222883813	0.1111111111111111	0.25	1.0	1.0	0	0.2
c787cba67d38	0.0	0.0	0.09862398942365351	0.0822567773113617	0.06296673784204228	0.043478260869565216	0.5	1.0	1.0	0	1.0
26107de9f0af	0.0	0.08938912861378186	0.06222480934329974	0.06222484992148576	0.0	0.07142857142857142	0.14285714285714285	1.0	1.0	0	0.5
d68619641d61	0.28359213503222813	0.2413899532786789	0.43272353954970183	0.4211492538501967	0.3119495802941435	0.041666666666666664	0.01818181818181818	1.0	1.0	1	0.5
e4140940ec33	0.18275885213453424	0.3830683701036636	0.5811703857245133	0.5224774723590709	0.5845257906893783	0.05263157894736842	0.02040816326530612	1.0	1.0	0	1.0
7093edc4235d	0.0	0.052289288211202906	0.27748728224918834	0.21925311390470442	0.28079586165524895	0.038461538461538464	0.02631578947368421	1.0	0.8271160779362225	0	0.2
b91bb5a5841c	0.29806684967477837	0.38951777658204884	0.4698437791200057	0.3851609042166359	0.4940049152801654	0.043478260869565216	0.030303030303030304	1.0	1.0	0	0.02857142857142857
96f5c992fe4c	0.4808257018093126	0.5236398165905484	0.6731842133585669	0.6175699685357551	0.6740443353877652	0.038461538461538464	0.047619047619047616	1.0	0.8271160779362225	0	1.0
4e3f11acd75b	0.0	0.052289288211202906	0.1350231695040073	0.0986240537385567	0.12593347568408456	0.03571428571428571	0.08333333333333333	1.0	0.026283888120655446	0	0.1
870bdb7ff9c8	0.11530799754024412	0.2413899532786789	0.35384141113454926	0.346583429312739	0.19959983654475358	0.037037037037037035	0.0196078431372549	1.0	0.026283888120655446	0	1.0
80d50cf18862	0.4133748472150225	0.5005713292762338	0.5136675788804628	0.4426515386625558	0.5281660854208462	0.041666666666666664	0.021739130434782608	1.0	0.8271160779362225	1	0.3333333333333333
e3fbfb3457cd	0.23061599508048822	0.3615248661001558	0.4798034602200311	0.457822569276887	0.4107674154833625	0.07692307692307693	0.04	1.0	1.0	0	1.0
26847aebc78f	0.5712584559719763	0.6532860575182532	0.7303216791971582	0.7297945519251913	0.33734757254989495	0.043478260869565216	0.018867924528301886	1.0	1.0	0	0.3333333333333333
8d0af11c52f9	0.06745085459429015	0.0	0.1530376635625889	0.1350232575556277	0.09979991827237679	0.25	0.03125	1.0	1.0	1	0.038461538461538464
f33d1229f546	0.37451201773104414	0.5643031064136645	0.6873627441365836	0.62785573100453	0.6927670879384529	0.058823529411764705	0.03571428571428571	1.0	1.0	0	1.0
a6b6e3cf36a4	0.8987584855447378	1.0	1.0	1.0	0.06296673784204228	0.06666666666666667	0.018518518518518517	1.0	0.0	0	1.0
2bc794b05dce	0.06745085459429015	0.21984644927517105	0.3950483989694681	0.39053089920676354	0.19959983654475358	0.03571428571428571	0.05263157894736842	1.0	0.026283888120655446	0	0.5
5951a50a6f9a	0.8097351705113746	0.6835996448509287	0.6021394373337365	0.5498219072421794	0.5981743055117718	0.25	1.0	1.0	0.6166341604378589	1	0.07692307692307693
a5fea4d45065	0.0	0.14167841682498472	0.29248396529100307	0.25166181710041935	0.27213771332292974	0.07692307692307693	0.023809523809523808	1.0	1.0	0	1.0
8870deb3cd89	0.734087866220658	0.7432839736633603	0.733626838882853	0.6902862430604149	0.718178042625765	0.03571428571428571	0.020833333333333332	1.0	0.01709213910292605	0	0.08333333333333333
da5d8af5ec5e	0.06745085459429015	0.17877825722756366	0.2711478426908739	0.268931327075819	0.06296673784204228	0.037037037037037035	0.125	1.0	0.026283888120655446	0	0.25
9387b72807ce	0.3655177042690685	0.4015228341420275	0.5685475299206166	0.5161315312554233	0.5643643230735592	0.25	0.03225806451612903	1.0	1.0	1	0.25
95da06f756f9	0.06745085459429015	0.11816600049205804	0.2975191965758062	0.29248415602632033	0.12593347568408456	0.037037037037037035	0.07692307692307693	1.0	0.026283888120655446	0	0.3333333333333333
7620cf8ef36f	0.37451201773104414	0.43862267454460646	0.4841936246057054	0.4120561806379748	0.49937265882841864	0.04	0.02127659574468085	1.0	0.8271160779362225	0	0.5
f15277be8b1c	0.42669029391723473	0.37274596226375134	0.5071164607072851	0.4413457486232843	0.5169224979000296	0.06666666666666667	0.02	1.0	0.3512041571517193	0	0.0625
e5fa705634a1	0.35600915770448927	0.3797185388412312	0.3754285959581471	0.29913693854435036	0.3934116137950853	0.043478260869565216	0.029411764705882353	1.0	1.0	0	0.04
2e31831b0630	0.0	0.20755512910583993	0.359744005919106	0.3417297347099609	0.27656989967914497	0.038461538461538464	0.024390243902439025	1.0	0.8271160779362225	0	0.5
843eb014e939	0.11530799754024412	0.35346216255331403	0.48337378855285384	0.43731039589887094	0.46969607518137574	0.038461538461538464	0.025	1.0	0.8271160779362225	0	0.04
6b8b4cf5589b	0.0	0.052289288211202906	0.1530376635625889	0.1444816272328475	0.06296673784204228	0.041666666666666664	0.038461538461538464	1.0	1.0	1	1.0
bbac3d3dec30	0.15242888151365158	0.3492335459308247	0.43731011071919407	0.422781507587797	0.335104451164972	0.03571428571428571	0.019230769230769232	1.0	0.01709213910292605	0	0.1111111111111111
73d33b74fd87	0.06745085459429015	0.16155788157855885	0.30533033178017055	0.23025930610483455	0.32297421904561335	0.043478260869565216	0.023255813953488372	1.0	1.0	0	0.08333333333333333
c4005287acdf	0.18275885213453424	0.0	0.31787696034860546	0.3138866670219051	0.12593347568408456	0.043478260869565216	0.041666666666666664	1.0	1.0	0	0.0196078431372549
5da4a19ee7ac	0.06745085459429015	0.21984644927517105	0.342721471388412	0.33764850999558577	0.16276665611441907	0.038461538461538464	0.09090909090909091	1.0	0.8271160779362225	0	0.14285714285714285
c9d127d11201	0.28359213503222813	0.29694425771962174	0.5220766636576286	0.4429750398501211	0.5429024765762133	0.16666666666666666	0.02857142857142857	1.0	1.0	1	1.0
612151d66b5f	0.18275885213453424	0.3032362984035436	0.4125104517531957	0.4083345499955632	0.2091709754808875	0.1111111111111111	0.037037037037037035	1.0	1.0	0	1.0
4d36a0faa1b4	0.0	0.19396770503618765	0.2460491115198026	0.18088083104991842	0.25737420116409937	0.03571428571428571	0.05555555555555555	1.0	0.026283888120655446	0	0.05
b9c1b4a35b7e	0.11530799754024412	0.3403361388061225	0.3547087746343028	0.30072585581844824	0.3516668696405459	0.07692307692307693	0.0625	1.0	1.0	0	0.5
7012373d248c	0.15242888151365158	0.38951777658204884	0.4696040689005133	0.4676632944921593	0.19959983654475358	0.06666666666666667	0.02702702702702703	1.0	0.28668847866100095	0	0.14285714285714285
8ef29befd159	0.7540173081065107	0.8383176050530768	0.9445560654646791	0.8860151045765137	0.9519342181733677	0.043478260869565216	0.045454545454545456	1.0	1.0	0	0.015384615384615385
a4847abc9bd8	0.11530799754024412	0.052289288211202906	0.12444961868659946	0.11246238877989302	0.06296673784204228	0.04	0.1	1.0	1.0	0	0.125
7fb5ef1cea79	0.0	0.0	0.03639918008035379	0.036399203817070964	0.0	0.03571428571428571	0.1111111111111111	1.0	0.026283888120655446	0	0.0625
8c31110375c5	0.9325491454057099	0.829080634531919	0.8781007659745617	0.8689093554294399	0.739930043956803	0.041666666666666664	0.017857142857142856	1.0	0.3512041571517193	1	1.0
f2258c95c059	0.0	0.0	0.03639918008035379	0.0	0.06296673784204228	0.03571428571428571	0.022222222222222223	1.0	0.026283888120655446	0	0.043478260869565216
fa4d2ebdf3fd	0.0	0.052289288211202906	0.1866744280298992	0.1444816272328475	0.17676998140676817	0.07692307692307693	0.02564102564102564	1.0	1.0	0	0.3333333333333333
76f9a849d2ad	0.0	0.0	0.2834084229327595	0.22673840454420918	0.2848339397992779	0.25	0.043478260869565216	1.0	1.0	1	1.0
987075c7de3b	0.0	0.0	0.11246231544070878	0.06222484992148576	0.12593347568408456	0.043478260869565216	0.034482758620689655	1.0	1.0	0	0.03571428571428571
21f3627fa0dc	0.0	0.0	0.11246231544070878	0.06222484992148576	0.12593347568408456	0.043478260869565216	0.3333333333333333	1.0	1.0	0	0.015151515151515152
abfb57be1bad	0.11530799754024412	0.25094701019234067	0.2619324331157728	0.21108644251844974	0.25737420116409937	0.043478260869565216	0.2	1.0	1.0	0	0.008771929824561403
