revisions	files	functions	lines	addLines	deleteLines	pos	time	rf	ibf	isComponent	distance
1e631be686a4	0.0	0.0	0.1866744280298992	0.0822567773113617	0.22573339395646133	0.022556390977443608	0.041666666666666664	0.9599999999999999	0.8187919729325676	0	0.25
b294bac27cbb	0.15242888151365158	0.4071307286455093	0.5329025692018798	0.4967405771095386	0.5023032936356063	0.02631578947368421	0.02127659574468085	0.9599999999999999	0.8187919729325676	1	0.5
be0dd134b91e	0.15242888151365158	0.26816738584134553	0.342721471388412	0.2941941407259178	0.3328045359048477	0.5	0.5	1.0	0.8187919729325676	0	0.2
d9ffd10e8555	0.11530799754024412	0.14167841682498472	0.25166165298624243	0.24604927197391604	0.09979991827237679	0.023255813953488372	0.1111111111111111	0.9599999999999999	0.8187919729325676	1	0.034482758620689655
9d2d76c28ffc	0.11530799754024412	0.29694425771962174	0.3322711483513144	0.27748746320483414	0.330444875953043	0.0736842105263158	0.09090909090909091	1.0	1.0	1	1.0
44a4cf43ec91	0.5572708698655784	0.5213969556662159	0.5879072357574254	0.4747355706819476	0.6276944286017949	0.03553299492385787	0.014285714285714285	1.0	0.8187919729325676	0	1.0
c7ff33bc5913	0.29806684967477837	0.3149681328686091	0.36977183211452735	0.3675553808143757	0.12593347568408456	0.023255813953488372	0.043478260869565216	0.9599999999999999	0.8187919729325676	1	0.02702702702702703
622a772c8f47	0.0	0.0	0.2110863048643623	0.1921169119349664	0.14620423763884519	0.2	0.010752688172043012	1.0	1.0	0	0.06666666666666667
ba502b52fbfd	0.06745085459429015	0.21984644927517105	0.31251587961762084	0.3082741218954018	0.12593347568408456	1.0	0.012048192771084338	1.0	1.0	0	1.0
e6b3c494955b	0.11530799754024412	0.2759856130067989	0.342721471388412	0.3417297347099609	0.06296673784204228	0.07692307692307693	0.030303030303030304	0.9199999999999999	1.0	1	1.0
5cf2b9c71921	0.0	0.2598444173170428	0.29913674347060804	0.24604927197391604	0.29597135547451325	1.0	0.012195121951219513	1.0	1.0	0	0.09090909090909091
a6120fb2cc09	0.0	0.0	0.16084879876695327	0.11246238877989302	0.16276665611441907	0.020270270270270268	0.2	0.9599999999999999	0.8187919729325676	0	0.045454545454545456
85a3e43952a0	0.11530799754024412	0.37627936829392306	0.41113986904127436	0.354709005947806	0.4107674154833625	0.022556390977443608	0.011235955056179775	0.9599999999999999	0.8187919729325676	0	0.07692307692307693
8528a0e65d66	0.0	0.17877825722756366	0.2110863048643623	0.15303776336186264	0.21782912381320668	0.022556390977443608	0.3333333333333333	0.9599999999999999	0.8187919729325676	0	0.16666666666666666
0447c06db236	0.0	0.08938912861378186	0.2754234804643054	0.22673840454420918	0.26747813811100074	0.023809523809523808	0.047619047619047616	0.9599999999999999	0.8187919729325676	1	0.14285714285714285
69a54bef1d54	0.11530799754024412	0.2413899532786789	0.33971209159248816	0.2666585099219055	0.3553752131197327	0.2	0.010638297872340425	1.0	1.0	0	0.3333333333333333
207c90b59860	0.0	0.0	0.03639918008035379	0.0	0.06296673784204228	0.1	0.03571428571428571	1.0	1.0	1	0.16666666666666666
613e74a06a11	0.23061599508048822	0.3956599494367154	0.43199664145782707	0.40244578470528286	0.38594095688765573	0.03553299492385787	0.010416666666666666	1.0	0.7154089371698258	0	1.0
4e3f11acd75b	0.0	0.052289288211202906	0.1350231695040073	0.0986240537385567	0.12593347568408456	0.019444444444444445	0.04	1.0	0.2365184658562752	0	0.1
6bc1d6a24f5a	0.11530799754024412	0.16155788157855885	0.28147778026825165	0.2431056809714042	0.25737420116409937	0.1	0.034482758620689655	1.0	1.0	1	0.5
343a13523928	0.0	0.0	0.08225672366991757	0.06222484992148576	0.06296673784204228	0.023809523809523808	0.05	0.9599999999999999	0.8187919729325676	1	0.125
4b264603f7ce	0.06745085459429015	0.17877825722756366	0.24310552243687084	0.21925311390470442	0.18890021352612682	0.07142857142857142	0.1	0.9199999999999999	1.0	1	0.5
cdd84d647c31	0.0	0.11816600049205804	0.23691193412730824	0.23691208862286453	0.0	0.2	0.02564102564102564	1.0	1.0	0	0.2
493703d05279	0.693142577582193	0.8309406848429126	0.8581113098000227	0.8580960291375812	0.16276665611441907	0.022058823529411763	0.009708737864077669	0.9599999999999999	0.643801399345027	0	1.0
c2acfc81ca00	0.23061599508048822	0.2903294102274493	0.43199664145782707	0.3916818314124518	0.40877081202564103	0.125	0.016666666666666666	1.0	1.0	1	1.0
a6b6e3cf36a4	0.8987584855447378	1.0	1.0	1.0	0.06296673784204228	1.0	0.010526315789473684	1.0	0.22080093635368098	0	1.0
8d26dcc79a94	0.06745085459429015	0.20755512910583993	0.3520811307382998	0.32044224164478247	0.3119495802941435	0.05384615384615384	0.14285714285714285	1.0	1.0	1	0.5
b3dcb286377d	0.11530799754024412	0.26816738584134553	0.4097480361401522	0.3572619215579765	0.4046409281128831	0.021582733812949638	0.010309278350515464	0.9599999999999999	0.8187919729325676	0	0.3333333333333333
93690409b747	0.18275885213453424	0.2413899532786789	0.3022869412151867	0.2941941407259178	0.16276665611441907	0.023809523809523808	0.029411764705882353	0.9599999999999999	0.8187919729325676	1	0.25
bb276c9cffeb	0.28359213503222813	0.46910766745501303	0.5121861686322841	0.5093026398385373	0.27213771332292974	0.022556390977443608	0.012987012987012988	0.9599999999999999	0.7154089371698258	0	1.0
2f67696be3ea	0.15242888151365158	0.14167841682498472	0.4059273989548512	0.346583429312739	0.40877081202564103	0.08333333333333333	0.017857142857142856	1.0	1.0	1	0.3333333333333333
4eb20f0e3a98	0.0	0.0	0.03639918008035379	0.0	0.06296673784204228	0.022556390977443608	0.015151515151515152	0.9599999999999999	0.8187919729325676	0	0.08333333333333333
a10190edcf3f	0.0	0.0	0.08225672366991757	0.06222484992148576	0.06296673784204228	0.023255813953488372	0.125	0.9599999999999999	0.8187919729325676	1	0.027777777777777776
032c630a740d	0.0	0.0	0.12444961868659946	0.0986240537385567	0.09979991827237679	0.022556390977443608	0.01639344262295082	0.9599999999999999	0.8187919729325676	0	0.2
95da06f756f9	0.06745085459429015	0.11816600049205804	0.2975191965758062	0.29248415602632033	0.12593347568408456	0.019830028328611898	0.037037037037037035	1.0	0.2365184658562752	0	0.3333333333333333
2813f1091c45	0.15242888151365158	0.2413899532786789	0.4219688152624057	0.42196909043768166	0.0	0.03825136612021858	0.013888888888888888	1.0	0.8187919729325676	0	1.0
e482f2c5d40e	0.06745085459429015	0.11816600049205804	0.16084879876695327	0.12444969984297151	0.14620423763884519	0.01910828025477707	0.014492753623188406	0.9599999999999999	0.7154089371698258	0	0.16666666666666666
163a7bedfc33	0.28359213503222813	0.4250352504749542	0.4492113848029093	0.43486985578298376	0.34580407418359876	0.023255813953488372	0.021739130434782608	0.9599999999999999	0.8187919729325676	1	0.5
fa691fec980b	0.0	0.08938912861378186	0.24889923737319897	0.2431056809714042	0.09979991827237679	0.022556390977443608	0.010101010101010102	0.9599999999999999	0.8187919729325676	0	0.2
b4085d2e2003	0.3351877336481858	0.4621350908775332	0.4700828509626587	0.4247809551034229	0.45517513139210947	0.020270270270270268	0.013333333333333334	0.9599999999999999	0.7154089371698258	0	1.0
a8c1ae3cd394	0.0	0.20755512910583993	0.2689311516998168	0.2021018020798915	0.28079586165524895	0.5	0.013157894736842105	1.0	1.0	0	0.3333333333333333
b9924e84dced	0.06745085459429015	0.11816600049205804	0.3807499416331062	0.3407266909519464	0.35717411943647615	0.02631578947368421	0.02702702702702703	0.9599999999999999	0.8187919729325676	1	1.0
b8daf74e121a	0.11530799754024412	0.3032362984035436	0.32169759753390653	0.23691208862286453	0.34580407418359876	0.020689655172413793	0.058823529411764705	0.9599999999999999	0.8187919729325676	0	1.0
699d16592612	0.0	0.052289288211202906	0.1350231695040073	0.06222484992148576	0.16276665611441907	0.1	0.02	1.0	1.0	1	1.0
4d36a0faa1b4	0.0	0.19396770503618765	0.2460491115198026	0.18088083104991842	0.25737420116409937	0.019444444444444445	0.03333333333333333	1.0	0.2365184658562752	0	0.05
7012373d248c	0.15242888151365158	0.38951777658204884	0.4696040689005133	0.4676632944921593	0.19959983654475358	0.25	0.015384615384615385	1.0	0.3922380768833969	0	0.25
7fb5ef1cea79	0.0	0.0	0.03639918008035379	0.036399203817070964	0.0	0.019444444444444445	0.045454545454545456	1.0	0.2365184658562752	0	0.0625
62d6b5467170	0.0	0.17877825722756366	0.28147778026825165	0.2643266520013773	0.19959983654475358	0.020270270270270268	0.16666666666666666	0.9599999999999999	0.8187919729325676	0	0.05263157894736842
146fc2bcd9d1	0.15242888151365158	0.2310675454387666	0.3311559610431165	0.2975193905947101	0.29597135547451325	0.0510948905109489	0.020833333333333332	1.0	1.0	0	1.0
7a1b3683b834	0.7019331503252217	0.722456260133335	0.5635475551142567	0.5469274119381303	0.4722408298276872	0.023255813953488372	0.03225806451612903	0.9599999999999999	0.7154089371698258	1	0.043478260869565216
e0a7b28e0d7c	0.6006916358699594	0.5774029637302984	0.7532572953223963	0.690634790991892	0.762660285422468	0.022727272727272728	0.019230769230769232	0.19999999999999998	1.0	0	1.0
c31b1a730e25	0.0	0.0	0.08225672366991757	0.06222484992148576	0.06296673784204228	0.01910828025477707	0.011627906976744186	0.9599999999999999	0.7154089371698258	0	0.02631578947368421
4bcceb38adf6	0.23061599508048822	0.37274596226375134	0.530010353725887	0.5297654219305522	0.09979991827237679	0.0510948905109489	0.014925373134328358	1.0	1.0	0	0.5
f485e04961fe	0.06745085459429015	0.3615248661001558	0.4376534053014468	0.40244578470528286	0.4046409281128831	0.023809523809523808	0.027777777777777776	0.9599999999999999	0.8187919729325676	1	1.0
c287e495f29f	0.15242888151365158	0.3575565144551274	0.5666948461767176	0.5151252751203745	0.5614038394784229	0.04142011834319527	0.023809523809523808	1.0	0.8187919729325676	0	1.0
be1f70b531e4	0.39890013257247225	0.515612970475485	0.5487345946719675	0.51263349849696	0.5181418692341517	0.03431372549019608	0.01	1.0	0.7154089371698258	0	1.0
18c67f102f36	0.06745085459429015	0.19396770503618765	0.3022869412151867	0.2754236600741	0.2518669513681691	0.01910828025477707	0.013513513513513514	0.9599999999999999	0.7154089371698258	0	0.5
57157b6e2100	0.4612319901609765	0.5958085695553254	0.5829535283987878	0.5155579096078485	0.594982065583844	0.2	0.01282051282051282	1.0	0.5895426371438677	0	1.0
33462ce6832a	0.0	0.32045667405254846	0.3520811307382998	0.28340860774971316	0.3640333614520519	0.04635761589403973	0.07142857142857142	1.0	0.643801399345027	0	0.2
77d364292802	0.11530799754024412	0.17877825722756366	0.2619324331157728	0.24006228842175747	0.19959983654475358	0.04142011834319527	0.02857142857142857	1.0	0.8187919729325676	0	0.022727272727272728
0da9e77846b8	0.15242888151365158	0.4469456430689092	0.5043886115000714	0.44068566121983893	0.5121982896007596	0.020270270270270268	0.018867924528301886	0.9599999999999999	0.7154089371698258	0	0.25
d31f25ca302d	0.0	0.17877825722756366	0.240062131871887	0.18667454976445727	0.23973671924881043	0.25	0.012345679012345678	1.0	0.5462100471445852	0	0.1
3915a9571923	0.0	0.0	0.03639918008035379	0.0	0.06296673784204228	0.01910828025477707	0.014705882352941176	0.9599999999999999	0.7154089371698258	0	0.05555555555555555
178fa6c7734d	0.0	0.14167841682498472	0.32044203267738586	0.2733112924399355	0.30897089375326425	0.04142011834319527	0.025	1.0	0.8187919729325676	0	0.04
a4f1b8f9b5a3	0.0	0.0	0.03639918008035379	0.0	0.06296673784204228	0.2	0.010869565217391304	1.0	1.0	0	0.043478260869565216
9bf9ea30f520	0.06745085459429015	0.08938912861378186	0.1746871247840085	0.16803445618334878	0.06296673784204228	0.14285714285714285	0.017543859649122806	1.0	1.0	1	1.0
8ed8451a1ce5	0.2677368790538957	0.42016821050624265	0.5621030239880463	0.5521487281879607	0.4278222026462796	0.05384615384615384	0.02040816326530612	1.0	1.0	1	1.0
b8c63a046f4e	0.20840247690696634	0.38951777658204884	0.48759673934798464	0.4705593999170489	0.39807118900701427	0.020270270270270268	0.011494252873563218	0.9599999999999999	0.7154089371698258	0	1.0
e1dc9716e5c3	0.06745085459429015	0.0	0.1866744280298992	0.18088083104991842	0.06296673784204228	0.16666666666666666	0.016129032258064516	1.0	1.0	1	1.0
efbeea4eae74	0.0	0.0	0.03639918008035379	0.0	0.06296673784204228	0.021582733812949638	0.06666666666666667	0.9599999999999999	0.8187919729325676	0	0.07142857142857142
9655b7e53263	0.06745085459429015	0.20755512910583993	0.3152364339923866	0.2795048847884751	0.2848339397992779	0.08333333333333333	0.25	1.0	0.8187919729325676	1	0.2
870bdb7ff9c8	0.11530799754024412	0.2413899532786789	0.35384141113454926	0.346583429312739	0.19959983654475358	0.019830028328611898	0.011363636363636364	1.0	0.2365184658562752	0	1.0
f30dd140c551	0.23061599508048822	0.20755512910583993	0.3851606530447835	0.2754236600741	0.4219048311585978	0.2	0.024390243902439025	1.0	1.0	0	0.030303030303030304
8fcd37001b8b	0.0	0.19396770503618765	0.2192529709249519	0.1921169119349664	0.17676998140676817	0.06666666666666667	0.038461538461538464	0.07999999999999999	1.0	1	1.0
3e3a94b944ec	0.0	0.14167841682498472	0.1808807130935711	0.16803445618334878	0.09979991827237679	0.03125	0.023255813953488372	0.9599999999999999	1.0	0	0.1111111111111111
0e784f35f994	0.11530799754024412	0.21984644927517105	0.30971029428801583	0.3038217309667262	0.14620423763884519	0.02631578947368421	1.0	0.9599999999999999	0.7154089371698258	1	0.14285714285714285
c069957da7d0	0.11530799754024412	0.3032362984035436	0.3502856424098959	0.3191688659342263	0.30897089375326425	0.3333333333333333	0.017241379310344827	1.0	1.0	0	0.5
4d8a4a572925	0.0	0.0	0.16803434660440356	0.06222484992148576	0.2091709754808875	0.022556390977443608	0.018518518518518517	0.9599999999999999	0.8187919729325676	0	0.05
2bc794b05dce	0.06745085459429015	0.21984644927517105	0.3950483989694681	0.39053089920676354	0.19959983654475358	0.019444444444444445	0.03125	1.0	0.2365184658562752	0	0.5
dbba4c07441e	0.28359213503222813	0.45476387023436265	0.5723714889591941	0.5376379444413129	0.5391364740659408	0.2	0.01020408163265306	1.0	1.0	0	0.07142857142857142
8870deb3cd89	0.734087866220658	0.7432839736633603	0.733626838882853	0.6902862430604149	0.718178042625765	0.020114942528735632	0.011904761904761904	1.0	0.23102188233319024	0	0.16666666666666666
247164ffe1a0	0.0	0.14167841682498472	0.25434159599462464	0.2431056809714042	0.14620423763884519	0.07692307692307693	0.05263157894736842	1.0	1.0	1	1.0
da5d8af5ec5e	0.06745085459429015	0.17877825722756366	0.2711478426908739	0.268931327075819	0.06296673784204228	0.019830028328611898	0.0625	1.0	0.2365184658562752	0	0.25
d0bc44447e65	0.5791191754308862	0.6874022177069344	0.6181220070797211	0.5580739452023848	0.6233302121705059	0.022556390977443608	0.012658227848101266	0.9599999999999999	0.643801399345027	0	0.5
6c802ef0e822	0.06745085459429015	0.17877825722756366	0.25166165298624243	0.21925311390470442	0.21782912381320668	0.023255813953488372	0.08333333333333333	0.9599999999999999	0.8187919729325676	1	0.058823529411764705
26b76d6dd17e	0.0	0.0	0.1530376635625889	0.12444969984297151	0.12593347568408456	0.020270270270270268	0.011111111111111112	0.9599999999999999	0.8187919729325676	0	0.16666666666666666
58783ba01bdf	0.0	0.0	0.11246231544070878	0.0986240537385567	0.06296673784204228	0.03825136612021858	0.014084507042253521	1.0	0.8187919729325676	0	1.0
f15277be8b1c	0.42669029391723473	0.37274596226375134	0.5071164607072851	0.4413457486232843	0.5169224979000296	0.03317535545023697	0.011764705882352941	1.0	0.4308178743396518	0	0.0625
1b71dee63500	0.40629487336191983	0.3575565144551274	0.45699741263083815	0.39668587185911636	0.46103792684905653	0.021582733812949638	0.05555555555555555	0.9599999999999999	0.7154089371698258	0	1.0
89674fda72f3	0.0	0.17877825722756366	0.382032412356413	0.36528256366046225	0.29240847527769037	0.023255813953488372	0.022222222222222223	0.9599999999999999	0.8187919729325676	1	0.14285714285714285
30580395cd29	0.37451201773104414	0.49788453933328924	0.6344433656865298	0.6026320294330519	0.5952416137616237	0.16666666666666666	0.015873015873015872	1.0	1.0	1	0.5
28cd9c7a5fae	0.4612319901609765	0.4937463900961728	0.5337288734802474	0.4891549529453202	0.5181418692341517	0.023255813953488372	0.02631578947368421	0.9599999999999999	0.7154089371698258	1	0.2
eaf43055f658	0.8329851672791546	0.7015815654631168	0.7270539814176639	0.653475242730424	0.7459458922944998	1.0	0.0125	1.0	0.8187919729325676	0	1.0
bbac3d3dec30	0.15242888151365158	0.3492335459308247	0.43731011071919407	0.422781507587797	0.335104451164972	0.019444444444444445	0.01098901098901099	1.0	0.23102188233319024	0	0.1111111111111111
313ca82fe335	0.0	0.0	0.0	0.0	0.0	0.0	0.0	0.0	0.0	0	0.0
ad4ffa86ba49	0.23061599508048822	0.42740157838101095	0.492378030301539	0.4914422482030313	0.16276665611441907	0.02564102564102564	0.07692307692307693	0.9599999999999999	0.8187919729325676	1	0.5
0c32760951f5	0.06745085459429015	0.2903294102274493	0.35556783787757956	0.3520813603382579	0.14620423763884519	0.2	0.009900990099009901	1.0	1.0	0	0.02631578947368421
b24896172a9b	0.15242888151365158	0.17877825722756366	0.22673825668313485	0.21526261328334842	0.12593347568408456	0.14285714285714285	0.0196078431372549	1.0	1.0	1	1.0
77eb4a376b4e	0.18275885213453424	0.25094701019234067	0.4712687522751903	0.4504086485754743	0.39807118900701427	0.1	0.01694915254237288	1.0	0.8187919729325676	1	1.0
6b904670d0c2	0.0	0.0	0.11246231544070878	0.036399203817070964	0.14620423763884519	0.022556390977443608	0.01818181818181818	0.9599999999999999	0.8187919729325676	0	0.07142857142857142
8c31110375c5	0.9325491454057099	0.829080634531919	0.8781007659745617	0.8689093554294399	0.739930043956803	0.2	0.00980392156862745	1.0	0.4308178743396518	0	0.5
f2258c95c059	0.0	0.0	0.03639918008035379	0.0	0.06296673784204228	0.019444444444444445	0.0136986301369863	1.0	0.2365184658562752	0	0.043478260869565216
0c63f9e1047d	0.18275885213453424	0.3830683701036636	0.4413454608120656	0.42196909043768166	0.36236649265917265	0.023255813953488372	0.022727272727272728	0.9599999999999999	0.8187919729325676	1	0.1
