revisions	files	functions	lines	addLines	deleteLines	pos	time	rf	ibf	isComponent	distance
a3c70591ec35	0.06745085459429015	0.3448615593629846	0.40833428371166935	0.372645005861498	0.37636981795152175	0.16666666666666666	0.25	0.5	1.0	0	0.3333333333333333
18a28f3b0413	0.06745085459429015	0.08938912861378186	0.14448153301321734	0.11246238877989302	0.12593347568408456	0.2	0.038461538461538464	0.5	1.0	0	0.3333333333333333
7806941e4a5b	0.18275885213453424	0.4320078270524341	0.510070245874487	0.4868078523925453	0.4456039924559756	0.3333333333333333	0.02631578947368421	1.0	0.8187919729325676	0	0.5
a7b4efae6a80	0.06745085459429015	0.17877825722756366	0.3547087746343028	0.354709005947806	0.0	0.03571428571428571	0.02	0.5	1.0	0	1.0
1472d878ac6b	0.06745085459429015	0.16155788157855885	0.3022869412151867	0.24006228842175747	0.30897089375326425	0.058823529411764705	0.058823529411764705	0.5	1.0	0	1.0
bbf289d9bcbe	0.06745085459429015	0.2903294102274493	0.42358636215720746	0.3740477138126567	0.41463360748258815	0.045454545454545456	0.043478260869565216	0.5	1.0	0	1.0
da4080f9a31b	0.18275885213453424	0.3032362984035436	0.37812869194087817	0.3712200317770567	0.21782912381320668	0.14285714285714285	0.03125	0.5	0.8187919729325676	0	0.5
e14cc1aca242	0.0	0.0	0.1530376635625889	0.12444969984297151	0.12593347568408456	0.25	1.0	1.0	1.0	0	0.058823529411764705
4aac1a332793	0.06745085459429015	0.17877825722756366	0.2711478426908739	0.1444816272328475	0.3148336892102114	0.3333333333333333	0.027777777777777776	1.0	1.0	0	0.3333333333333333
e362b7085285	0.0	0.11816600049205804	0.1746871247840085	0.15303776336186264	0.12593347568408456	0.022222222222222223	0.07692307692307693	0.5	0.4308178743396518	0	0.5
0e8c2bb0935f	0.15242888151365158	0.35346216255331403	0.4623584933618228	0.4602526224375852	0.19959983654475358	0.07142857142857142	0.01639344262295082	0.5	1.0	1	0.2
69e8e9294aff	0.15242888151365158	0.4098458026663303	0.5429872612524861	0.5423494267650008	0.17676998140676817	0.06666666666666667	0.018518518518518517	0.5	1.0	1	0.5
65dc770dc623	0.06745085459429015	0.20755512910583993	0.21526247290588865	0.1444816272328475	0.23300461763247096	0.09090909090909091	0.029411764705882353	0.5	1.0	0	1.0
30effa43c2e2	0.11530799754024412	0.2310675454387666	0.31388646232954215	0.28896325446569493	0.25737420116409937	0.3333333333333333	0.03571428571428571	1.0	1.0	0	0.25
9171395b9ea1	0.06745085459429015	0.08938912861378186	0.3344608038282807	0.2569440160127405	0.35353996281353633	0.08333333333333333	0.020833333333333332	0.5	1.0	1	0.08333333333333333
32f3e0522438	0.28359213503222813	0.48354074211263887	0.6271110125443109	0.5729810009895621	0.6256776761364661	0.14285714285714285	0.025	0.5	0.8187919729325676	0	1.0
6e50c507d3ab	0.0	0.26816738584134553	0.36373450393816925	0.2711480195124297	0.39220839355006715	0.06666666666666667	0.021739130434782608	0.5	1.0	1	1.0
9480f16a29cb	0.0	0.2759856130067989	0.26665833602805705	0.15303776336186264	0.3058912157618215	0.06666666666666667	0.024390243902439025	0.5	1.0	1	0.16666666666666666
5d1e835e35a9	0.4329685588633586	0.5070531584455654	0.6470265888065084	0.6096075704386874	0.6200370784268897	0.045454545454545456	0.16666666666666666	0.5	1.0	0	0.5
4e3f11acd75b	0.0	0.052289288211202906	0.1350231695040073	0.0986240537385567	0.12593347568408456	0.05	0.07142857142857142	0.5	0.2365184658562752	0	0.1
002c73ed1b13	0.0	0.0	0.08225672366991757	0.036399203817070964	0.09979991827237679	1.0	0.1111111111111111	1.0	1.0	1	1.0
38e5ee5223ce	0.0	0.3149681328686091	0.2689311516998168	0.22307375358152826	0.25737420116409937	0.034482758620689655	0.05555555555555555	0.5	0.8187919729325676	0	0.25
870bdb7ff9c8	0.11530799754024412	0.2413899532786789	0.35384141113454926	0.346583429312739	0.19959983654475358	0.05263157894736842	0.019230769230769232	0.5	0.2365184658562752	0	1.0
b70d80b11b89	0.11530799754024412	0.16155788157855885	0.3733488560597984	0.3386863421603142	0.33953663752118723	0.0625	0.015873015873015872	0.5	0.8187919729325676	0	0.14285714285714285
01fc5569e619	0.11530799754024412	0.17877825722756366	0.3165664053379244	0.28340860774971316	0.28079586165524895	0.07142857142857142	0.01694915254237288	0.5	1.0	1	0.25
80d50cf18862	0.4133748472150225	0.5005713292762338	0.5136675788804628	0.4426515386625558	0.5281660854208462	1.0	0.02127659574468085	1.0	0.7154089371698258	1	0.3333333333333333
4f225bb4d911	0.06745085459429015	0.20755512910583993	0.26432647962818445	0.2569440160127405	0.12593347568408456	0.125	0.04	0.5	0.8187919729325676	0	1.0
ab78dbf476b7	0.29806684967477837	0.48201455563110723	0.6735314920270896	0.6108603326387496	0.6820619283176348	0.13333333333333333	0.2	1.0	0.7154089371698258	0	1.0
54e2d938f030	0.11530799754024412	0.46566849690770495	0.3511878753697344	0.3365985391678139	0.2518669513681691	0.029411764705882353	0.125	0.5	1.0	0	0.5
0ec1dbdaddd6	0.2502097067288244	0.4673995464228827	0.5249727671939045	0.4990178295038078	0.4691784566844586	0.09090909090909091	0.02564102564102564	0.5	1.0	0	1.0
4c9f1ec424c8	0.15242888151365158	0.44285129116709593	0.4908755446209372	0.4586399177067642	0.45146678791292266	0.125	0.03225806451612903	0.5	0.8187919729325676	0	1.0
a6b6e3cf36a4	0.8987584855447378	1.0	1.0	1.0	0.06296673784204228	0.5	0.017857142857142856	1.0	0.22080093635368098	0	1.0
ba39ca16abf7	0.11530799754024412	0.26816738584134553	0.4561649050522602	0.40039377576525115	0.45517513139210947	0.25	0.5	1.0	1.0	0	1.0
9777a329e85d	0.06745085459429015	0.19396770503618765	0.3502856424098959	0.34752345342449975	0.12593347568408456	0.3333333333333333	0.030303030303030304	1.0	1.0	0	0.2
2bc794b05dce	0.06745085459429015	0.21984644927517105	0.3950483989694681	0.39053089920676354	0.19959983654475358	0.05	0.05	0.5	0.2365184658562752	0	0.5
63cac64149c7	0.15242888151365158	0.19396770503618765	0.3668039114353334	0.3097104962570064	0.36727805638337757	0.05555555555555555	0.016129032258064516	0.5	1.0	0	0.125
e30fbbd3953a	0.06745085459429015	0.14167841682498472	0.1746871247840085	0.1444816272328475	0.14620423763884519	0.3333333333333333	0.02857142857142857	1.0	1.0	0	1.0
8870deb3cd89	0.734087866220658	0.7432839736633603	0.733626838882853	0.6902862430604149	0.718178042625765	0.05	0.0196078431372549	0.5	0.23102188233319024	0	0.08333333333333333
a8e67ec3eec0	0.18275885213453424	0.32045667405254846	0.35726168857966106	0.33764850999558577	0.28079586165524895	0.3333333333333333	0.034482758620689655	1.0	0.8187919729325676	0	1.0
da5d8af5ec5e	0.06745085459429015	0.17877825722756366	0.2711478426908739	0.268931327075819	0.06296673784204228	0.05263157894736842	0.1	0.5	0.2365184658562752	0	0.25
f01637839c9c	0.11530799754024412	0.28335683364996944	0.3322711483513144	0.2941941407259178	0.3058912157618215	0.09090909090909091	0.037037037037037035	0.5	1.0	0	0.125
46d53e788b9a	0.06745085459429015	0.16155788157855885	0.32044203267738586	0.3138866670219051	0.16276665611441907	0.0625	0.016666666666666666	0.5	0.8187919729325676	0	0.09090909090909091
ea7bd031f9e3	0.23061599508048822	0.3956599494367154	0.48275396037913243	0.47173906843496094	0.35717411943647615	0.08333333333333333	0.14285714285714285	0.5	1.0	1	1.0
d0bc44447e65	0.5791191754308862	0.6874022177069344	0.6181220070797211	0.5580739452023848	0.6233302121705059	0.5	0.02040816326530612	1.0	0.643801399345027	0	1.0
95da06f756f9	0.06745085459429015	0.11816600049205804	0.2975191965758062	0.29248415602632033	0.12593347568408456	0.05263157894736842	0.0625	0.5	0.2365184658562752	0	0.3333333333333333
060cd4367ad5	0.06745085459429015	0.19396770503618765	0.42237594259902816	0.4078583075926847	0.3203409390061417	0.0625	0.045454545454545456	0.5	0.8187919729325676	0	1.0
89cc8dfb1b14	0.11530799754024412	0.2759856130067989	0.3386861212955405	0.29587216121567017	0.3203409390061417	0.022222222222222223	0.047619047619047616	0.5	0.4308178743396518	0	0.2
9446ce2bf11d	0.11530799754024412	0.29694425771962174	0.3893647654986319	0.3446733257124728	0.37343918314433405	0.09090909090909091	0.06666666666666667	0.5	1.0	0	0.3333333333333333
b8e85c121094	0.3113822963769906	0.4250352504749542	0.5272747247012909	0.49125385047931674	0.4963443183915638	0.07692307692307693	0.017241379310344827	0.5	1.0	1	1.0
bbac3d3dec30	0.15242888151365158	0.3492335459308247	0.43731011071919407	0.422781507587797	0.335104451164972	0.05	0.01818181818181818	0.5	0.23102188233319024	0	0.1111111111111111
e591ee491e79	0.06745085459429015	0.32572112959789795	0.4151903947615779	0.38075018992863535	0.3805957799276257	0.16666666666666666	0.3333333333333333	0.5	1.0	0	0.14285714285714285
313ca82fe335	0.0	0.0	0.0	0.0	0.0	0.0	0.0	0.0	0.0	0	0.0
87b11897dda0	0.0	0.0	0.06222480934329974	0.06222484992148576	0.0	0.09090909090909091	0.08333333333333333	0.5	1.0	0	0.5
37ed1a51c9e3	0.0	0.11816600049205804	0.240062131871887	0.16803445618334878	0.25737420116409937	0.0625	0.022727272727272728	0.5	0.8187919729325676	0	0.16666666666666666
1fafbcca93a5	0.15242888151365158	0.2759856130067989	0.3933807703864162	0.3922518109932715	0.09979991827237679	0.09090909090909091	0.02702702702702703	0.5	1.0	0	0.25
4d36a0faa1b4	0.0	0.19396770503618765	0.2460491115198026	0.18088083104991842	0.25737420116409937	0.05	0.05263157894736842	0.5	0.2365184658562752	0	0.05
9808bc15dd16	0.0	0.0	0.3022869412151867	0.25947295739859916	0.2848339397992779	0.0625	0.017543859649122806	0.5	0.8187919729325676	0	0.2
7012373d248c	0.15242888151365158	0.38951777658204884	0.4696040689005133	0.4676632944921593	0.19959983654475358	0.034482758620689655	0.023255813953488372	0.5	0.3922380768833969	0	1.0
9f5d40ff4857	0.11530799754024412	0.16155788157855885	0.3253622461067884	0.15303776336186264	0.37920885527131615	0.0625	0.018867924528301886	0.5	0.8187919729325676	0	0.5
7fb5ef1cea79	0.0	0.0	0.03639918008035379	0.036399203817070964	0.0	0.05	0.09090909090909091	0.5	0.2365184658562752	0	0.0625
f2258c95c059	0.0	0.0	0.03639918008035379	0.0	0.06296673784204228	0.05	0.022222222222222223	0.5	0.2365184658562752	0	0.043478260869565216
ce650300429b	0.06745085459429015	0.0	0.03639918008035379	0.0	0.06296673784204228	0.03225806451612903	0.041666666666666664	0.5	1.0	0	0.5
dabaacb8e0c2	0.11530799754024412	0.19396770503618765	0.4064139661289901	0.4059276636691618	0.06296673784204228	0.03225806451612903	0.03333333333333333	0.5	1.0	0	1.0
