revisions	files	functions	lines	addLines	deleteLines	pos	time	rf	ibf	isComponent	distance
5bdec1cdd197	0.18275885213453424	0.19396770503618765	0.32169759753390653	0.1972481074771134	0.3640333614520519	0.037037037037037035	0.005847953216374269	0.16666666666666669	1.0	0	0.037037037037037035
8cd0c69c485d	0.18275885213453424	0.26816738584134553	0.37193510363131554	0.35641899064740357	0.27656989967914497	0.5	0.015384615384615385	0.16666666666666669	1.0	1	0.5
92eb61725564	0.0	0.052289288211202906	0.14448153301321734	0.06222484992148576	0.17676998140676817	0.03125	0.03225806451612903	0.16666666666666669	0.8187919729325676	0	0.5
b8e967a36f60	0.0	0.17877825722756366	0.2889630660264346	0.21925311390470442	0.3027034570908527	0.5	0.041666666666666664	0.16666666666666669	1.0	1	0.037037037037037035
05bbc6538b65	0.20840247690696634	0.2759856130067989	0.32415724245907257	0.31251608341619624	0.2091709754808875	0.030303030303030304	0.008	0.16666666666666669	0.8187919729325676	0	0.1
fa830bae6051	0.0	0.0	0.03639918008035379	0.0	0.06296673784204228	0.0625	0.023255813953488372	0.16666666666666669	1.0	0	0.2
6d67ee7910fd	0.06745085459429015	0.052289288211202906	0.20210167028488468	0.18088083104991842	0.14620423763884519	0.05	0.012048192771084338	0.5	1.0	0	0.0625
cd1c20933a2c	0.0	0.08938912861378186	0.1866744280298992	0.11246238877989302	0.2091709754808875	0.030303030303030304	0.007142857142857143	0.16666666666666669	0.8187919729325676	0	0.030303030303030304
0085a5c5f382	0.15242888151365158	0.26816738584134553	0.3621595262801692	0.36136178846583605	0.06296673784204228	0.030303030303030304	0.008064516129032258	0.16666666666666669	0.8187919729325676	0	0.03571428571428571
145afdb17d3e	0.0	0.052289288211202906	0.0	0.0	0.0	0.07692307692307693	0.006289308176100629	0.16666666666666669	1.0	0	0.3333333333333333
e362b7085285	0.0	0.11816600049205804	0.1746871247840085	0.15303776336186264	0.12593347568408456	0.01829268292682927	0.02857142857142857	0.6666666666666667	0.4308178743396518	0	0.5
d59ade6ef244	0.18275885213453424	0.19396770503618765	0.23691193412730824	0.21925311390470442	0.16276665611441907	0.037037037037037035	0.0064516129032258064	0.16666666666666669	1.0	0	0.011363636363636364
869844e2dc9b	0.11530799754024412	0.25094701019234067	0.2941939488754821	0.2711480195124297	0.23300461763247096	0.037037037037037035	0.018867924528301886	0.16666666666666669	1.0	0	0.010526315789473684
8e0f33f0ae33	0.0	0.11816600049205804	0.1350231695040073	0.1350232575556277	0.0	0.03225806451612903	0.006756756756756757	0.16666666666666669	0.7154089371698258	0	0.25
613e74a06a11	0.23061599508048822	0.3956599494367154	0.43199664145782707	0.40244578470528286	0.38594095688765573	0.14285714285714285	0.005649717514124294	0.16666666666666669	0.7154089371698258	0	0.25
64701d9ec026	0.06745085459429015	0.052289288211202906	0.240062131871887	0.23691208862286453	0.06296673784204228	0.05263157894736842	0.01694915254237288	0.16666666666666669	1.0	1	0.16666666666666666
a73bda53b112	0.3113822963769906	0.40435726148239093	0.5247133120310459	0.5240617161041363	0.16276665611441907	0.09090909090909091	0.008264462809917356	0.16666666666666669	1.0	0	1.0
334514863909	0.2502097067288244	0.25094701019234067	0.4348695721948365	0.41948677147946223	0.33734757254989495	0.03125	0.006535947712418301	0.16666666666666669	0.8187919729325676	0	0.5
7678cdb12f38	0.06745085459429015	0.0	0.16803434660440356	0.16084890366004248	0.06296673784204228	0.045454545454545456	0.007518796992481203	0.16666666666666669	0.8187919729325676	0	0.5
f56adcfc519b	0.11530799754024412	0.2903294102274493	0.39053064453301994	0.38075018992863535	0.25737420116409937	0.125	0.009433962264150943	0.16666666666666669	1.0	0	0.5
9c88049532dd	0.0	0.11816600049205804	0.23364715892766083	0.23025930610483455	0.06296673784204228	0.5	0.027777777777777776	0.16666666666666669	1.0	1	1.0
f5aca42c4766	0.06745085459429015	0.20755512910583993	0.25947278819060676	0.22307375358152826	0.23300461763247096	0.05263157894736842	0.015625	0.16666666666666669	1.0	0	0.3333333333333333
b4e61e15ada0	0.2502097067288244	0.2310675454387666	0.23364715892766083	0.21108644251844974	0.17676998140676817	0.037037037037037035	0.045454545454545456	0.16666666666666669	1.0	0	0.015384615384615385
4cd65ff0c511	0.6029246127020815	0.5202607258265587	0.6142295048414614	0.5974687462891758	0.5240046646910989	0.037037037037037035	0.005714285714285714	0.16666666666666669	1.0	0	0.09090909090909091
a8bcd0e69be4	0.37451201773104414	0.2310675454387666	0.3386861212955405	0.3300269610717857	0.19959983654475358	0.034482758620689655	0.008403361344537815	0.16666666666666669	0.7154089371698258	0	1.0
7c80f8653ede	0.11530799754024412	0.16155788157855885	0.2302591559477033	0.22307375358152826	0.09979991827237679	0.037037037037037035	0.025	0.16666666666666669	1.0	0	0.02564102564102564
e79e3029b1e8	0.11530799754024412	0.3149681328686091	0.47675268136453164	0.47630857807875054	0.09979991827237679	0.03125	0.013888888888888888	0.16666666666666669	0.7154089371698258	0	0.058823529411764705
bc857e7522a0	0.2502097067288244	0.3403361388061225	0.40833428371166935	0.4059276636691618	0.16276665611441907	0.030303030303030304	0.00980392156862745	0.16666666666666669	0.8187919729325676	0	0.022727272727272728
95da06f756f9	0.06745085459429015	0.11816600049205804	0.2975191965758062	0.29248415602632033	0.12593347568408456	0.03636363636363636	0.023809523809523808	0.33333333333333337	0.2365184658562752	0	0.3333333333333333
dcf9aa9e74c0	0.0	0.16155788157855885	0.32655128897148417	0.285298603503014	0.3058912157618215	0.058823529411764705	0.008130081300813009	0.16666666666666669	1.0	0	1.0
89cc8dfb1b14	0.11530799754024412	0.2759856130067989	0.3386861212955405	0.29587216121567017	0.3203409390061417	0.01829268292682927	0.017543859649122806	0.6666666666666667	0.4308178743396518	0	0.2
0a1853428332	0.29806684967477837	0.37627936829392306	0.5077464381968917	0.5024122407646202	0.3203409390061417	0.125	0.009345794392523364	0.16666666666666669	1.0	0	0.1
e1260380e037	0.06745085459429015	0.11816600049205804	0.08225672366991757	0.036399203817070964	0.09979991827237679	0.037037037037037035	0.006024096385542169	0.16666666666666669	1.0	0	0.16666666666666666
868196c0a091	0.0	0.0	0.3733488560597984	0.32772500206324146	0.3589380933165555	0.0625	0.006134969325153374	0.16666666666666669	1.0	0	0.125
0c30b6632f78	0.0	0.2310675454387666	0.2941939488754821	0.21526261328334842	0.3148336892102114	0.03225806451612903	0.017241379310344827	0.16666666666666669	0.7154089371698258	0	0.3333333333333333
4d36a0faa1b4	0.0	0.19396770503618765	0.2460491115198026	0.18088083104991842	0.25737420116409937	0.03508771929824561	0.02	0.33333333333333337	0.2365184658562752	0	0.05
b85903a583be	0.37451201773104414	0.5651116435609672	0.6267365309747392	0.5921129943351309	0.5938048335525421	0.09090909090909091	0.1	0.5	1.0	0	1.0
7012373d248c	0.15242888151365158	0.38951777658204884	0.4696040689005133	0.4676632944921593	0.19959983654475358	0.22727272727272727	0.00909090909090909	1.0	0.3922380768833969	0	0.14285714285714285
16449c8e4b82	0.23061599508048822	0.14167841682498472	0.4931199471182676	0.0986240537385567	0.5610269020063738	0.037037037037037035	0.014492753623188406	0.16666666666666669	1.0	0	0.012658227848101266
7fb5ef1cea79	0.0	0.0	0.03639918008035379	0.036399203817070964	0.0	0.03508771929824561	0.043478260869565216	0.33333333333333337	0.2365184658562752	0	0.0625
78e10891a932	0.9598445899940617	0.7652006926941957	0.6945972537553731	0.6102611881517791	0.7208505381879272	0.05555555555555555	0.013513513513513514	0.16666666666666669	0.8187919729325676	1	0.125
a436501eca32	0.11530799754024412	0.14167841682498472	0.16803434660440356	0.11246238877989302	0.17676998140676817	0.030303030303030304	0.007246376811594203	0.16666666666666669	0.8187919729325676	0	0.017241379310344827
e6af3b069eac	0.3911613290415006	0.49923493128011215	0.5716812311246705	0.5423494267650008	0.5256921770019458	0.14285714285714285	0.005780346820809248	0.16666666666666669	1.0	0	1.0
ded901d53140	0.0	0.08938912861378186	0.24310552243687084	0.1921169119349664	0.23973671924881043	0.06666666666666667	0.010101010101010102	0.16666666666666669	1.0	0	0.5
493cced1d40e	0.0	0.11816600049205804	0.2110863048643623	0.15303776336186264	0.21782912381320668	0.125	0.009615384615384616	0.16666666666666669	1.0	0	1.0
dd3cab7eb25e	0.0	0.0	0.2110863048643623	0.17468723870137876	0.18890021352612682	0.030303030303030304	0.07142857142857142	0.16666666666666669	0.8187919729325676	0	0.011363636363636364
26d33cd5b236	0.34592399262073237	0.47732453868615715	0.6303728218094125	0.5750810144666298	0.6303743220693444	0.125	0.009900990099009901	0.16666666666666669	1.0	0	1.0
8ee726b771ea	0.11530799754024412	0.08938912861378186	0.30827392086310235	0.30072585581844824	0.16276665611441907	0.045454545454545456	0.007751937984496124	0.16666666666666669	0.8187919729325676	0	0.3333333333333333
fca812c990cf	0.0	0.2413899532786789	0.2941939488754821	0.25947295739859916	0.2625665743867958	0.037037037037037035	0.00847457627118644	0.16666666666666669	1.0	0	0.3333333333333333
ca8ef6d352a2	0.11530799754024412	0.2598444173170428	0.37812869194087817	0.3774614894865819	0.06296673784204228	0.037037037037037035	0.005405405405405406	0.16666666666666669	1.0	0	0.008849557522123894
abafffb7abb6	0.0	0.14167841682498472	0.25434159599462464	0.25166181710041935	0.06296673784204228	0.03125	0.007633587786259542	0.16666666666666669	0.8187919729325676	0	0.08333333333333333
01c927aaf8b2	0.29806684967477837	0.4449147152285283	0.47675268136453164	0.4049465448062133	0.4916036706169795	0.0625	0.007407407407407408	0.16666666666666669	0.7154089371698258	0	0.0625
fce175ac0d1c	0.0	0.0	0.08225672366991757	0.06222484992148576	0.06296673784204228	0.09090909090909091	0.015151515151515152	0.16666666666666669	1.0	0	0.3333333333333333
15712f5bd2a1	0.11530799754024412	0.28335683364996944	0.42073623630381113	0.42073651067529483	0.0	0.037037037037037035	0.013157894736842105	0.16666666666666669	1.0	0	0.05555555555555555
57157b6e2100	0.4612319901609765	0.5958085695553254	0.5829535283987878	0.5155579096078485	0.594982065583844	0.5	0.0072992700729927005	0.8333333333333334	0.5895426371438677	0	1.0
d81eeff6937b	0.11530799754024412	0.17877825722756366	0.3475232267968525	0.3111242496074288	0.31762904208558346	0.05263157894736842	0.00684931506849315	0.16666666666666669	1.0	0	0.1
9f31b509242e	0.11530799754024412	0.16155788157855885	0.34937424956801705	0.3446733257124728	0.16276665611441907	0.0625	0.013333333333333334	0.16666666666666669	1.0	0	0.03125
445e5c30d7f1	0.0	0.0	0.12444961868659946	0.11246238877989302	0.06296673784204228	0.09090909090909091	0.011494252873563218	0.16666666666666669	1.0	0	0.058823529411764705
2f9556adf482	0.0	0.20755512910583993	0.29913674347060804	0.29587216121567017	0.09979991827237679	0.03125	0.008771929824561403	0.16666666666666669	0.8187919729325676	0	0.1
a13d1e436b6d	0.3351877336481858	0.2759856130067989	0.3605564225394263	0.3484537361784948	0.246004155911222	0.037037037037037035	0.03333333333333333	0.16666666666666669	1.0	0	0.009009009009009009
ebfe0a15cf37	0.06745085459429015	0.2413899532786789	0.3613615528139077	0.3138866670219051	0.3497543400439164	0.03225806451612903	0.037037037037037035	0.16666666666666669	0.7154089371698258	0	0.058823529411764705
efad8bd05876	0.0	0.11816600049205804	0.2460491115198026	0.1444816272328475	0.28079586165524895	0.030303030303030304	0.011111111111111112	0.16666666666666669	0.8187919729325676	0	0.03333333333333333
a13fefe93610	0.34592399262073237	0.2598444173170428	0.3899495976898972	0.37334909952891454	0.2993997548171304	0.037037037037037035	0.024390243902439025	0.16666666666666669	1.0	0	0.021739130434782608
4ec5f574c89f	0.0	0.11816600049205804	0.22673825668313485	0.18088083104991842	0.21782912381320668	0.05263157894736842	0.007194244604316547	0.16666666666666669	1.0	0	0.030303030303030304
acef0e51c611	0.0	0.052289288211202906	0.24889923737319897	0.2067064771543332	0.23300461763247096	0.030303030303030304	0.006172839506172839	0.16666666666666669	0.8187919729325676	0	0.04
bc09d5a2d071	0.20840247690696634	0.2598444173170428	0.32293584370148376	0.29587216121567017	0.27213771332292974	0.030303030303030304	0.05263157894736842	0.16666666666666669	0.8187919729325676	0	0.5
a1e1ee18d049	0.06745085459429015	0.11816600049205804	0.16084879876695327	0.0822567773113617	0.18890021352612682	0.034482758620689655	0.047619047619047616	0.16666666666666669	0.7154089371698258	1	0.25
2bc794b05dce	0.06745085459429015	0.21984644927517105	0.3950483989694681	0.39053089920676354	0.19959983654475358	0.03508771929824561	0.01818181818181818	0.33333333333333337	0.2365184658562752	0	0.5
c54241e72ebc	0.15242888151365158	0.14167841682498472	0.4785086576219368	0.427507413581948	0.47173754986768335	0.037037037037037035	0.008620689655172414	0.16666666666666669	1.0	0	0.02127659574468085
2c3df52aa541	0.29806684967477837	0.19396770503618765	0.342721471388412	0.285298603503014	0.3437625994972912	0.037037037037037035	0.030303030303030304	0.16666666666666669	1.0	0	0.009523809523809525
a5ed598c86c9	0.23061599508048822	0.26816738584134553	0.40785804161935896	0.3832970694666971	0.34780067764132017	0.037037037037037035	0.010752688172043012	0.16666666666666669	1.0	0	0.009433962264150943
da5d8af5ec5e	0.06745085459429015	0.17877825722756366	0.2711478426908739	0.268931327075819	0.06296673784204228	0.03636363636363636	0.05	0.33333333333333337	0.2365184658562752	0	0.25
de915f74a7bf	0.06745085459429015	0.16155788157855885	0.240062131871887	0.2021018020798915	0.21782912381320668	0.05263157894736842	0.016129032258064516	0.16666666666666669	1.0	0	0.3333333333333333
cbf068c41a1f	0.11530799754024412	0.2310675454387666	0.36830013646847753	0.35641899064740357	0.2518669513681691	0.037037037037037035	0.01639344262295082	0.16666666666666669	1.0	0	0.010869565217391304
041ee03a5e4e	0.20840247690696634	0.20755512910583993	0.31916865779722586	0.25947295739859916	0.32297421904561335	0.037037037037037035	0.010526315789473684	0.16666666666666669	1.0	0	0.03225806451612903
136594f7849b	0.5354737581077914	0.5236398165905484	0.6404735381956043	0.6306530818700856	0.5054910523065751	0.05	0.005917159763313609	0.5	1.0	0	0.3333333333333333
65a8a41581c4	0.06745085459429015	0.25094701019234067	0.3344608038282807	0.32888335984339123	0.16276665611441907	0.058823529411764705	0.14285714285714285	0.5	1.0	0	1.0
1f74053488c5	0.11530799754024412	0.3403361388061225	0.3916815759881601	0.3417297347099609	0.38330767684818395	0.03225806451612903	0.014285714285714285	0.16666666666666669	0.7154089371698258	0	0.3333333333333333
92df698bb0ca	0.0	0.0	0.09862398942365351	0.06222484992148576	0.09979991827237679	0.0625	0.034482758620689655	0.16666666666666669	1.0	0	0.16666666666666666
313ca82fe335	0.0	0.0	0.0	0.0	0.0	0.0	0.0	0.0	0.0	0	0.0
fed9bb19a86b	0.06745085459429015	0.16155788157855885	0.26665833602805705	0.21108644251844974	0.26747813811100074	0.030303030303030304	0.0625	0.16666666666666669	0.8187919729325676	0	1.0
23b783ed5e08	0.0	0.2413899532786789	0.3675551411234703	0.3675553808143757	0.0	0.037037037037037035	0.00546448087431694	0.16666666666666669	1.0	0	0.06666666666666667
06d0bc44e8e9	0.3113822963769906	0.530143442641967	0.6279787752970007	0.6267369396836097	0.3119495802941435	0.037037037037037035	0.007874015748031496	0.16666666666666669	1.0	0	0.00909090909090909
73a2a829411d	0.20840247690696634	0.3356461218611724	0.4393504581802702	0.3446733257124728	0.4691784566844586	0.5	0.04	0.16666666666666669	1.0	1	0.07692307692307693
906e8bef4007	0.06745085459429015	0.20755512910583993	0.2733111142076621	0.2067064771543332	0.2848339397992779	0.09090909090909091	0.03125	0.16666666666666669	1.0	0	0.5
324ace413314	0.0	0.29694425771962174	0.346583203298102	0.2975193905947101	0.33734757254989495	0.03125	0.008695652173913044	0.16666666666666669	0.8187919729325676	0	0.3333333333333333
716f1b30e29d	0.11530799754024412	0.20755512910583993	0.3972247825032021	0.3719353461784922	0.33953663752118723	0.05263157894736842	0.005813953488372093	0.16666666666666669	1.0	0	0.5
f2258c95c059	0.0	0.0	0.03639918008035379	0.0	0.06296673784204228	0.03508771929824561	0.007936507936507936	0.33333333333333337	0.2365184658562752	0	0.043478260869565216
11ed757dba68	0.3655177042690685	0.2759856130067989	0.41606622047784897	0.4156296467452772	0.06296673784204228	0.037037037037037035	0.011235955056179775	0.16666666666666669	1.0	0	0.030303030303030304
999c1c6445d2	0.0	0.0	0.11246231544070878	0.0986240537385567	0.06296673784204228	0.16	0.020833333333333332	0.8333333333333334	1.0	0	0.3333333333333333
63577fd5fb1c	0.06745085459429015	0.17877825722756366	0.25166165298624243	0.23691208862286453	0.16276665611441907	0.125	0.017857142857142856	0.16666666666666669	1.0	0	0.2
ca35534e4f25	0.0	0.052289288211202906	0.11246231544070878	0.0986240537385567	0.06296673784204228	0.05263157894736842	0.015873015873015872	0.16666666666666669	1.0	1	0.09090909090909091
aad2e4534db2	0.2502097067288244	0.35346216255331403	0.5118869302756786	0.5106802343765315	0.19959983654475358	0.038461538461538464	0.008547008547008548	0.5	1.0	0	1.0
2dbe361576ee	0.06745085459429015	0.08938912861378186	0.1350231695040073	0.0822567773113617	0.14620423763884519	0.037037037037037035	0.00558659217877095	0.16666666666666669	1.0	0	0.011494252873563218
acb14eef2d73	0.11530799754024412	0.32045667405254846	0.3893647654986319	0.3407266909519464	0.37920885527131615	0.043478260869565216	0.009009009009009009	0.16666666666666669	0.7154089371698258	0	0.5
5f53246b8c77	0.2502097067288244	0.19396770503618765	0.32169759753390653	0.3191688659342263	0.09979991827237679	0.037037037037037035	0.010309278350515464	0.16666666666666669	1.0	0	0.008771929824561403
0945ad92dc9c	0.18275885213453424	0.052289288211202906	0.223073608110253	0.1972481074771134	0.17676998140676817	0.037037037037037035	0.011363636363636364	0.16666666666666669	1.0	0	0.027777777777777776
c91928871d29	0.3237104744472104	0.4071307286455093	0.5130779450768891	0.5096106040596075	0.2887001317985036	0.06666666666666667	0.009523809523809525	0.16666666666666669	1.0	0	0.16666666666666666
ead0217f1e03	0.0	0.0	0.09862398942365351	0.0822567773113617	0.06296673784204228	0.03225806451612903	0.021739130434782608	0.16666666666666669	0.7154089371698258	0	0.06666666666666667
aea28a7dd94d	0.0	0.0	0.06222480934329974	0.06222484992148576	0.0	0.0625	0.012987012987012988	0.16666666666666669	1.0	0	0.25
b115c5595f98	0.35600915770448927	0.4909119627558094	0.5966559400464142	0.5853658248013593	0.4732391014167109	0.037037037037037035	0.005681818181818182	0.16666666666666669	1.0	0	0.2
92975340a7bc	0.18275885213453424	0.14167841682498472	0.2569438484539261	0.1972481074771134	0.2625665743867958	0.06666666666666667	0.2	0.5	1.0	0	1.0
1314c9272a34	0.0	0.0	0.11246231544070878	0.11246238877989302	0.0	0.05	0.005376344086021506	0.16666666666666669	1.0	0	0.3333333333333333
1a2675ebc8be	0.0	0.11816600049205804	0.1350231695040073	0.0822567773113617	0.14620423763884519	0.030303030303030304	0.01098901098901099	0.16666666666666669	0.8187919729325676	0	0.03225806451612903
ce798e111cc1	0.15242888151365158	0.3092355778889529	0.31251587961762084	0.2569440160127405	0.3119495802941435	0.037037037037037035	0.006060606060606061	0.16666666666666669	1.0	0	0.07142857142857142
4f5bd7469d77	0.20840247690696634	0.29694425771962174	0.4512957237649573	0.4507054140768145	0.09979991827237679	0.043478260869565216	0.007352941176470588	0.16666666666666669	0.7154089371698258	0	0.3333333333333333
f390253677ba	0.0	0.2310675454387666	0.43089513777496785	0.3826670915662682	0.4201408572785184	0.5	0.006097560975609756	0.8333333333333334	1.0	0	0.5
2160fbaa2114	0.0	0.3863333863334036	0.4700828509626587	0.4251755556614198	0.4545674916654651	0.03125	0.02564102564102564	0.16666666666666669	0.7154089371698258	0	0.2
1e2ebab6719b	0.06745085459429015	0.052289288211202906	0.2192529709249519	0.1972481074771134	0.16276665611441907	0.05263157894736842	0.005747126436781609	0.16666666666666669	1.0	0	0.125
3e45bff01b5f	0.0	0.20755512910583993	0.22673825668313485	0.21925311390470442	0.09979991827237679	0.037037037037037035	0.005555555555555556	0.16666666666666669	1.0	0	0.008333333333333333
4e3f11acd75b	0.0	0.052289288211202906	0.1350231695040073	0.0986240537385567	0.12593347568408456	0.03508771929824561	0.02702702702702703	0.33333333333333337	0.2365184658562752	0	0.1
180776201731	0.29806684967477837	0.4741003394381032	0.5813088150871166	0.5764055357755102	0.38594095688765573	0.030303030303030304	0.009174311926605505	0.16666666666666669	0.7154089371698258	0	0.009523809523809525
275472a94cb7	0.5601640606367227	0.5721690351711397	0.6628712474087772	0.6517247683918707	0.5388958333942925	0.037037037037037035	0.005208333333333333	0.16666666666666669	1.0	0	0.022222222222222223
2a85b07ffb95	0.20840247690696634	0.3448615593629846	0.39559746137747337	0.3580970111371559	0.36727805638337757	0.09090909090909091	0.09090909090909091	0.5	1.0	0	0.16666666666666666
aa08718da6a6	0.3351877336481858	0.14167841682498472	0.3511878753697344	0.32169780732008496	0.3058912157618215	0.037037037037037035	0.03571428571428571	0.16666666666666669	1.0	0	0.05
1fd4d0cd328f	0.0	0.17877825722756366	0.4054381801753935	0.35384164188242545	0.39919967308950716	0.09090909090909091	0.018518518518518517	0.5	1.0	0	1.0
209b7d629f0a	0.06745085459429015	0.21984644927517105	0.4626183240030097	0.46261862568673695	0.0	0.08333333333333333	0.011904761904761904	0.5	1.0	0	0.008695652173913044
a6b6e3cf36a4	0.8987584855447378	1.0	1.0	1.0	0.06296673784204228	0.22727272727272727	0.00625	1.0	0.22080093635368098	0	1.0
1ede45ab9729	0.0	0.3149681328686091	0.4054381801753935	0.3555680697512972	0.39692850978418076	0.041666666666666664	0.012345679012345678	0.5	1.0	0	1.0
97515a8cea01	0.0	0.0	0.1350231695040073	0.0822567773113617	0.14620423763884519	0.05263157894736842	0.007575757575757576	0.16666666666666669	1.0	0	1.0
e04b56dad3ce	0.0	0.052289288211202906	0.16803434660440356	0.15303776336186264	0.09979991827237679	0.03225806451612903	0.0055248618784530384	0.16666666666666669	0.7154089371698258	0	1.0
5cda33da0063	0.06745085459429015	0.19396770503618765	0.3288831453713568	0.30681439083211687	0.2625665743867958	0.058823529411764705	0.014925373134328358	0.16666666666666669	1.0	1	0.5
70c932476a7e	0.20840247690696634	0.2903294102274493	0.4219688152624057	0.3933810269187905	0.37343918314433405	0.037037037037037035	0.0058823529411764705	0.16666666666666669	1.0	0	0.058823529411764705
f1fe33ceb2aa	0.42669029391723473	0.5422424268285017	0.6162671596095013	0.6009807600242009	0.518444171677609	0.09090909090909091	0.125	0.5	1.0	0	0.5
5951a50a6f9a	0.8097351705113746	0.6835996448509287	0.6021394373337365	0.5498219072421794	0.5981743055117718	0.0625	1.0	0.16666666666666669	0.5895426371438677	1	0.2
7a6fa0f8e860	0.40629487336191983	0.4789069051958307	0.49030556541181364	0.422781507587797	0.5015794507585779	0.038461538461538464	0.006993006993006993	0.33333333333333337	0.8187919729325676	0	0.16666666666666666
a87acbe31c0a	0.0	0.052289288211202906	0.12444961868659946	0.12444969984297151	0.0	0.0625	0.1111111111111111	0.16666666666666669	1.0	0	0.1111111111111111
57637df59335	0.15242888151365158	0.17877825722756366	0.21526247290588865	0.18667454976445727	0.17676998140676817	0.03125	0.029411764705882353	0.16666666666666669	0.7154089371698258	0	0.038461538461538464
02ae7e2f505b	0.521602870902164	0.5751858102220904	0.6616926122217767	0.6510276337155685	0.5339441008432443	0.037037037037037035	0.02127659574468085	0.16666666666666669	0.8187919729325676	0	0.02040816326530612
d6efe74b0919	0.4133748472150225	0.39862470650273474	0.626903160115591	0.4691230255554443	0.6801992159969594	0.05	0.011764705882352941	0.5	1.0	0	1.0
e1617c4488bb	0.23061599508048822	0.38951777658204884	0.49566940838295165	0.4910650565455865	0.29597135547451325	0.037037037037037035	0.0053475935828877	0.16666666666666669	1.0	0	0.07692307692307693
762164b895b5	0.20840247690696634	0.19396770503618765	0.5245833027051224	0.22673840454420918	0.5905888587606988	0.037037037037037035	0.012658227848101266	0.16666666666666669	1.0	0	0.009259259259259259
0d27e2dd0c64	0.15242888151365158	0.2598444173170428	0.3288831453713568	0.2543417618564522	0.34580407418359876	0.037037037037037035	0.012195121951219513	0.16666666666666669	1.0	0	0.125
6c0728623560	0.0	0.0	0.12444961868659946	0.11246238877989302	0.06296673784204228	0.05263157894736842	0.005952380952380952	0.16666666666666669	1.0	0	0.017241379310344827
8559551465d2	0.9973284100421078	0.9192997660272638	0.9469898526770555	0.9469904702302598	0.0	0.5	0.011627906976744186	0.16666666666666669	0.5103802579762019	1	1.0
29602c3d19fb	0.15242888151365158	0.4015228341420275	0.5231406337281983	0.5224774723590709	0.16276665611441907	0.037037037037037035	0.0125	0.16666666666666669	1.0	0	0.009708737864077669
241dae6ebdad	0.0	0.11816600049205804	0.1808807130935711	0.12444969984297151	0.18890021352612682	0.5	0.16666666666666666	0.16666666666666669	1.0	1	0.058823529411764705
9afb97b16a76	0.18275885213453424	0.21984644927517105	0.38818354551084056	0.3417297347099609	0.37491631813618576	0.037037037037037035	0.019230769230769232	0.16666666666666669	1.0	0	0.008547008547008548
10e8aabfdaec	0.4133748472150225	0.39262542701732545	0.46441638115586986	0.43272382173837337	0.4236352034845948	0.037037037037037035	0.00819672131147541	0.16666666666666669	1.0	0	0.0196078431372549
cad18afd4ab2	0.06745085459429015	0.052289288211202906	0.20210167028488468	0.1921169119349664	0.09979991827237679	0.037037037037037035	0.008928571428571428	0.16666666666666669	1.0	0	0.1
fb2f7e80dcf1	0.15242888151365158	0.20755512910583993	0.3704987302064021	0.36136178846583605	0.23300461763247096	0.0625	0.007692307692307693	0.16666666666666669	0.8187919729325676	0	0.3333333333333333
60d57bf5df89	0.06745085459429015	0.2598444173170428	0.3386861212955405	0.33764850999558577	0.06296673784204228	0.03225806451612903	0.0078125	0.16666666666666669	0.7154089371698258	0	0.16666666666666666
be1f70b531e4	0.39890013257247225	0.515612970475485	0.5487345946719675	0.51263349849696	0.5181418692341517	0.07692307692307693	0.005319148936170213	0.16666666666666669	0.7154089371698258	0	0.125
f9df73321192	0.5387680098390235	0.46033140759385666	0.5463163629614769	0.5207290586343	0.48955297855960983	0.16	0.010638297872340425	0.8333333333333334	1.0	0	1.0
3024c07c9bff	0.18275885213453424	0.20755512910583993	0.4445749969832488	0.42156010803370686	0.37920885527131615	0.0625	0.005494505494505495	0.16666666666666669	1.0	0	0.05263157894736842
4acf9d4318d6	0.6588982080953962	0.5682960338096126	0.5492302967810679	0.4489099245775328	0.5829075133929376	0.16	0.06666666666666667	0.8333333333333334	0.5103802579762019	0	0.05555555555555555
622b14c530f6	0.4133748472150225	0.4741003394381032	0.5900031618668092	0.589436765824515	0.2091709754808875	0.045454545454545456	0.005263157894736842	0.16666666666666669	0.7154089371698258	0	1.0
cb7f523dc6a6	0.20840247690696634	0.17877825722756366	0.2689311516998168	0.2619326039277545	0.12593347568408456	0.037037037037037035	0.022727272727272728	0.16666666666666669	1.0	0	0.015873015873015872
8c9fc70d3cfe	0.06745085459429015	0.11816600049205804	0.32044203267738586	0.31251608341619624	0.17676998140676817	0.037037037037037035	0.005988023952095809	0.16666666666666669	1.0	0	1.0
3a226e374228	0.0	0.0	0.08225672366991757	0.036399203817070964	0.09979991827237679	0.06666666666666667	0.01	0.16666666666666669	1.0	0	1.0
843687183d39	0.0	0.0	0.1746871247840085	0.06222484992148576	0.21782912381320668	0.045454545454545456	0.008849557522123894	0.16666666666666669	0.8187919729325676	0	0.03571428571428571
6a1015c34aa9	0.20840247690696634	0.32572112959789795	0.3712197896963522	0.33971231312631994	0.330444875953043	0.09090909090909091	0.25	0.5	1.0	0	1.0
82f8e82503f5	0.06745085459429015	0.14167841682498472	0.30533033178017055	0.2666585099219055	0.28079586165524895	0.05263157894736842	0.006329113924050633	0.16666666666666669	1.0	0	0.14285714285714285
d31f25ca302d	0.0	0.17877825722756366	0.240062131871887	0.18667454976445727	0.23973671924881043	0.047619047619047616	0.0070921985815602835	0.16666666666666669	0.5462100471445852	0	0.07692307692307693
c3d0231161db	0.0	0.0	0.16084879876695327	0.12444969984297151	0.14620423763884519	0.0625	0.016666666666666666	0.16666666666666669	0.8187919729325676	0	0.16666666666666666
450dbb91ce98	0.28359213503222813	0.17877825722756366	0.32772478834659746	0.3265515019228631	0.06296673784204228	0.030303030303030304	0.058823529411764705	0.16666666666666669	0.8187919729325676	0	0.011627906976744186
efe0d828766c	0.0	0.14167841682498472	0.37193510363131554	0.3111242496074288	0.37636981795152175	0.030303030303030304	0.006711409395973154	0.16666666666666669	0.8187919729325676	0	1.0
9e45cd1015cd	0.42669029391723473	0.46566849690770495	0.5387555587681989	0.5296425314494834	0.39692850978418076	0.037037037037037035	0.022222222222222223	0.16666666666666669	1.0	0	0.01639344262295082
59539dbe627a	0.15242888151365158	0.3403361388061225	0.42712267414803223	0.4251755556614198	0.16276665611441907	0.030303030303030304	0.010869565217391304	0.16666666666666669	0.8187919729325676	0	0.034482758620689655
9a50e99d67a7	0.0	0.32045667405254846	0.4452071927217556	0.3826670915662682	0.45146678791292266	0.05263157894736842	0.007042253521126761	0.16666666666666669	1.0	0	0.3333333333333333
c4290148ec3a	0.18275885213453424	0.19396770503618765	0.32293584370148376	0.22673840454420918	0.35353996281353633	0.037037037037037035	0.010416666666666666	0.16666666666666669	1.0	0	0.03125
09651e9eb739	0.4663509871667623	0.5675072775124996	0.6473917161955948	0.6362994888809371	0.5228619854682653	0.09090909090909091	0.08333333333333333	0.5	1.0	0	1.0
870bdb7ff9c8	0.11530799754024412	0.2413899532786789	0.35384141113454926	0.346583429312739	0.19959983654475358	0.03636363636363636	0.006493506493506494	0.33333333333333337	0.2365184658562752	0	1.0
40c49fe2a965	0.0	0.0	0.2110863048643623	0.2067064771543332	0.06296673784204228	0.0625	0.006211180124223602	0.16666666666666669	1.0	0	0.022727272727272728
eee397a7bf7e	0.0	0.21984644927517105	0.29248396529100307	0.24604927197391604	0.28079586165524895	0.0625	0.02040816326530612	0.16666666666666669	0.8187919729325676	0	1.0
2b25de3ee40c	0.11530799754024412	0.2598444173170428	0.3966856131715804	0.3961434443332668	0.06296673784204228	0.0625	0.006944444444444444	0.16666666666666669	0.8187919729325676	0	0.5
07de5a904de1	0.15242888151365158	0.16155788157855885	0.32169759753390653	0.3097104962570064	0.2091709754808875	0.030303030303030304	0.006622516556291391	0.16666666666666669	0.8187919729325676	0	0.02857142857142857
b80cd8d87227	0.06745085459429015	0.16155788157855885	0.41021438224790097	0.36528256366046225	0.3945991052199749	0.5	0.0136986301369863	0.16666666666666669	1.0	1	0.030303030303030304
4fa83b891373	0.35600915770448927	0.2413899532786789	0.3511878753697344	0.2431056809714042	0.387229514668706	0.037037037037037035	0.01282051282051282	0.16666666666666669	1.0	0	0.009615384615384616
ae5fc94d872f	0.3655177042690685	0.3448615593629846	0.4823383511930069	0.4476926654880054	0.4482564962391283	0.16666666666666666	0.005235602094240838	0.8333333333333334	1.0	0	0.2
730bce4598f8	0.18275885213453424	0.2413899532786789	0.43199664145782707	0.41159932732424326	0.35717411943647615	0.09090909090909091	0.008333333333333333	0.16666666666666669	1.0	0	1.0
417fbcaf20e4	0.34592399262073237	0.4151102582116798	0.5272747247012909	0.5197733075887534	0.36885795360386375	0.05555555555555555	0.009259259259259259	0.16666666666666669	0.8187919729325676	0	0.1111111111111111
b3b5276828e0	0.18275885213453424	0.17877825722756366	0.1921167866513249	0.1350232575556277	0.19959983654475358	0.0625	0.006666666666666667	0.16666666666666669	1.0	0	0.1111111111111111
cbb4b0994526	0.3655177042690685	0.2903294102274493	0.46441638115586986	0.40244578470528286	0.470210760979856	0.037037037037037035	0.02631578947368421	0.16666666666666669	1.0	0	0.16666666666666666
fc830652e6f6	0.0	0.11816600049205804	0.3311559610431165	0.2795048847884751	0.32553331222883813	0.5	0.0056179775280898875	0.8333333333333334	1.0	0	0.5
0f6a6160cbc6	0.06745085459429015	0.16155788157855885	0.23691193412730824	0.1921169119349664	0.22573339395646133	0.05555555555555555	0.05555555555555555	0.16666666666666669	0.8187919729325676	0	0.1
dfd114b082c8	0.0	0.14167841682498472	0.1808807130935711	0.17468723870137876	0.06296673784204228	0.043478260869565216	0.00641025641025641	0.16666666666666669	0.7154089371698258	0	0.034482758620689655
3c90e614c5c4	0.5103837254476588	0.5550576255214867	0.6118989097279184	0.5744860066055157	0.5845257906893783	0.05263157894736842	0.07692307692307693	0.16666666666666669	1.0	1	0.5
8870deb3cd89	0.734087866220658	0.7432839736633603	0.733626838882853	0.6902862430604149	0.718178042625765	0.03508771929824561	0.006896551724137931	0.33333333333333337	0.23102188233319024	0	0.08333333333333333
44728f9b507e	0.685219447964522	0.6184711557779058	0.6727607037051548	0.579209999168733	0.7042751135128286	1.0	0.0196078431372549	1.0	1.0	1	1.0
452dba809a58	0.15242888151365158	0.28335683364996944	0.32169759753390653	0.2643266520013773	0.32297421904561335	0.5	0.3333333333333333	0.16666666666666669	1.0	1	0.1
54c36381c65d	0.0	0.11816600049205804	0.29248396529100307	0.2754236600741	0.2091709754808875	0.06666666666666667	0.009708737864077669	0.16666666666666669	1.0	0	0.3333333333333333
a50cdaf71385	0.0	0.17877825722756366	0.2834084229327595	0.2431056809714042	0.2625665743867958	0.03125	0.006578947368421052	0.16666666666666669	0.8187919729325676	0	1.0
f15277be8b1c	0.42669029391723473	0.37274596226375134	0.5071164607072851	0.4413457486232843	0.5169224979000296	0.22727272727272727	0.006802721088435374	1.0	0.4308178743396518	0	0.0625
0e1dbde05ef1	0.0	0.0	0.0	0.0	0.0	0.0	0.0	0.0	0.0	0	0.0
a43605f9f123	0.0	0.052289288211202906	0.2110863048643623	0.17468723870137876	0.18890021352612682	0.05263157894736842	0.014084507042253521	0.16666666666666669	1.0	1	0.07142857142857142
bbac3d3dec30	0.15242888151365158	0.3492335459308247	0.43731011071919407	0.422781507587797	0.335104451164972	0.03508771929824561	0.006369426751592357	0.33333333333333337	0.23102188233319024	0	0.1111111111111111
949724cb4301	0.11530799754024412	0.14167841682498472	0.4138604234160401	0.2795048847884751	0.45931847235258116	0.030303030303030304	0.038461538461538464	0.16666666666666669	0.8187919729325676	0	0.3333333333333333
d6b1ad61ed81	0.2677368790538957	0.37274596226375134	0.5228758210764095	0.4934889405965742	0.4766491135918883	0.5	0.5	0.16666666666666669	1.0	1	0.07142857142857142
8c31110375c5	0.9325491454057099	0.829080634531919	0.8781007659745617	0.8689093554294399	0.739930043956803	0.16666666666666666	0.0051813471502590676	0.8333333333333334	0.4308178743396518	0	1.0
1f0b4d315d7a	0.0	0.14167841682498472	0.3733488560597984	0.3333728694339155	0.3497543400439164	0.05263157894736842	0.005434782608695652	0.16666666666666669	1.0	0	0.125
f0206fe5103b	0.0	0.0	0.16803434660440356	0.12444969984297151	0.16276665611441907	0.0625	0.014705882352941176	0.16666666666666669	0.8187919729325676	0	1.0
5bafad827a5e	0.37451201773104414	0.43645520751459366	0.5194980176560676	0.5061634569731308	0.40977459903923913	0.045454545454545456	0.005291005291005291	0.16666666666666669	0.7154089371698258	0	1.0
