revisions	files	functions	lines	addLines	deleteLines	pos	time	rf	ibf	isComponent	distance
56bec749e36f	0.28359213503222813	0.41250489177089955	0.4641617102790876	0.3961434443332668	0.475687815728001	0.09090909090909091	0.010416666666666666	1.0	1.0	0	1.0
646c10309afc	0.0	0.052289288211202906	0.16803434660440356	0.1350232575556277	0.14620423763884519	0.058823529411764705	0.00980392156862745	1.0	1.0	0	0.25
be0dd134b91e	0.15242888151365158	0.26816738584134553	0.342721471388412	0.2941941407259178	0.3328045359048477	0.07692307692307693	0.2	1.0	0.7674432176298361	0	0.05555555555555555
2fa506aff13c	0.06745085459429015	0.16155788157855885	0.3547087746343028	0.33764850999558577	0.26747813811100074	0.3333333333333333	0.0625	1.0	1.0	1	0.25
5b5c21373151	0.0	0.7370627713512062	0.7959593296083084	0.7952990604820471	0.42277413731799013	0.045454545454545456	0.008771929824561403	1.0	1.0	0	0.030303030303030304
a786768b5354	0.18275885213453424	0.14167841682498472	0.41430594008159954	0.3355361423614212	0.4341441825708676	0.3333333333333333	0.16666666666666666	1.0	1.0	1	0.1111111111111111
fecbb84237a5	0.2677368790538957	0.3830683701036636	0.5381983166073724	0.5381986675784985	0.0	0.16666666666666666	0.010526315789473684	1.0	1.0	0	0.5
3f658c78cf90	0.11530799754024412	0.052289288211202906	0.06222480934329974	0.036399203817070964	0.06296673784204228	0.07692307692307693	0.011494252873563218	1.0	1.0	0	0.06666666666666667
6004620ff884	0.06745085459429015	0.17877825722756366	0.3152364339923866	0.3097104962570064	0.14620423763884519	0.045454545454545456	0.012345679012345678	1.0	1.0	0	0.029411764705882353
07f508554486	0.35600915770448927	0.39262542701732545	0.43731011071919407	0.4366198426291333	0.09979991827237679	0.034482758620689655	0.01818181818181818	1.0	1.0	0	0.07692307692307693
f24b56631259	0.5866251527849775	0.5403031233277195	0.6869372863551031	0.6248407336733398	0.6950415320340005	0.03333333333333333	0.05263157894736842	1.0	1.0	0	0.3333333333333333
d4edaa6a6f24	0.06745085459429015	0.17877825722756366	0.3111240467164987	0.22673840454420918	0.335104451164972	0.058823529411764705	0.022727272727272728	1.0	1.0	0	0.047619047619047616
1634118ff3f2	0.23061599508048822	0.3032362984035436	0.4458349674748824	0.44520748305129576	0.09979991827237679	0.09090909090909091	0.012195121951219513	1.0	1.0	0	0.3333333333333333
2f8b529717a0	0.0	0.0	0.06222480934329974	0.036399203817070964	0.06296673784204228	0.029411764705882353	0.023255813953488372	1.0	1.0	0	0.5
5c02ec1a8f02	0.15242888151365158	0.25094701019234067	0.3333726520341736	0.32415745384924033	0.19959983654475358	0.1111111111111111	0.14285714285714285	1.0	1.0	0	0.5
d2c448835bbb	0.0	0.052289288211202906	0.20210167028488468	0.15303776336186264	0.19959983654475358	0.07692307692307693	0.011627906976744186	1.0	1.0	0	0.16666666666666666
f9a99696d84a	0.18275885213453424	0.29694425771962174	0.3437025896115514	0.3138866670219051	0.2993997548171304	0.058823529411764705	0.01098901098901099	1.0	1.0	0	0.25
abd543130790	0.0	0.0	0.2460491115198026	0.1921169119349664	0.246004155911222	0.058823529411764705	0.010101010101010102	1.0	1.0	0	0.05
74faae7d4504	0.3655177042690685	0.3863333863334036	0.42634877777025093	0.36055665766631123	0.43565824762641336	0.045454545454545456	0.012987012987012988	1.0	1.0	0	0.2
c66168b4dd45	0.06745085459429015	0.11816600049205804	0.2460491115198026	0.21526261328334842	0.2091709754808875	0.045454545454545456	0.013513513513513514	1.0	1.0	0	0.125
4e3f11acd75b	0.0	0.052289288211202906	0.1350231695040073	0.0986240537385567	0.12593347568408456	0.027777777777777776	0.027777777777777776	1.0	0.020171391671138444	0	0.1
e9e0ad85fff1	0.20840247690696634	0.2413899532786789	0.21526247290588865	0.16803445618334878	0.2091709754808875	0.038461538461538464	0.021739130434782608	1.0	1.0	0	0.05263157894736842
fb37c7361630	0.06745085459429015	0.052289288211202906	0.08225672366991757	0.036399203817070964	0.09979991827237679	0.058823529411764705	0.013888888888888888	1.0	1.0	0	0.037037037037037035
f0eb081ec920	0.11530799754024412	0.26816738584134553	0.33764828980760514	0.3097104962570064	0.2887001317985036	0.045454545454545456	0.011764705882352941	1.0	1.0	0	0.2
5c65b7a0589a	0.37451201773104414	0.32045667405254846	0.5155575734012561	0.41474952712313623	0.5491391663097729	0.14285714285714285	0.02564102564102564	1.0	1.0	1	1.0
cf3f8f167cfa	0.11530799754024412	0.16155788157855885	0.25434159599462464	0.2431056809714042	0.14620423763884519	0.034482758620689655	0.015384615384615385	1.0	1.0	0	0.14285714285714285
e3a65fea0fa1	0.11530799754024412	0.42740157838101095	0.5340806887856315	0.5265142887211174	0.37636981795152175	0.03225806451612903	0.02	1.0	1.0	0	1.0
6a78ac65078c	0.38304487659413977	0.4741003394381032	0.48212982282082245	0.42156010803370686	0.48660194132663714	0.1111111111111111	0.041666666666666664	1.0	0.7674432176298361	0	0.3333333333333333
9e98f2add194	0.18275885213453424	0.11816600049205804	0.3998730991509049	0.354709005947806	0.3846338580716547	0.047619047619047616	0.009009009009009009	1.0	1.0	0	0.125
a6b6e3cf36a4	0.8987584855447378	1.0	1.0	1.0	0.06296673784204228	1.0	0.009523809523809525	1.0	0.0	0	1.0
2eb5ffb919b8	0.06745085459429015	0.14167841682498472	0.31787696034860546	0.23691208862286453	0.33953663752118723	0.1111111111111111	0.03225806451612903	1.0	1.0	0	1.0
ed91153616b1	0.15242888151365158	0.2413899532786789	0.2852984174535528	0.2795048847884751	0.12593347568408456	0.058823529411764705	0.3333333333333333	1.0	1.0	0	0.25
134821f9889c	0.0	0.20755512910583993	0.31388646232954215	0.3053305308928899	0.17676998140676817	0.038461538461538464	0.018518518518518517	1.0	1.0	0	0.5
5951a50a6f9a	0.8097351705113746	0.6835996448509287	0.6021394373337365	0.5498219072421794	0.5981743055117718	0.047619047619047616	0.5	1.0	0.4732317041869031	0	0.3333333333333333
fe715a1d4fb1	0.0	0.052289288211202906	0.1808807130935711	0.17468723870137876	0.06296673784204228	0.07692307692307693	0.009433962264150943	1.0	1.0	0	0.16666666666666666
46a24feca988	0.0	0.0	0.0	0.0	0.0	0.045454545454545456	0.013157894736842105	1.0	1.0	0	0.03333333333333333
b975478b400e	0.0	0.052289288211202906	0.11246231544070878	0.0822567773113617	0.09979991827237679	0.25	0.058823529411764705	1.0	1.0	0	0.16666666666666666
a67a4650fc24	0.28359213503222813	0.3863333863334036	0.4626183240030097	0.3355361423614212	0.5061845045321839	0.03225806451612903	0.045454545454545456	1.0	1.0	0	0.2
a94bd6322f17	0.0	0.0	0.03639918008035379	0.0	0.06296673784204228	0.045454545454545456	0.020833333333333332	1.0	1.0	0	1.0
b815f0d49896	0.0	0.08938912861378186	0.1808807130935711	0.18088083104991842	0.0	0.03571428571428571	0.1111111111111111	1.0	1.0	0	0.09090909090909091
76cbc14fc1e5	0.0	0.14167841682498472	0.33764828980760514	0.15303776336186264	0.3934116137950853	0.1111111111111111	0.04	1.0	1.0	0	0.25
292de8f2defa	0.0	0.11816600049205804	0.2192529709249519	0.18088083104991842	0.19959983654475358	0.058823529411764705	0.016666666666666666	1.0	1.0	0	0.2
95da06f756f9	0.06745085459429015	0.11816600049205804	0.2975191965758062	0.29248415602632033	0.12593347568408456	0.02857142857142857	0.025	1.0	0.020171391671138444	0	0.3333333333333333
183db3c288ad	0.11530799754024412	0.2310675454387666	0.35384141113454926	0.32772500206324146	0.2993997548171304	0.03571428571428571	0.012048192771084338	1.0	1.0	0	0.5
c9b18dd72c54	0.0	0.21984644927517105	0.2754234804643054	0.2666585099219055	0.14620423763884519	0.043478260869565216	0.017857142857142856	1.0	1.0	0	0.3333333333333333
68aba8984cd4	0.11530799754024412	0.17877825722756366	0.37264476285153675	0.3719353461784922	0.06296673784204228	0.058823529411764705	0.014084507042253521	1.0	1.0	0	0.022727272727272728
ca1f94af7f4d	0.06745085459429015	0.25094701019234067	0.3966856131715804	0.34272169488472753	0.3934116137950853	0.1111111111111111	0.02857142857142857	1.0	1.0	0	0.14285714285714285
1fa57a19bb5d	0.0	0.16155788157855885	0.4156293757040912	0.35384164188242545	0.4210271257758232	0.07692307692307693	0.009708737864077669	1.0	1.0	0	0.3333333333333333
8036ab6883ba	0.15242888151365158	0.16155788157855885	0.16803434660440356	0.11246238877989302	0.17676998140676817	0.03571428571428571	0.014925373134328358	1.0	1.0	0	1.0
0a3cb5162a1a	0.0	0.20755512910583993	0.31251587961762084	0.22307375358152826	0.33953663752118723	0.03125	0.02702702702702703	1.0	1.0	0	0.3333333333333333
656a037df70b	0.0	0.0	0.1866744280298992	0.16803445618334878	0.12593347568408456	0.047619047619047616	0.03125	1.0	1.0	0	0.14285714285714285
da267f0677d5	0.0	0.0	0.06222480934329974	0.06222484992148576	0.0	0.045454545454545456	0.017241379310344827	1.0	1.0	0	0.041666666666666664
9653287cbbf2	0.06745085459429015	0.17877825722756366	0.366046342181228	0.346583429312739	0.2887001317985036	0.03571428571428571	0.014285714285714285	1.0	1.0	0	0.5
8bc4b51b13ee	0.29806684967477837	0.3492335459308247	0.5020781899810007	0.4009111920818	0.5357080747233237	0.1111111111111111	0.01639344262295082	1.0	1.0	0	0.2
4c2de496d3b6	0.06745085459429015	0.0	0.11246231544070878	0.06222484992148576	0.12593347568408456	0.047619047619047616	0.011111111111111112	1.0	1.0	0	0.14285714285714285
acd7b58e970f	0.06745085459429015	0.20755512910583993	0.34467310094345616	0.24889939968594305	0.37491631813618576	0.07692307692307693	0.010869565217391304	1.0	1.0	0	0.5
8559551465d2	0.9973284100421078	0.9192997660272638	0.9469898526770555	0.9469904702302598	0.0	0.1111111111111111	0.014705882352941176	1.0	0.37163715298554556	1	0.5
4babc24f2de4	0.0	0.0	0.03639918008035379	0.0	0.06296673784204228	0.07692307692307693	0.015873015873015872	1.0	1.0	0	0.030303030303030304
4d36a0faa1b4	0.0	0.19396770503618765	0.2460491115198026	0.18088083104991842	0.25737420116409937	0.027777777777777776	0.023809523809523808	1.0	0.020171391671138444	0	0.05
3a991e0f0850	0.15242888151365158	0.2598444173170428	0.29913674347060804	0.28714962748127176	0.18890021352612682	0.03333333333333333	0.06666666666666667	1.0	1.0	0	0.5
e4c9e21222f7	0.15242888151365158	0.29694425771962174	0.5108316704889717	0.4618368661826505	0.5015794507585779	0.25	0.03571428571428571	1.0	1.0	0	1.0
7012373d248c	0.15242888151365158	0.38951777658204884	0.4696040689005133	0.4676632944921593	0.19959983654475358	0.06666666666666667	0.0125	1.0	0.22001712852100117	0	0.14285714285714285
7fb5ef1cea79	0.0	0.0	0.03639918008035379	0.036399203817070964	0.0	0.027777777777777776	0.037037037037037035	1.0	0.020171391671138444	0	0.0625
9b34cfe59b58	0.06745085459429015	0.16155788157855885	0.19724797884730702	0.1972481074771134	0.0	0.05263157894736842	0.010752688172043012	1.0	1.0	0	0.3333333333333333
c89fda787dfe	0.4941411485115248	0.45476387023436265	0.5611557867463646	0.5176903491218958	0.5440480377901458	0.045454545454545456	0.019230769230769232	1.0	1.0	0	0.037037037037037035
20c2c8d3171e	0.0	0.052289288211202906	0.11246231544070878	0.0822567773113617	0.09979991827237679	0.07692307692307693	0.022222222222222223	1.0	1.0	0	0.041666666666666664
175d6523ecaa	0.0	0.16155788157855885	0.4182191155947112	0.35641899064740357	0.4236352034845948	0.07692307692307693	0.009900990099009901	1.0	1.0	0	1.0
d89ae50c325a	0.28359213503222813	0.16155788157855885	0.46517608744321615	0.4308954187712978	0.43024479422541984	0.3333333333333333	0.05	1.0	1.0	1	1.0
7d59484ba9ba	0.11530799754024412	0.3403361388061225	0.3916815759881601	0.379449131178624	0.27656989967914497	1.0	0.011904761904761904	1.0	1.0	0	0.25
4990725e8ee7	0.29806684967477837	0.3492335459308247	0.3547087746343028	0.32169780732008496	0.31762904208558346	0.045454545454545456	0.015151515151515152	1.0	1.0	0	0.02564102564102564
e66c0a6995fc	0.0	0.0	0.09862398942365351	0.06222484992148576	0.09979991827237679	0.045454545454545456	0.01282051282051282	1.0	1.0	0	0.05
9d01af7aeaae	0.0	0.052289288211202906	0.16803434660440356	0.16803445618334878	0.0	0.038461538461538464	0.018867924528301886	1.0	1.0	0	0.125
42b57f76c282	0.06745085459429015	0.08938912861378186	0.16803434660440356	0.12444969984297151	0.16276665611441907	0.25	0.047619047619047616	1.0	1.0	0	0.02127659574468085
4acf9d4318d6	0.6588982080953962	0.5682960338096126	0.5492302967810679	0.4489099245775328	0.5829075133929376	0.058823529411764705	0.09090909090909091	1.0	0.37163715298554556	0	0.05263157894736842
27a8d2cd4ca2	0.0	0.14167841682498472	0.29248396529100307	0.28896325446569493	0.09979991827237679	0.045454545454545456	0.017543859649122806	1.0	1.0	0	0.5
fb836e103803	0.2677368790538957	0.3653747416205808	0.4735945669195766	0.3668041506363452	0.509574517311616	0.038461538461538464	0.01694915254237288	1.0	1.0	0	0.3333333333333333
ddf405473eeb	0.0	0.0	0.14448153301321734	0.12444969984297151	0.09979991827237679	0.045454545454545456	0.013333333333333334	1.0	1.0	0	0.25
887eadc04fe4	0.9752036536010036	0.8058800956244184	0.8268074133456284	0.7989297784651308	0.7796764277117604	0.045454545454545456	0.012658227848101266	1.0	1.0	0	0.3333333333333333
f10533829c90	0.29806684967477837	0.37274596226375134	0.5320685884633054	0.5311062293487824	0.19959983654475358	0.058823529411764705	0.00909090909090909	1.0	0.7674432176298361	0	0.5
236fa32220f9	0.20840247690696634	0.3797185388412312	0.4376534053014468	0.4235866383873218	0.3328045359048477	1.0	0.0136986301369863	1.0	0.7674432176298361	0	0.2
f8b24dad13ef	0.23061599508048822	0.4151102582116798	0.6459222106707075	0.5040624983092303	0.6956871765459206	0.043478260869565216	0.0196078431372549	1.0	1.0	0	0.14285714285714285
efc8488eb34d	0.15242888151365158	0.2759856130067989	0.32044203267738586	0.2666585099219055	0.31762904208558346	0.029411764705882353	0.07142857142857142	1.0	1.0	0	0.2
870bdb7ff9c8	0.11530799754024412	0.2413899532786789	0.35384141113454926	0.346583429312739	0.19959983654475358	0.02857142857142857	0.01020408163265306	1.0	0.020171391671138444	0	1.0
2bc794b05dce	0.06745085459429015	0.21984644927517105	0.3950483989694681	0.39053089920676354	0.19959983654475358	0.027777777777777776	0.02127659574468085	1.0	0.020171391671138444	0	0.5
67500d358dc6	0.06745085459429015	0.11816600049205804	0.1350231695040073	0.0822567773113617	0.14620423763884519	0.1111111111111111	0.25	1.0	1.0	0	0.125
4ba35f9c168b	0.20840247690696634	0.42016821050624265	0.528029110853761	0.5270221909664689	0.19959983654475358	0.043478260869565216	0.015625	1.0	1.0	0	1.0
d73f986cfd5c	0.06745085459429015	0.3863333863334036	0.46441638115586986	0.4173644153632399	0.4520954534006667	0.1111111111111111	0.02631578947368421	1.0	1.0	0	0.16666666666666666
f1de8ab5753a	0.0	0.0	0.11246231544070878	0.06222484992148576	0.12593347568408456	0.07692307692307693	0.011363636363636364	1.0	1.0	0	0.019230769230769232
8870deb3cd89	0.734087866220658	0.7432839736633603	0.733626838882853	0.6902862430604149	0.718178042625765	0.027777777777777776	0.010309278350515464	1.0	0.013117246229326307	0	0.08333333333333333
da5d8af5ec5e	0.06745085459429015	0.17877825722756366	0.2711478426908739	0.268931327075819	0.06296673784204228	0.02857142857142857	0.038461538461538464	1.0	0.020171391671138444	0	0.25
bbd5144cc751	0.18275885213453424	0.26816738584134553	0.3712197896963522	0.3265515019228631	0.3553752131197327	0.07692307692307693	0.030303030303030304	1.0	0.7674432176298361	0	0.2
5f19c7affec3	0.0	0.052289288211202906	0.1350231695040073	0.0	0.18890021352612682	0.045454545454545456	0.029411764705882353	1.0	1.0	0	0.5
b64a71712705	0.18275885213453424	0.2598444173170428	0.4348695721948365	0.42318497560358853	0.3148336892102114	0.058823529411764705	0.009615384615384616	1.0	1.0	0	1.0
1cfe2b43fe32	0.0	0.08938912861378186	0.20210167028488468	0.1921169119349664	0.09979991827237679	0.1111111111111111	0.125	1.0	1.0	0	1.0
48896cfa573f	0.0	0.0	0.25947278819060676	0.1350232575556277	0.3027034570908527	0.05263157894736842	1.0	1.0	1.0	0	0.2
f98640cf0f0e	0.11530799754024412	0.25094701019234067	0.20670634235651703	0.16803445618334878	0.18890021352612682	0.041666666666666664	0.024390243902439025	1.0	1.0	0	0.043478260869565216
16480f05ee46	0.23061599508048822	0.3615248661001558	0.4787257591155587	0.4696043751398006	0.33734757254989495	0.03571428571428571	0.034482758620689655	1.0	1.0	0	1.0
759d3ba12c96	0.4133748472150225	0.3615248661001558	0.5559889416625053	0.5525307350724943	0.330444875953043	0.05	0.08333333333333333	1.0	0.37163715298554556	0	1.0
2ba529bff3cd	0.28359213503222813	0.35346216255331403	0.3605564225394263	0.2711480195124297	0.387229514668706	0.03125	0.07692307692307693	1.0	1.0	0	0.14285714285714285
c4da3e431a8a	0.7102824289494628	0.7432839736633603	0.8388867035630979	0.7985369585525687	0.8195711352436236	0.03333333333333333	0.043478260869565216	1.0	1.0	0	1.0
acbbdd04d7b2	0.06745085459429015	0.08938912861378186	0.20670634235651703	0.18667454976445727	0.14620423763884519	0.034482758620689655	0.014492753623188406	1.0	1.0	0	0.1111111111111111
bbac3d3dec30	0.15242888151365158	0.3492335459308247	0.43731011071919407	0.422781507587797	0.335104451164972	0.027777777777777776	0.01	1.0	0.013117246229326307	0	0.1111111111111111
da121a21e21a	0.0	0.0	0.03639918008035379	0.0	0.06296673784204228	0.2	0.05555555555555555	1.0	1.0	0	0.2
8454013b967c	0.11530799754024412	0.19396770503618765	0.30681419075174	0.285298603503014	0.23973671924881043	0.058823529411764705	0.008928571428571428	1.0	1.0	0	1.0
f4762ebf49c4	0.0	0.11816600049205804	0.2302591559477033	0.21108644251844974	0.16276665611441907	0.07142857142857142	0.009174311926605505	1.0	1.0	0	0.3333333333333333
d5e6902b5920	0.0	0.0	0.03639918008035379	0.0	0.06296673784204228	0.07692307692307693	0.03333333333333333	1.0	1.0	0	0.14285714285714285
690129d35700	0.0	0.08938912861378186	0.20210167028488468	0.0986240537385567	0.23973671924881043	0.1111111111111111	0.1	1.0	1.0	0	0.1
6b776afed480	0.18275885213453424	0.32045667405254846	0.4483030658511456	0.42827143080969776	0.3719376315953065	0.038461538461538464	0.02040816326530612	1.0	1.0	0	1.0
8c31110375c5	0.9325491454057099	0.829080634531919	0.8781007659745617	0.8689093554294399	0.739930043956803	0.09090909090909091	0.008849557522123894	1.0	0.2695292484094901	0	1.0
157652e20bc2	0.7279258922797776	0.7938750380644398	0.8364725031714602	0.836473048653836	0.0	0.045454545454545456	0.011235955056179775	1.0	1.0	0	0.5
2682b450e901	0.11530799754024412	0.3615248661001558	0.40833428371166935	0.4039545846314467	0.2091709754808875	0.043478260869565216	0.016129032258064516	1.0	1.0	0	0.5
f2258c95c059	0.0	0.0	0.03639918008035379	0.0	0.06296673784204228	0.027777777777777776	0.010638297872340425	1.0	0.020171391671138444	0	0.043478260869565216
ebdc4529e0aa	0.0	0.0	0.20670634235651703	0.2067064771543332	0.0	0.07692307692307693	0.009345794392523364	1.0	1.0	0	0.2
80941feb330b	0.18275885213453424	0.21984644927517105	0.36451175055848645	0.36136178846583605	0.14620423763884519	0.09090909090909091	0.009259259259259259	1.0	1.0	0	0.25
