revisions	files	functions	lines	addLines	deleteLines	pos	time	rf	ibf	isComponent	distance
2c012b7f3154	0.06745085459429015	0.052289288211202906	0.240062131871887	0.18667454976445727	0.23973671924881043	1.0	0.03571428571428571	1.0	1.0	0	0.03333333333333333
89f213d49ca5	0.0	0.0	0.1921167866513249	0.18667454976445727	0.06296673784204228	0.07142857142857142	0.010752688172043012	0.0	1.0	0	0.07692307692307693
84985c3e2bf5	0.15242888151365158	0.21984644927517105	0.36373450393816925	0.2643266520013773	0.39577127374689003	0.07142857142857142	0.009433962264150943	0.0	1.0	0	0.09090909090909091
c7e4711635d2	0.11530799754024412	0.20755512910583993	0.39053064453301994	0.37049897181688757	0.3148336892102114	0.07142857142857142	0.5	0.0	1.0	0	0.041666666666666664
3bd528b8e6da	0.15242888151365158	0.2903294102274493	0.39882312900784195	0.3697720732509864	0.3516668696405459	0.05555555555555555	0.01098901098901099	0.0	1.0	0	0.021739130434782608
898e2f6cfa3d	0.0	0.0	0.23364715892766083	0.22307375358152826	0.12593347568408456	0.09090909090909091	0.0196078431372549	0.5	0.634764624204745	0	0.08333333333333333
169e7b3bb374	0.0	0.11816600049205804	0.1746871247840085	0.11246238877989302	0.18890021352612682	0.125	0.024390243902439025	0.5	1.0	0	0.034482758620689655
085dc19c5cb5	0.0	0.0	0.2302591559477033	0.18667454976445727	0.21782912381320668	0.1	0.021739130434782608	0.0	1.0	0	0.5
355e1f63f5f7	0.0	0.20755512910583993	0.2795047025172246	0.23364731129418437	0.26747813811100074	0.05555555555555555	0.013157894736842105	0.0	1.0	0	0.016129032258064516
8027b148d897	0.11530799754024412	0.19396770503618765	0.24889923737319897	0.24889939968594305	0.0	0.2	0.03333333333333333	1.0	1.0	1	0.5
4127695d91d0	0.0	0.0	0.03639918008035379	0.0	0.06296673784204228	0.09090909090909091	0.023809523809523808	0.0	1.0	0	0.037037037037037035
8da828b2d656	0.0	0.19396770503618765	0.25434159599462464	0.1921169119349664	0.2625665743867958	0.125	0.011764705882352941	0.5	1.0	0	0.021739130434782608
44d678fbb97d	0.0	0.0	0.1530376635625889	0.15303776336186264	0.0	0.05555555555555555	0.030303030303030304	0.0	1.0	0	0.008403361344537815
4f26ae04f798	0.06745085459429015	0.052289288211202906	0.23364715892766083	0.1972481074771134	0.2091709754808875	0.14285714285714285	0.008	1.0	1.0	0	0.25
4e1d045b9059	0.06745085459429015	0.052289288211202906	0.19724797884730702	0.1444816272328475	0.19959983654475358	1.0	0.017543859649122806	1.0	1.0	0	0.125
fc653369c9e5	0.11530799754024412	0.28335683364996944	0.342721471388412	0.24604927197391604	0.37343918314433405	0.07142857142857142	0.01694915254237288	0.0	1.0	0	0.2
2d65ba2a6893	0.0	0.0	0.0	0.0	0.0	0.08333333333333333	0.01282051282051282	0.0	1.0	0	0.25
7093edc4235d	0.0	0.052289288211202906	0.27748728224918834	0.21925311390470442	0.28079586165524895	0.09090909090909091	0.00909090909090909	0.5	0.634764624204745	0	0.3333333333333333
a52559485c17	0.06745085459429015	0.3032362984035436	0.38392240687720625	0.36528256366046225	0.3027034570908527	0.09090909090909091	0.025	0.0	1.0	0	0.25
bce79a5e961f	0.3911613290415006	0.26816738584134553	0.3253622461067884	0.2975193905947101	0.27656989967914497	0.09090909090909091	0.02040816326530612	0.0	1.0	0	0.03571428571428571
c8f135eb8bc6	0.0	0.0	0.24889923737319897	0.2067064771543332	0.23300461763247096	0.125	0.00847457627118644	0.0	1.0	0	1.0
e683987e9ddb	0.15242888151365158	0.17877825722756366	0.25434159599462464	0.22673840454420918	0.2091709754808875	0.07142857142857142	0.009345794392523364	0.0	1.0	0	0.047619047619047616
4e3f11acd75b	0.0	0.052289288211202906	0.1350231695040073	0.0986240537385567	0.12593347568408456	0.07692307692307693	0.02702702702702703	0.5	0.020171391671138444	0	0.1
af5d23c92a0c	0.0	0.0	0.2689311516998168	0.22307375358152826	0.25737420116409937	0.14285714285714285	0.008064516129032258	1.0	1.0	0	0.5
5e5f42aa720f	0.11530799754024412	0.0	0.03639918008035379	0.0	0.06296673784204228	0.09090909090909091	0.058823529411764705	0.0	1.0	0	0.14285714285714285
ff195c275de6	0.0	0.052289288211202906	0.1746871247840085	0.06222484992148576	0.21782912381320668	0.05555555555555555	0.013888888888888888	0.0	1.0	0	0.023809523809523808
f7ef6c3cb413	0.06745085459429015	0.052289288211202906	0.1350231695040073	0.11246238877989302	0.09979991827237679	0.2	0.07692307692307693	1.0	1.0	1	0.07142857142857142
a0ce41f3c1bf	0.0	0.17877825722756366	0.1921167866513249	0.12444969984297151	0.2091709754808875	0.16666666666666666	0.045454545454545456	1.0	1.0	1	0.2
2e6243ee12a5	0.47131715524473344	0.37627936829392306	0.4963847223179151	0.487203322117575	0.3553752131197327	0.09090909090909091	0.018518518518518517	0.0	1.0	0	0.027777777777777776
43c5955fa2e5	0.0	0.052289288211202906	0.20210167028488468	0.16084890366004248	0.18890021352612682	0.1	0.011904761904761904	0.0	1.0	0	0.07692307692307693
bf60f3d62ac6	0.0	0.0	0.1746871247840085	0.16084890366004248	0.09979991827237679	0.07142857142857142	0.009900990099009901	0.0	1.0	0	0.3333333333333333
e84b4b9c4e32	0.476139355960862	0.4865399761879694	0.6626758797062939	0.6626763118520153	0.0	0.05555555555555555	0.009174311926605505	0.0	0.24339919713832855	0	0.015151515151515152
9a65c0de597f	0.51794658578272	0.45476387023436265	0.5005608903594414	0.48296136059678063	0.41368237574984595	0.05555555555555555	0.125	0.0	1.0	0	0.25
a6b6e3cf36a4	0.8987584855447378	1.0	1.0	1.0	0.06296673784204228	0.08333333333333333	0.008130081300813009	0.5	0.0	0	1.0
5951a50a6f9a	0.8097351705113746	0.6835996448509287	0.6021394373337365	0.5498219072421794	0.5981743055117718	1.0	1.0	1.0	0.4732317041869031	1	0.09090909090909091
7f71a708d272	0.06745085459429015	0.4320078270524341	0.5338462985118493	0.5300106993574599	0.31762904208558346	0.125	0.010526315789473684	0.5	1.0	0	1.0
26d2a0f4d858	0.15242888151365158	0.40435726148239093	0.48023094399858596	0.46131188525726446	0.39919967308950716	0.125	0.0136986301369863	0.5	1.0	0	0.3333333333333333
6c563c769572	0.18275885213453424	0.25094701019234067	0.31388646232954215	0.285298603503014	0.26747813811100074	0.07142857142857142	0.00980392156862745	0.0	1.0	0	0.08333333333333333
95da06f756f9	0.06745085459429015	0.11816600049205804	0.2975191965758062	0.29248415602632033	0.12593347568408456	0.08333333333333333	0.022727272727272728	0.5	0.020171391671138444	0	0.3333333333333333
79e09a0d46d3	0.06745085459429015	0.21984644927517105	0.3322711483513144	0.3053305308928899	0.28079586165524895	0.2	0.015384615384615385	1.0	1.0	1	0.1111111111111111
035abf7e679d	0.06745085459429015	0.2413899532786789	0.32044203267738586	0.3178771676432612	0.09979991827237679	0.2	0.023255813953488372	1.0	1.0	1	0.14285714285714285
8af0f812fa21	0.3113822963769906	0.3356461218611724	0.42634877777025093	0.4106785860999806	0.330444875953043	0.09090909090909091	0.022222222222222223	0.0	1.0	0	1.0
2e31831b0630	0.0	0.20755512910583993	0.359744005919106	0.3417297347099609	0.27656989967914497	0.09090909090909091	0.008928571428571428	0.5	0.634764624204745	0	0.1111111111111111
843eb014e939	0.11530799754024412	0.35346216255331403	0.48337378855285384	0.43731039589887094	0.46969607518137574	0.09090909090909091	0.009009009009009009	0.5	0.634764624204745	0	0.03125
963c7e594b71	0.15242888151365158	0.11816600049205804	0.24310552243687084	0.23025930610483455	0.14620423763884519	0.14285714285714285	0.013333333333333334	1.0	1.0	0	0.5
6118e902327b	0.39890013257247225	0.42016821050624265	0.6431524288518654	0.6036623386377155	0.6200370784268897	0.058823529411764705	0.0125	0.0	1.0	0	0.09090909090909091
d984c2c1a9aa	0.0	0.3032362984035436	0.38877609831478394	0.32169780732008496	0.39919967308950716	0.08333333333333333	0.017857142857142856	0.0	1.0	0	0.08333333333333333
d59a1df3507f	0.42016576056754723	0.4850490780504972	0.5688658686366862	0.5547892562661256	0.4638332797244286	0.09090909090909091	0.016666666666666666	0.0	1.0	0	0.022222222222222223
862e25c637e9	0.15242888151365158	0.19396770503618765	0.25434159599462464	0.23364731129418437	0.18890021352612682	0.09090909090909091	0.02127659574468085	0.0	1.0	0	0.034482758620689655
14e965a42294	0.0	0.0	0.12444961868659946	0.11246238877989302	0.06296673784204228	0.058823529411764705	0.012048192771084338	0.0	1.0	0	0.07142857142857142
2a6e4ec07692	0.06745085459429015	0.0	0.0	0.0	0.0	0.09090909090909091	0.014492753623188406	0.0	1.0	0	0.08333333333333333
5da4a19ee7ac	0.06745085459429015	0.21984644927517105	0.342721471388412	0.33764850999558577	0.16276665611441907	0.09090909090909091	0.027777777777777776	0.5	0.634764624204745	0	0.07142857142857142
cb1abd8f0d66	0.0	0.08938912861378186	0.16084879876695327	0.1444816272328475	0.09979991827237679	0.07142857142857142	0.014705882352941176	0.0	1.0	0	0.1111111111111111
89f547830056	0.0	0.19396770503618765	0.33971209159248816	0.3053305308928899	0.3058912157618215	0.14285714285714285	0.008620689655172414	1.0	1.0	0	0.3333333333333333
997ca2c5ff8b	0.11530799754024412	0.19396770503618765	0.2975191965758062	0.2711480195124297	0.246004155911222	0.07142857142857142	0.015151515151515152	0.0	1.0	0	1.0
8559551465d2	0.9973284100421078	0.9192997660272638	0.9469898526770555	0.9469904702302598	0.0	0.16666666666666666	0.010638297872340425	1.0	0.37163715298554556	1	0.16666666666666666
4d36a0faa1b4	0.0	0.19396770503618765	0.2460491115198026	0.18088083104991842	0.25737420116409937	0.07692307692307693	0.020833333333333332	0.5	0.020171391671138444	0	0.05
4904421fff75	0.23061599508048822	0.2903294102274493	0.2733111142076621	0.22673840454420918	0.2625665743867958	0.125	0.1	0.5	1.0	0	0.3333333333333333
7fb5ef1cea79	0.0	0.0	0.03639918008035379	0.036399203817070964	0.0	0.07692307692307693	0.05	0.5	0.020171391671138444	0	0.0625
fb7d5a208637	0.06745085459429015	0.08938912861378186	0.35726168857966106	0.3111242496074288	0.3437625994972912	0.07142857142857142	0.014925373134328358	0.0	1.0	0	0.06666666666666667
0f355f91abee	0.5354737581077914	0.49651985725929115	0.588675064448563	0.5355898369977246	0.5855407934324093	0.07142857142857142	0.012195121951219513	0.0	1.0	0	0.07692307692307693
52dae4e20ee6	0.0	0.11816600049205804	0.20210167028488468	0.1444816272328475	0.2091709754808875	0.1111111111111111	0.010416666666666666	0.5	1.0	0	0.16666666666666666
35077c88f1c6	0.23061599508048822	0.3032362984035436	0.4278899559459768	0.4138606933036529	0.32297421904561335	0.07142857142857142	0.009523809523809525	0.0	1.0	0	0.07142857142857142
bc2e814493f0	0.15242888151365158	0.29694425771962174	0.40039351465970996	0.38139371585571197	0.3203409390061417	0.07142857142857142	0.011627906976744186	0.0	1.0	0	0.04
c3ac2135dbde	0.0	0.0	0.0	0.0	0.0	0.09090909090909091	0.14285714285714285	0.0	1.0	0	0.125
d721e935e952	0.0	0.052289288211202906	0.14448153301321734	0.0986240537385567	0.14620423763884519	0.1	0.013513513513513514	0.0	1.0	0	1.0
5c42cd158da0	0.18275885213453424	0.3092355778889529	0.49068595337019405	0.49049628073118345	0.06296673784204228	0.1	0.009259259259259259	0.0	1.0	0	0.5
d1171e687187	0.28359213503222813	0.3356461218611724	0.4039543212038241	0.38758730820425163	0.3119495802941435	0.07142857142857142	0.02564102564102564	0.0	1.0	0	0.06666666666666667
212a21c6eb2e	0.11530799754024412	0.2903294102274493	0.35809677761426034	0.3111242496074288	0.34580407418359876	0.058823529411764705	0.010101010101010102	0.0	1.0	0	0.3333333333333333
28f1dbb5ced1	0.0	0.052289288211202906	0.30971029428801583	0.23691208862286453	0.32553331222883813	0.09090909090909091	0.047619047619047616	0.0	1.0	0	0.020833333333333332
ae4dd114186f	0.06745085459429015	0.19396770503618765	0.25166165298624243	0.22307375358152826	0.2091709754808875	0.07692307692307693	0.038461538461538464	0.0	1.0	0	0.5
50737b2a8432	0.0	0.0	0.09862398942365351	0.06222484992148576	0.09979991827237679	0.09090909090909091	0.018867924528301886	0.0	1.0	0	0.02857142857142857
740c1251d729	0.06745085459429015	0.08938912861378186	0.35726168857966106	0.3572619215579765	0.0	1.0	0.034482758620689655	1.0	1.0	0	0.029411764705882353
76d117c2457e	0.20840247690696634	0.3448615593629846	0.5346640009345005	0.5262592559291318	0.38594095688765573	0.125	0.010309278350515464	0.5	1.0	0	1.0
e0c1835422e4	0.39890013257247225	0.4585021392981806	0.6154198089924868	0.5789973544209004	0.5861157434556381	0.058823529411764705	0.01	0.0	1.0	0	0.5
e7476997924e	0.0	0.052289288211202906	0.19724797884730702	0.16803445618334878	0.16276665611441907	0.14285714285714285	0.011235955056179775	1.0	1.0	0	0.14285714285714285
187790b39c72	0.06745085459429015	0.19396770503618765	0.35556783787757956	0.3022871383432432	0.3516668696405459	0.2	0.015625	1.0	1.0	1	1.0
99e73e638317	0.0	0.0	0.4186435675620816	0.3580970111371559	0.42277413731799013	0.05555555555555555	0.16666666666666666	0.0	1.0	0	1.0
5b4a78cade87	0.0	0.08938912861378186	0.1866744280298992	0.15303776336186264	0.16276665611441907	0.05555555555555555	0.03125	0.0	1.0	0	0.007692307692307693
7e35b3bcc6bf	0.48982001527128827	0.42016821050624265	0.4636501908104431	0.4009111920818	0.470210760979856	0.07142857142857142	0.011494252873563218	0.0	1.0	0	0.021739130434782608
89bb5263f1f8	0.0	0.052289288211202906	0.09862398942365351	0.06222484992148576	0.09979991827237679	0.16666666666666666	0.25	1.0	1.0	1	0.5
5073a37348ab	0.0	0.052289288211202906	0.09862398942365351	0.0822567773113617	0.06296673784204228	0.125	0.008547008547008548	0.0	1.0	0	0.5
b2ab4bbc92a9	0.0	0.25094701019234067	0.3893647654986319	0.29587216121567017	0.418341950961775	0.125	0.016129032258064516	0.0	1.0	0	0.25
96d31e794857	0.0	0.0	0.03639918008035379	0.036399203817070964	0.0	0.08333333333333333	0.05555555555555555	0.0	1.0	0	0.09090909090909091
3941e68ff26d	0.11530799754024412	0.3492335459308247	0.41779264722087933	0.3520813603382579	0.42700009929409416	0.058823529411764705	0.012987012987012988	0.0	1.0	0	0.14285714285714285
96f5c992fe4c	0.4808257018093126	0.5236398165905484	0.6731842133585669	0.6175699685357551	0.6740443353877652	0.1	0.01639344262295082	0.5	0.634764624204745	0	1.0
dcbe23a00e62	0.06745085459429015	0.052289288211202906	0.24310552243687084	0.22673840454420918	0.16276665611441907	1.0	0.0625	1.0	1.0	0	0.14285714285714285
0e47e3a7683a	0.20840247690696634	0.32045667405254846	0.48357945055313634	0.4835797659060817	0.0	0.1111111111111111	0.007874015748031496	0.0	0.7674432176298361	0	0.5
87a57d4562df	0.06745085459429015	0.17877825722756366	0.2907407760749784	0.2643266520013773	0.23973671924881043	0.2	0.043478260869565216	1.0	1.0	1	1.0
66903d8faa69	0.06745085459429015	0.11816600049205804	0.28147778026825165	0.2643266520013773	0.19959983654475358	0.2	0.04	1.0	1.0	1	0.3333333333333333
870bdb7ff9c8	0.11530799754024412	0.2413899532786789	0.35384141113454926	0.346583429312739	0.19959983654475358	0.08333333333333333	0.008264462809917356	0.5	0.020171391671138444	0	1.0
219a0ffbcdf1	0.20840247690696634	0.39862470650273474	0.47894233684149795	0.47336498707623875	0.29597135547451325	0.05555555555555555	0.011363636363636364	0.0	0.24339919713832855	0	0.047619047619047616
29a6ac2322ef	0.06745085459429015	0.20755512910583993	0.2795047025172246	0.23025930610483455	0.27213771332292974	0.125	0.02631578947368421	0.5	1.0	0	0.05263157894736842
d79a38e669d0	0.35600915770448927	0.37274596226375134	0.5472308505693255	0.5365058804809463	0.4192458569313079	0.09090909090909091	0.09090909090909091	0.0	1.0	0	0.014925373134328358
c4fa36c181db	0.15242888151365158	0.3149681328686091	0.3857734296483708	0.3484537361784948	0.35717411943647615	0.08333333333333333	0.03225806451612903	0.0	1.0	0	1.0
0e26d5802802	0.0	0.11816600049205804	0.24310552243687084	0.1921169119349664	0.23973671924881043	0.125	0.008695652173913044	0.0	1.0	0	0.16666666666666666
52c0bc149cd4	0.11530799754024412	0.16155788157855885	0.27748728224918834	0.2619326039277545	0.18890021352612682	1.0	0.01818181818181818	1.0	1.0	0	1.0
61666eaab532	0.20840247690696634	0.3575565144551274	0.4806564017800665	0.4605186122096691	0.4046409281128831	0.125	0.014285714285714285	0.5	1.0	0	0.5
1a455d3bead6	0.3351877336481858	0.2598444173170428	0.33764828980760514	0.3333728694339155	0.14620423763884519	0.09090909090909091	0.08333333333333333	0.0	1.0	0	0.04
345def86187c	0.06745085459429015	0.11816600049205804	0.35641875821878183	0.24889939968594305	0.39220839355006715	0.058823529411764705	0.01020408163265306	0.0	1.0	0	0.25
e4a78855cb51	0.0	0.0	0.03639918008035379	0.0	0.06296673784204228	0.07142857142857142	0.07142857142857142	0.0	1.0	0	0.019230769230769232
d93ebab1bd5e	0.0	0.052289288211202906	0.4359236519043293	0.38075018992863535	0.4341441825708676	0.05555555555555555	0.029411764705882353	0.0	1.0	0	0.023809523809523808
75d78a90d621	0.6573062889977229	0.681328570390296	0.7051164009447538	0.6858004205406656	0.6274220391910332	0.1111111111111111	0.008771929824561403	0.0	0.7674432176298361	0	1.0
460d7785656e	0.23061599508048822	0.3149681328686091	0.3845436648851043	0.3022871383432432	0.40672933733933353	1.0	0.017241379310344827	1.0	1.0	0	1.0
121ea3fefe3e	0.11530799754024412	0.19396770503618765	0.23364715892766083	0.16803445618334878	0.246004155911222	0.16666666666666666	0.05263157894736842	1.0	1.0	1	0.25
5b2f5b265733	0.18275885213453424	0.3830683701036636	0.47675268136453164	0.47008315751417046	0.30897089375326425	0.0625	0.041666666666666664	0.0	0.24339919713832855	0	1.0
ad188193a916	0.18275885213453424	0.19396770503618765	0.49884436724308107	0.45891072178060205	0.47520332497730605	0.05555555555555555	0.1111111111111111	0.0	0.24339919713832855	0	0.5
2809e8de3470	0.521602870902164	0.5593424466567684	0.5825451664033675	0.5632101179564313	0.5037339027363382	0.2	0.2	1.0	0.634764624204745	1	0.05
2bc794b05dce	0.06745085459429015	0.21984644927517105	0.3950483989694681	0.39053089920676354	0.19959983654475358	0.07692307692307693	0.02	0.5	0.020171391671138444	0	0.5
21e1b916a4e7	0.06745085459429015	0.16155788157855885	0.25166165298624243	0.23691208862286453	0.16276665611441907	0.07142857142857142	0.009615384615384616	0.0	1.0	0	0.5
14899abe2292	0.0	0.0	0.03639918008035379	0.036399203817070964	0.0	0.09090909090909091	0.037037037037037035	0.0	1.0	0	0.05555555555555555
e8167287f42f	0.0	0.11816600049205804	0.25166165298624243	0.1972481074771134	0.2518669513681691	0.1	0.019230769230769232	0.0	1.0	0	0.16666666666666666
3121db09ad94	0.23061599508048822	0.28335683364996944	0.47518751103967727	0.4749619805936422	0.06296673784204228	0.09090909090909091	0.3333333333333333	0.0	1.0	0	0.017857142857142856
8870deb3cd89	0.734087866220658	0.7432839736633603	0.733626838882853	0.6902862430604149	0.718178042625765	0.07692307692307693	0.008333333333333333	0.5	0.013117246229326307	0	0.08333333333333333
da5d8af5ec5e	0.06745085459429015	0.17877825722756366	0.2711478426908739	0.268931327075819	0.06296673784204228	0.08333333333333333	0.06666666666666667	0.5	0.020171391671138444	0	0.25
9da102f75bcb	0.0	0.0	0.30533033178017055	0.24604927197391604	0.30897089375326425	0.05555555555555555	0.011111111111111112	0.0	1.0	0	0.023255813953488372
7620cf8ef36f	0.37451201773104414	0.43862267454460646	0.4841936246057054	0.4120561806379748	0.49937265882841864	0.14285714285714285	0.008403361344537815	1.0	0.634764624204745	0	1.0
104dad9236b2	0.0	0.16155788157855885	0.11246231544070878	0.11246238877989302	0.0	0.1111111111111111	0.015873015873015872	0.5	1.0	0	0.07692307692307693
46dade38862a	0.0	0.0	0.09862398942365351	0.0822567773113617	0.06296673784204228	0.1	0.02857142857142857	0.5	1.0	0	1.0
bbac3d3dec30	0.15242888151365158	0.3492335459308247	0.43731011071919407	0.422781507587797	0.335104451164972	0.07692307692307693	0.00819672131147541	0.5	0.013117246229326307	0	0.1111111111111111
526fbc656da7	0.28359213503222813	0.3797185388412312	0.4929350419574071	0.4078583075926847	0.5175342295075074	0.08333333333333333	0.009708737864077669	0.0	0.2695292484094901	0	0.06666666666666667
4c1b4661175f	0.5142081301127163	0.5132247308791946	0.585034305020416	0.5435159952263107	0.5649088310000825	0.125	0.012658227848101266	0.5	1.0	0	0.2
d454571df68f	0.0	0.052289288211202906	0.1921167866513249	0.18088083104991842	0.09979991827237679	0.1	0.012345679012345678	0.0	1.0	0	1.0
077ef215e7e9	0.11530799754024412	0.19396770503618765	0.223073608110253	0.1972481074771134	0.17676998140676817	0.07142857142857142	0.010869565217391304	0.0	1.0	0	0.0196078431372549
8c31110375c5	0.9325491454057099	0.829080634531919	0.8781007659745617	0.8689093554294399	0.739930043956803	0.3333333333333333	0.007936507936507936	1.0	0.2695292484094901	0	1.0
f2258c95c059	0.0	0.0	0.03639918008035379	0.0	0.06296673784204228	0.07692307692307693	0.008849557522123894	0.5	0.020171391671138444	0	0.043478260869565216
a1d247bad1ea	0.0	0.0	0.08225672366991757	0.0822567773113617	0.0	0.125	0.014084507042253521	0.5	1.0	0	0.03571428571428571
