revisions	files	functions	lines	addLines	deleteLines	pos	time	rf	ibf	isComponent	distance
b27a8d6038d3	0.0	0.0	0.0	0.0	0.0	0.05	0.2	1.0	1.0	0	0.02857142857142857
f23762fedb10	0.0	0.14167841682498472	0.223073608110253	0.1921169119349664	0.18890021352612682	1.0	0.016129032258064516	1.0	1.0	0	1.0
7806941e4a5b	0.18275885213453424	0.4320078270524341	0.510070245874487	0.4868078523925453	0.4456039924559756	0.06666666666666667	0.027777777777777776	1.0	0.7674432176298361	0	1.0
d0c1daec18ef	0.0	0.0	0.03639918008035379	0.0	0.06296673784204228	0.3333333333333333	0.02	1.0	1.0	0	0.05555555555555555
5169c551d5b4	0.39890013257247225	0.26816738584134553	0.3288831453713568	0.268931327075819	0.3328045359048477	0.5	0.03571428571428571	1.0	1.0	1	0.3333333333333333
a616bb956f41	0.0	0.0	0.2302591559477033	0.22307375358152826	0.09979991827237679	0.05	0.05	1.0	1.0	0	0.25
d28fc08e6364	0.0	0.26816738584134553	0.4151903947615779	0.33971231312631994	0.43260445417722454	0.5	0.015873015873015872	1.0	1.0	0	0.3333333333333333
c14a476fb075	0.0	0.0	0.09862398942365351	0.0822567773113617	0.06296673784204228	0.05555555555555555	0.047619047619047616	1.0	1.0	1	0.07692307692307693
da4080f9a31b	0.18275885213453424	0.3032362984035436	0.37812869194087817	0.3712200317770567	0.21782912381320668	0.09090909090909091	0.029411764705882353	1.0	0.7674432176298361	0	0.5
1cc82195a73e	0.0	0.0	0.19724797884730702	0.0	0.25737420116409937	1.0	0.16666666666666666	1.0	1.0	0	1.0
0ebcee835da3	0.0	0.052289288211202906	0.1350231695040073	0.0986240537385567	0.12593347568408456	0.05555555555555555	0.5	1.0	1.0	1	0.0625
790e43fe9d91	0.0	0.19396770503618765	0.1921167866513249	0.1350232575556277	0.19959983654475358	0.5	0.05555555555555555	1.0	1.0	0	0.16666666666666666
75096cc58f16	0.0	0.0	0.03639918008035379	0.0	0.06296673784204228	1.0	0.07142857142857142	1.0	1.0	0	1.0
28ac6c2fe563	0.06745085459429015	0.19396770503618765	0.20210167028488468	0.16084890366004248	0.18890021352612682	0.2	0.043478260869565216	1.0	1.0	0	0.3333333333333333
94f45bbfb018	0.2502097067288244	0.26816738584134553	0.3899495976898972	0.3355361423614212	0.387229514668706	1.0	0.015151515151515152	1.0	1.0	0	1.0
f7b6c8832a63	0.2677368790538957	0.29694425771962174	0.33764828980760514	0.29913693854435036	0.3119495802941435	1.0	0.01639344262295082	1.0	1.0	0	0.3333333333333333
09bfe57f4c3f	0.06745085459429015	0.11816600049205804	0.2871494402247173	0.27748746320483414	0.16276665611441907	0.5	0.038461538461538464	1.0	1.0	1	0.05555555555555555
32f3e0522438	0.28359213503222813	0.48354074211263887	0.6271110125443109	0.5729810009895621	0.6256776761364661	0.2	0.02631578947368421	1.0	0.7674432176298361	0	1.0
d0d56c95bf44	0.15242888151365158	0.2598444173170428	0.3311559610431165	0.3138866670219051	0.246004155911222	0.25	0.02564102564102564	1.0	1.0	0	0.25
4e3f11acd75b	0.0	0.052289288211202906	0.1350231695040073	0.0986240537385567	0.12593347568408456	0.045454545454545456	0.14285714285714285	1.0	0.020171391671138444	0	0.1
81da823f2bd5	0.06745085459429015	0.0	0.06222480934329974	0.036399203817070964	0.06296673784204228	0.05	0.017857142857142856	1.0	1.0	0	0.017543859649122806
870bdb7ff9c8	0.11530799754024412	0.2413899532786789	0.35384141113454926	0.346583429312739	0.19959983654475358	0.047619047619047616	0.02127659574468085	1.0	0.020171391671138444	0	1.0
b70d80b11b89	0.11530799754024412	0.16155788157855885	0.3733488560597984	0.3386863421603142	0.33953663752118723	0.05263157894736842	0.01694915254237288	1.0	0.7674432176298361	0	0.14285714285714285
49b89de1a7f2	0.0	0.14167841682498472	0.1921167866513249	0.1350232575556277	0.19959983654475358	0.05	0.09090909090909091	1.0	1.0	0	0.04
4f225bb4d911	0.06745085459429015	0.20755512910583993	0.26432647962818445	0.2569440160127405	0.12593347568408456	0.06666666666666667	0.03333333333333333	1.0	0.7674432176298361	0	0.3333333333333333
493703d05279	0.693142577582193	0.8309406848429126	0.8581113098000227	0.8580960291375812	0.16276665611441907	1.0	0.014925373134328358	1.0	0.5428657229282136	0	1.0
ab78dbf476b7	0.29806684967477837	0.48201455563110723	0.6735314920270896	0.6108603326387496	0.6820619283176348	0.16666666666666666	1.0	1.0	0.634764624204745	0	1.0
d3cf65212a44	0.0	0.0	0.08225672366991757	0.0	0.12593347568408456	1.0	0.018518518518518517	1.0	1.0	0	1.0
4c9f1ec424c8	0.15242888151365158	0.44285129116709593	0.4908755446209372	0.4586399177067642	0.45146678791292266	0.06666666666666667	0.03125	1.0	0.7674432176298361	0	1.0
a6b6e3cf36a4	0.8987584855447378	1.0	1.0	1.0	0.06296673784204228	0.25	0.018867924528301886	1.0	0.0	0	1.0
63540ed8c724	0.11530799754024412	0.16155788157855885	0.23364715892766083	0.16084890366004248	0.2518669513681691	0.2	0.045454545454545456	1.0	1.0	0	1.0
21c791bcf703	0.0	0.052289288211202906	0.19724797884730702	0.1350232575556277	0.2091709754808875	1.0	0.016666666666666666	1.0	1.0	0	1.0
ea523606754e	0.23061599508048822	0.32045667405254846	0.37404746988795895	0.36451198826472897	0.23973671924881043	0.5	0.015384615384615385	1.0	1.0	0	0.5
2bc794b05dce	0.06745085459429015	0.21984644927517105	0.3950483989694681	0.39053089920676354	0.19959983654475358	0.045454545454545456	0.07692307692307693	1.0	0.020171391671138444	0	0.5
97df83c52bdf	0.0	0.0	0.11246231544070878	0.0822567773113617	0.09979991827237679	1.0	0.125	1.0	1.0	0	0.5
ab06cad09216	0.15242888151365158	0.3092355778889529	0.42750713479501035	0.4211492538501967	0.25737420116409937	0.05	0.034482758620689655	1.0	1.0	0	1.0
e03ce2304afc	0.23061599508048822	0.41766402983178363	0.47653074942489926	0.470321594526592	0.3027034570908527	0.25	0.02857142857142857	1.0	1.0	0	1.0
8870deb3cd89	0.734087866220658	0.7432839736633603	0.733626838882853	0.6902862430604149	0.718178042625765	0.045454545454545456	0.021739130434782608	1.0	0.013117246229326307	0	0.08333333333333333
a8e67ec3eec0	0.18275885213453424	0.32045667405254846	0.35726168857966106	0.33764850999558577	0.28079586165524895	0.25	0.03225806451612903	1.0	0.7674432176298361	0	0.5
da5d8af5ec5e	0.06745085459429015	0.17877825722756366	0.2711478426908739	0.268931327075819	0.06296673784204228	0.047619047619047616	0.3333333333333333	1.0	0.020171391671138444	0	0.25
46d53e788b9a	0.06745085459429015	0.16155788157855885	0.32044203267738586	0.3138866670219051	0.16276665611441907	0.05263157894736842	0.017241379310344827	1.0	0.7674432176298361	0	0.09090909090909091
d0bc44447e65	0.5791191754308862	0.6874022177069344	0.6181220070797211	0.5580739452023848	0.6233302121705059	0.25	0.022727272727272728	1.0	0.5428657229282136	0	0.25
d194a72dbdf4	0.11530799754024412	0.28335683364996944	0.3675551411234703	0.343702813747676	0.3058912157618215	0.5	0.037037037037037035	1.0	1.0	1	0.5
69062c5d17bd	0.15242888151365158	0.32572112959789795	0.35809677761426034	0.3520813603382579	0.18890021352612682	0.5	0.05263157894736842	1.0	1.0	1	0.25
4f7e74b1693c	0.685219447964522	0.5810155599702417	0.49403880287675733	0.4319969231724721	0.500114228664314	0.3333333333333333	0.023809523809523808	1.0	1.0	0	0.058823529411764705
95da06f756f9	0.06745085459429015	0.11816600049205804	0.2975191965758062	0.29248415602632033	0.12593347568408456	0.047619047619047616	0.1	1.0	0.020171391671138444	0	0.3333333333333333
060cd4367ad5	0.06745085459429015	0.19396770503618765	0.42237594259902816	0.4078583075926847	0.3203409390061417	0.05263157894736842	0.04	1.0	0.7674432176298361	0	1.0
0da6f771bfa5	0.0	0.11816600049205804	0.223073608110253	0.22307375358152826	0.0	0.2	0.023255813953488372	1.0	1.0	0	0.2
28b0f56319e6	0.11530799754024412	0.17877825722756366	0.30072565970853826	0.29248415602632033	0.16276665611441907	0.05	0.017543859649122806	1.0	1.0	0	0.16666666666666666
7060b9ea8bd5	0.0	0.0	0.09862398942365351	0.0986240537385567	0.0	0.3333333333333333	0.019230769230769232	1.0	1.0	0	0.14285714285714285
bbac3d3dec30	0.15242888151365158	0.3492335459308247	0.43731011071919407	0.422781507587797	0.335104451164972	0.045454545454545456	0.0196078431372549	1.0	0.013117246229326307	0	0.1111111111111111
e337b91d1599	0.11530799754024412	0.16155788157855885	0.35384141113454926	0.3178771676432612	0.32297421904561335	0.058823529411764705	0.041666666666666664	1.0	1.0	1	1.0
a54fc27169a2	0.23061599508048822	0.33077908189246075	0.4458349674748824	0.4432973794510295	0.19959983654475358	0.2	0.02702702702702703	1.0	1.0	0	1.0
34769b9e45f9	0.0	0.052289288211202906	0.19724797884730702	0.15303776336186264	0.18890021352612682	0.2	0.06666666666666667	1.0	1.0	0	0.16666666666666666
37ed1a51c9e3	0.0	0.11816600049205804	0.240062131871887	0.16803445618334878	0.25737420116409937	0.05263157894736842	0.025	1.0	0.7674432176298361	0	0.16666666666666666
76948e609ac1	0.0	0.0	0.1921167866513249	0.18667454976445727	0.06296673784204228	0.5	0.058823529411764705	1.0	1.0	1	0.2
e7483251f0a8	0.0	0.16155788157855885	0.24889923737319897	0.22307375358152826	0.19959983654475358	0.5	0.015625	1.0	1.0	0	0.3333333333333333
8559551465d2	0.9973284100421078	0.9192997660272638	0.9469898526770555	0.9469904702302598	0.0	0.5	0.030303030303030304	1.0	0.37163715298554556	1	1.0
9808bc15dd16	0.0	0.0	0.3022869412151867	0.25947295739859916	0.2848339397992779	0.05263157894736842	0.01818181818181818	1.0	0.7674432176298361	0	0.2
4d36a0faa1b4	0.0	0.19396770503618765	0.2460491115198026	0.18088083104991842	0.25737420116409937	0.045454545454545456	0.08333333333333333	1.0	0.020171391671138444	0	0.05
9f5d40ff4857	0.11530799754024412	0.16155788157855885	0.3253622461067884	0.15303776336186264	0.37920885527131615	0.05263157894736842	0.02040816326530612	1.0	0.7674432176298361	0	0.5
7fb5ef1cea79	0.0	0.0	0.03639918008035379	0.036399203817070964	0.0	0.045454545454545456	0.25	1.0	0.020171391671138444	0	0.0625
7cd6624f75c6	0.06745085459429015	0.052289288211202906	0.240062131871887	0.23364731129418437	0.09979991827237679	0.05	0.022222222222222223	1.0	1.0	0	0.5
ee88e3197cd2	0.0	0.0	0.03639918008035379	0.0	0.06296673784204228	0.5	0.0625	1.0	1.0	1	0.08333333333333333
e0f3d3f3fea5	0.06745085459429015	0.11816600049205804	0.3511878753697344	0.35118810438718073	0.0	1.0	0.1111111111111111	1.0	1.0	0	0.5
f2258c95c059	0.0	0.0	0.03639918008035379	0.0	0.06296673784204228	0.045454545454545456	0.024390243902439025	1.0	0.020171391671138444	0	0.043478260869565216
c69dce88c617	0.11530799754024412	0.19396770503618765	0.29248396529100307	0.25166181710041935	0.27213771332292974	0.2	0.020833333333333332	1.0	1.0	0	0.09090909090909091
