revisions	files	functions	lines	addLines	deleteLines	pos	time	rf	ibf	isComponent	distance
54c4feb3493f	0.34592399262073237	0.529082027164124	0.623726203538127	0.6233377079468564	0.2091709754808875	0.05	0.027777777777777776	1.0	1.0	1	1.0
f2a0a4315195	0.5543264695276987	0.5269326231991397	0.5256181432578809	0.47008315751417046	0.5248523392751001	0.047619047619047616	0.023809523809523808	1.0	0.5462100471445852	1	1.0
5b2f5b265733	0.18275885213453424	0.3830683701036636	0.47675268136453164	0.47008315751417046	0.30897089375326425	0.16666666666666666	0.09090909090909091	1.0	0.4104573628561324	0	1.0
e84b4b9c4e32	0.476139355960862	0.4865399761879694	0.6626758797062939	0.6626763118520153	0.0	0.06666666666666667	0.029411764705882353	1.0	0.4104573628561324	0	0.16666666666666666
ad188193a916	0.18275885213453424	0.19396770503618765	0.49884436724308107	0.45891072178060205	0.47520332497730605	0.1111111111111111	0.14285714285714285	1.0	0.4104573628561324	0	1.0
39b956776276	0.15242888151365158	0.3863333863334036	0.3916815759881601	0.23025930610483455	0.443562517769668	0.05	0.125	1.0	1.0	1	1.0
a8fad3442db5	0.06745085459429015	0.2310675454387666	0.3529655854182781	0.35028587083897605	0.12593347568408456	0.0625	0.03571428571428571	1.0	0.45378995285541485	0	1.0
bb5436a892c1	0.0	0.0	0.0	0.0	0.0	0.0	0.0	0.0	0.0	0	0.0
ac8b09b99c40	0.0	0.11816600049205804	0.1808807130935711	0.16803445618334878	0.09979991827237679	0.1	0.034482758620689655	1.0	0.4308178743396518	0	0.05263157894736842
0e36336f74a9	0.18275885213453424	0.052289288211202906	0.3845436648851043	0.38454391565460494	0.0	0.05263157894736842	0.02702702702702703	1.0	1.0	0	1.0
943d4a809b1b	0.06745085459429015	0.11816600049205804	0.3022869412151867	0.28896325446569493	0.19959983654475358	0.06666666666666667	0.05555555555555555	1.0	0.4308178743396518	0	0.3333333333333333
aeab4ec26a3c	0.0	0.11816600049205804	0.3675551411234703	0.3668041506363452	0.06296673784204228	0.1	0.030303030303030304	1.0	0.4308178743396518	0	0.05555555555555555
9744ec677e72	0.18275885213453424	0.3092355778889529	0.3972247825032021	0.36604658088821196	0.3553752131197327	0.1	0.038461538461538464	1.0	0.4308178743396518	0	0.3333333333333333
8a386f491a8f	0.0	0.0	0.06222480934329974	0.06222484992148576	0.0	1.0	0.2	1.0	1.0	1	0.043478260869565216
0a5c9092b3c6	0.0	0.052289288211202906	0.346583203298102	0.285298603503014	0.3516668696405459	0.0625	0.025	1.0	0.45378995285541485	0	0.125
a4775e530f17	0.0	0.2310675454387666	0.44676847422840404	0.3826670915662682	0.4545674916654651	0.2	0.043478260869565216	1.0	0.45378995285541485	0	1.0
805e2dbf1d5a	0.23061599508048822	0.20755512910583993	0.3253622461067884	0.24604927197391604	0.34580407418359876	0.2	0.08333333333333333	1.0	0.45378995285541485	0	0.1
2c797f78ccd9	0.0	0.19396770503618765	0.1530376635625889	0.1444816272328475	0.06296673784204228	0.047619047619047616	0.024390243902439025	1.0	1.0	1	0.5
894fe07157c0	0.28359213503222813	0.32045667405254846	0.4693637168858254	0.4572735065108259	0.3516668696405459	0.09090909090909091	0.0625	1.0	0.4104573628561324	0	1.0
89cc8dfb1b14	0.11530799754024412	0.2759856130067989	0.3386861212955405	0.29587216121567017	0.3203409390061417	0.017857142857142856	0.05263157894736842	1.0	0.4308178743396518	0	0.2
e362b7085285	0.0	0.11816600049205804	0.1746871247840085	0.15303776336186264	0.12593347568408456	0.017857142857142856	0.07692307692307693	1.0	0.4308178743396518	0	0.5
ecd1a0f0e385	0.4329685588633586	0.5363347716826911	0.6724605482050423	0.5974109596876298	0.6918769112863951	1.0	0.16666666666666666	1.0	1.0	1	1.0
6b47a8a9071b	0.0	0.0	0.08225672366991757	0.06222484992148576	0.06296673784204228	0.1	0.058823529411764705	1.0	0.4308178743396518	0	0.043478260869565216
313ca82fe335	0.0	0.0	0.0	0.0	0.0	0.0	0.0	0.0	0.0	0	0.0
74b341a936df	0.3655177042690685	0.5179577851189078	0.619578776147994	0.6193531123728567	0.16276665611441907	0.047619047619047616	0.023255813953488372	1.0	1.0	1	1.0
1723314f2d0b	0.0	0.0	0.11246231544070878	0.06222484992148576	0.12593347568408456	1.0	0.3333333333333333	1.0	1.0	1	0.25
9c1a07318794	0.0	0.0	0.08225672366991757	0.0822567773113617	0.0	0.2	0.06666666666666667	1.0	0.45378995285541485	0	0.2
1c89ae2b5294	0.0	0.2598444173170428	0.38758705545008815	0.29913693854435036	0.41368237574984595	0.1	0.1	1.0	0.4308178743396518	0	0.07692307692307693
7606620a81fa	0.15242888151365158	0.20755512910583993	0.3165664053379244	0.3082741218954018	0.17676998140676817	0.14285714285714285	0.05	1.0	0.4308178743396518	0	1.0
526fbc656da7	0.28359213503222813	0.3797185388412312	0.4929350419574071	0.4078583075926847	0.5175342295075074	0.0625	0.03125	1.0	0.4308178743396518	0	1.0
a6ac76024ffb	0.0	0.052289288211202906	0.14448153301321734	0.12444969984297151	0.09979991827237679	0.0625	0.02631578947368421	1.0	0.45378995285541485	0	0.16666666666666666
5768b6ed4f2c	0.0	0.2310675454387666	0.33971209159248816	0.27748746320483414	0.34580407418359876	0.1	0.1111111111111111	1.0	0.4308178743396518	0	0.05555555555555555
7c5ab0d66ed8	0.06745085459429015	0.2598444173170428	0.24889923737319897	0.2067064771543332	0.23300461763247096	0.1	0.07142857142857142	1.0	0.4308178743396518	0	0.047619047619047616
44300fded884	0.06745085459429015	0.0	0.03639918008035379	0.0	0.06296673784204228	0.06666666666666667	0.047619047619047616	1.0	0.4308178743396518	0	0.2
f07629ac63a5	0.0	0.16155788157855885	0.3933807703864162	0.3740477138126567	0.3148336892102114	0.3333333333333333	0.5	1.0	1.0	1	1.0
219a0ffbcdf1	0.20840247690696634	0.39862470650273474	0.47894233684149795	0.47336498707623875	0.29597135547451325	0.1	0.041666666666666664	1.0	0.4104573628561324	0	0.034482758620689655
9953d672b34e	0.3237104744472104	0.47245749871744547	0.4138604234160401	0.36215976245247383	0.4077558092826101	0.058823529411764705	0.045454545454545456	1.0	0.45378995285541485	0	0.5
bf87780d7374	0.2677368790538957	0.3092355778889529	0.4312638094383395	0.38818379865398855	0.4127210778859587	0.0625	0.03225806451612903	1.0	0.45378995285541485	0	0.5
ca9f6a9aad09	0.3655177042690685	0.3797185388412312	0.5146902099015025	0.47518782092005174	0.4903788187965703	0.1	0.03333333333333333	1.0	0.4308178743396518	0	0.125
6122c403b17b	0.0	0.0	0.03639918008035379	0.0	0.06296673784204228	1.0	1.0	1.0	1.0	1	0.04
6f19aec76e25	0.15242888151365158	0.2903294102274493	0.32044203267738586	0.3097104962570064	0.19959983654475358	0.5	0.25	1.0	1.0	1	1.0
63746fdf09ab	0.29806684967477837	0.2759856130067989	0.5182502094353023	0.3774614894865819	0.5663450949173636	0.1	0.04	1.0	0.4308178743396518	0	0.029411764705882353
7ba3d6c6a5ba	0.06745085459429015	0.17877825722756366	0.4352223090881957	0.4334448816985424	0.16276665611441907	0.0625	0.022727272727272728	1.0	0.45378995285541485	0	0.09090909090909091
8aac0154970d	0.20840247690696634	0.3032362984035436	0.35892416986625436	0.3111242496074288	0.34780067764132017	0.0625	0.037037037037037035	1.0	0.45378995285541485	0	0.04
221055136cad	0.0	0.19396770503618765	0.25434159599462464	0.22307375358152826	0.21782912381320668	0.0625	0.02564102564102564	1.0	0.45378995285541485	0	0.2
