revisions	files	functions	lines	addLines	deleteLines	pos	time	rf	ibf	isComponent	distance
a6b6e3cf36a4	0.9011660316653285	1.0	1.0	1.0	0.06614610194690436	0.2	0.1111111111111111	1.0	0.0	0	1.0
870bdb7ff9c8	0.1156168784316249	0.2413899532786789	0.35384141113454926	0.346583429312739	0.20967818230944416	0.09090909090909091	0.125	1.0	0.020171391671138444	0	1.0
08a93fe0f8da	0.06763153833293722	0.3448615593629846	0.4359236519043293	0.35118810438718073	0.48311662596676	0.3333333333333333	1.0	1.0	1.0	1	1.0
2809e8de3470	0.523000112751367	0.5593424466567684	0.5825451664033675	0.5632101179564313	0.5291688155752349	0.25	0.2	1.0	0.634764624204745	1	1.0
2bc794b05dce	0.06763153833293722	0.21984644927517105	0.3950483989694681	0.39053089920676354	0.20967818230944416	0.08333333333333333	0.14285714285714285	1.0	0.020171391671138444	0	0.5
476636b94405	0.06763153833293722	0.3403361388061225	0.5200470800640727	0.44035378844851764	0.5686044439648631	0.14285714285714285	0.16666666666666666	1.0	0.7674432176298361	1	1.0
302e35f30152	0.298865295196187	0.4894710399154403	0.5546959152611183	0.5124847470422097	0.5624949242041761	0.125	0.3333333333333333	1.0	1.0	1	1.0
7ade55207c5f	0.34685063529487464	0.4250352504749542	0.5017432215928784	0.35028587083897605	0.5801998366757846	0.1111111111111111	0.25	1.0	0.7674432176298361	1	1.0
cb77ccd141e4	0.0	0.0	0.21526247290588865	0.18667454976445727	0.185695584875566	0.5	0.5	1.0	1.0	1	1.0
