revisions	files	functions	lines	addLines	deleteLines	pos	time	rf	ibf	isComponent	distance
f9500015840d	0.5155855633261326	0.6600228926460963	0.6162671596095013	0.5574445982314135	0.65144801705426	0.04	0.01098901098901099	0.1	1.0	0	1.0
5559f4419915	0.0	0.14167841682498472	0.16084879876695327	0.1444816272328475	0.10483909115472208	0.5	0.014705882352941176	0.9	0.7674432176298361	1	1.0
c2037d594c2e	0.15283719984194166	0.2598444173170428	0.33764828980760514	0.31251608341619624	0.2949740184716314	0.047619047619047616	0.01639344262295082	0.1	1.0	0	1.0
06cdaa1cb207	0.1156168784316249	0.2759856130067989	0.41021438224790097	0.3191688659342263	0.45999297810563644	0.1111111111111111	0.030303030303030304	0.0	1.0	1	1.0
85f5087d5c2c	0.0	0.052289288211202906	0.27748728224918834	0.23691208862286453	0.2703697338015283	0.03333333333333333	0.16666666666666666	0.1	1.0	0	1.0
3b2a735848bb	0.0	0.17877825722756366	0.26432647962818445	0.21108644251844974	0.2758242842563485	0.10638297872340426	0.02127659574468085	0.4	1.0	1	1.0
1961632b5c04	0.06763153833293722	0.28335683364996944	0.3950483989694681	0.3111242496074288	0.43946518884941055	0.16666666666666666	0.05263157894736842	0.0	1.0	1	1.0
fa34fd01b866	0.0	0.052289288211202906	0.08225672366991757	0.06222484992148576	0.06614610194690436	0.5	0.2	0.8	0.7674432176298361	1	0.5
63dcc46fac78	0.0	0.052289288211202906	0.223073608110253	0.16803445618334878	0.23713129504853078	0.029411764705882353	0.01818181818181818	0.0	1.0	0	0.5
bdfc68b5b70f	0.34685063529487464	0.46566849690770495	0.5449787697224322	0.5389778421870743	0.3858229375220214	0.034482758620689655	0.011111111111111112	0.19999999999999998	1.0	0	1.0
d0ea49889625	0.9919137277816905	0.9136987658197159	0.9549963543045487	0.9549969770789714	0.0	0.058823529411764705	0.012195121951219513	0.0	1.0	1	1.0
1792df327d76	0.298865295196187	0.43425068797676647	0.5458042598964361	0.5458046158275675	0.0	0.2	0.022727272727272728	0.0	1.0	0	0.3333333333333333
b21497fdca2a	0.15283719984194166	0.11816600049205804	0.31251587961762084	0.31251608341619624	0.0	0.25	0.016666666666666666	1.0	1.0	1	1.0
7bb7fc36a3ef	0.23123375686324976	0.40435726148239093	0.4602523222967804	0.4486071536922118	0.35668077797719244	0.0375	0.02857142857142857	0.19999999999999998	1.0	0	0.5
a6b6c38e9ca1	0.06763153833293722	0.2903294102274493	0.4602523222967804	0.45836829425475256	0.19843830584071306	0.03225806451612903	0.25	0.1	1.0	0	0.5
39b2d5c454d2	0.0	0.052289288211202906	0.223073608110253	0.1921169119349664	0.19843830584071306	0.125	0.021739130434782608	0.0	0.7674432176298361	0	0.25
f7b1baf0f797	0.0	0.11816600049205804	0.24310552243687084	0.12444969984297151	0.2992159903084853	0.030303030303030304	0.015625	0.0	1.0	0	0.05263157894736842
e7f8672ce0d5	0.18324841676456208	0.3691130106843987	0.4386754818886994	0.43765369070499377	0.13229220389380872	0.16666666666666666	0.03125	0.0	1.0	1	0.06666666666666667
16efe090ec1e	0.2089607343063329	0.21984644927517105	0.38818354551084056	0.25166181710041935	0.4560653186770943	0.02857142857142857	0.025	0.0	1.0	0	1.0
785d50d5c9c6	0.06763153833293722	0.17877825722756366	0.3152364339923866	0.30681439083211687	0.185695584875566	1.0	0.014925373134328358	0.5	0.7674432176298361	1	0.015384615384615385
bb0ff2e143c3	0.0	0.11816600049205804	0.2795047025172246	0.21925311390470442	0.2992159903084853	0.13114754098360656	0.05	0.8	1.0	1	1.0
493703d05279	0.6949993308151405	0.8309406848429126	0.8581113098000227	0.8580960291375812	0.17098519310162644	0.023255813953488372	0.010101010101010102	0.0	0.5428657229282136	0	1.0
6693b8d08a23	0.36649683352912416	0.38951777658204884	0.35556783787757956	0.29913693854435036	0.37331908690250615	0.0625	0.017543859649122806	0.0	1.0	1	1.0
a9077941a379	0.3840709567051914	0.5179577851189078	0.6169672262495188	0.5608960709545473	0.6489310715089961	0.3333333333333333	0.015151515151515152	1.0	1.0	1	1.0
a6b6e3cf36a4	0.9011660316653285	1.0	1.0	1.0	0.06614610194690436	0.06666666666666667	0.010416666666666666	1.0	0.0	0	1.0
e24a1479f40c	0.18324841676456208	0.2903294102274493	0.3922515551972836	0.3851609042166359	0.24476966284453472	0.125	0.015873015873015872	0.0	0.7674432176298361	0	0.3333333333333333
a3bcc6676c47	0.06763153833293722	0.20755512910583993	0.3475232267968525	0.3407266909519464	0.19843830584071306	0.08333333333333333	0.014285714285714285	0.1	1.0	0	1.0
d2839a7616a0	0.25087995509749933	0.4015228341420275	0.540297682498497	0.5396403653594661	0.185695584875566	0.125	0.012048192771084338	0.0	1.0	0	0.2
38c6577cffd8	0.25087995509749933	0.29694425771962174	0.455605579729716	0.40244578470528286	0.47426259009706156	0.037037037037037035	0.012658227848101266	0.19999999999999998	1.0	0	1.0
5ffca8920dd4	0.0	0.26816738584134553	0.3754285959581471	0.354709005947806	0.3179877887693747	0.16666666666666666	0.03333333333333333	0.0	1.0	1	0.2
fc9a0aeeae9f	0.36649683352912416	0.4894710399154403	0.5426687342813107	0.5260034965470138	0.47426259009706156	0.03571428571428571	0.08333333333333333	0.1	1.0	0	1.0
31c59e7c8a88	0.15283719984194166	0.29694425771962174	0.4899235587763951	0.43416019609997797	0.513835112289039	0.03225806451612903	0.1111111111111111	0.1	1.0	0	1.0
2728bff12ca2	0.15283719984194166	0.26816738584134553	0.40833428371166935	0.4059276636691618	0.17098519310162644	0.06060606060606061	0.02040816326530612	0.6	1.0	0	0.25
771232b89f38	0.06763153833293722	0.28335683364996944	0.37611127167284186	0.36604658088821196	0.25842558363252294	0.037037037037037035	0.011494252873563218	0.0	1.0	0	1.0
bb276c9cffeb	0.28435180646288283	0.46910766745501303	0.5121861686322841	0.5093026398385373	0.2858786963716096	0.023809523809523808	0.011363636363636364	0.0	0.7674432176298361	0	1.0
5be5523c8c96	0.15283719984194166	0.21984644927517105	0.29248396529100307	0.2795048847884751	0.19843830584071306	0.038461538461538464	0.024390243902439025	0.1	1.0	0	1.0
00b2b938e7dd	0.1156168784316249	0.2759856130067989	0.36373450393816925	0.3311561769973047	0.3419703862032529	0.02702702702702703	0.010638297872340425	0.0	1.0	0	1.0
2025468b8083	0.0	0.0	0.1350231695040073	0.12444969984297151	0.06614610194690436	0.05	0.043478260869565216	0.1	1.0	0	1.0
f6b401413f70	0.2089607343063329	0.35346216255331403	0.41779264722087933	0.4156296467452772	0.17098519310162644	0.030303030303030304	0.037037037037037035	0.0	1.0	0	1.0
95da06f756f9	0.06763153833293722	0.11816600049205804	0.2975191965758062	0.29248415602632033	0.13229220389380872	0.1111111111111111	0.03571428571428571	0.0	0.299010904108951	0	0.3333333333333333
894fe07157c0	0.28435180646288283	0.32045667405254846	0.4693637168858254	0.4572735065108259	0.3694234989423395	0.029411764705882353	0.027777777777777776	0.1	0.24339919713832855	0	1.0
0532c625e554	0.0	0.16155788157855885	0.22673825668313485	0.21526261328334842	0.13229220389380872	0.125	0.023255813953488372	0.0	0.7674432176298361	0	0.02857142857142857
87e626702b91	0.0	0.0	0.2711478426908739	0.24006228842175747	0.24476966284453472	1.0	0.02564102564102564	0.5	0.7674432176298361	1	0.3333333333333333
aa97d34c5f0d	0.23123375686324976	0.2598444173170428	0.3922515551972836	0.38010201756474693	0.2905346760302881	0.03333333333333333	0.04	0.1	1.0	0	0.5
14db06efb6f0	0.0	0.11816600049205804	0.20210167028488468	0.15303776336186264	0.20967818230944416	0.045454545454545456	0.013888888888888888	0.0	1.0	0	1.0
1a79a34419ea	0.18324841676456208	0.2310675454387666	0.3747406889609206	0.374740933337682	0.0	0.14285714285714285	0.047619047619047616	0.5	1.0	1	0.125
b4085d2e2003	0.33608561660650377	0.4621350908775332	0.4700828509626587	0.4247809551034229	0.4781581780572282	0.020833333333333332	0.011764705882352941	0.0	0.634764624204745	0	1.0
b9924e84dced	0.06763153833293722	0.11816600049205804	0.3807499416331062	0.3407266909519464	0.37520882495625035	0.02564102564102564	0.018518518518518517	0.0	0.7674432176298361	1	1.0
32b89f63cf8e	0.2684540782735666	0.3403361388061225	0.39110795471465654	0.37542884078350797	0.31091576479143906	0.058252427184466014	0.018867924528301886	0.6	1.0	0	1.0
049d34e4cbc8	0.06763153833293722	0.3092355778889529	0.4348695721948365	0.3555680697512972	0.4781581780572282	0.75	0.3333333333333333	0.9	0.7674432176298361	1	1.0
b8daf74e121a	0.1156168784316249	0.3032362984035436	0.32169759753390653	0.23691208862286453	0.363264674787245	0.021739130434782608	0.058823529411764705	0.0	0.7674432176298361	0	1.0
6a05b63c44fe	0.2089607343063329	0.20755512910583993	0.41341268471303405	0.41296297099856594	0.06614610194690436	0.16666666666666666	0.01694915254237288	0.0	1.0	0	0.25
0d6f5c004230	0.0	0.08938912861378186	0.09862398942365351	0.06222484992148576	0.10483909115472208	0.047619047619047616	0.015384615384615385	0.0	1.0	0	0.5
91150cff1620	0.33608561660650377	0.40435726148239093	0.5337288734802474	0.50357059854477	0.514271857459852	0.038461538461538464	0.0196078431372549	0.1	1.0	0	1.0
02228de05340	0.0	0.0	0.11246231544070878	0.11246238877989302	0.0	1.0	0.5	0.5	0.7674432176298361	1	0.16666666666666666
6cea063fb6a3	0.23123375686324976	0.32572112959789795	0.3899495976898972	0.3712200317770567	0.32457168557942734	0.1095890410958904	0.019230769230769232	0.8	1.0	1	1.0
7afaafb0b89e	0.25087995509749933	0.38951777658204884	0.4793739310567598	0.4243846123739596	0.5017157028361482	0.037037037037037035	0.010309278350515464	0.1	1.0	0	1.0
a69c94e79de4	0.06763153833293722	0.11816600049205804	0.2733111142076621	0.24006228842175747	0.2518416868224704	0.09090909090909091	0.041666666666666664	0.1	1.0	0	1.0
f485e04961fe	0.06763153833293722	0.3615248661001558	0.4376534053014468	0.40244578470528286	0.42507236360232326	0.025	0.02	0.0	0.7674432176298361	1	1.0
ebd3b0ceb37a	0.9015412846855929	0.7961791889997339	0.8423923572835764	0.8376743442782604	0.6780956006397814	0.038461538461538464	0.010526315789473684	0.1	1.0	0	1.0
751786e70d2d	0.0	0.0	0.09862398942365351	0.0986240537385567	0.0	1.0	0.017857142857142856	0.5	0.7674432176298361	1	0.5
5c3718022bbe	0.06763153833293722	0.16155788157855885	0.23691193412730824	0.23691208862286453	0.0	0.06666666666666667	0.07142857142857142	0.19999999999999998	1.0	0	0.2
b76b558e0f93	0.0	0.11816600049205804	0.25947278819060676	0.2543417618564522	0.10483909115472208	0.03333333333333333	0.038461538461538464	0.1	1.0	0	1.0
57157b6e2100	0.4624675137264996	0.5958085695553254	0.5829535283987878	0.5155579096078485	0.6250243496084569	0.02857142857142857	0.011235955056179775	0.0	0.4732317041869031	0	1.0
ba9fd7dd4576	0.7569315008735075	0.747270728626659	0.7823707068483857	0.7575343746537336	0.7623358982958404	0.02631578947368421	0.01282051282051282	0.0	0.634764624204745	0	1.0
33462ce6832a	0.0	0.32045667405254846	0.3520811307382998	0.28340860774971316	0.38241440900252793	0.06666666666666667	0.09090909090909091	0.19999999999999998	0.634764624204745	0	0.07692307692307693
ca389cecc6e1	0.44604771970518375	0.5925924115389224	0.6627317424485197	0.6547355376217033	0.5360009014803289	0.029411764705882353	0.0125	0.0	1.0	0	1.0
10acaf3b1072	0.1156168784316249	0.19396770503618765	0.31251587961762084	0.27748746320483414	0.2949740184716314	0.2	0.023809523809523808	0.0	1.0	0	1.0
8f8f422f35ce	0.33608561660650377	0.3615248661001558	0.4700828509626587	0.4633936361037096	0.3179877887693747	0.09090909090909091	0.029411764705882353	0.0	1.0	0	1.0
525251d47bfd	0.2089607343063329	0.4923369634710196	0.5567195371404215	0.5274012407164037	0.536347285357016	0.03571428571428571	0.013157894736842105	0.0	1.0	0	1.0
cdba21b47239	0.15283719984194166	0.20755512910583993	0.32655128897148417	0.3265515019228631	0.0	0.04	0.012345679012345678	0.1	1.0	0	1.0
119494819767	0.0	0.0	0.25947278819060676	0.24604927197391604	0.17098519310162644	1.0	0.022222222222222223	0.6	0.7674432176298361	1	0.5
236fa32220f9	0.2089607343063329	0.3797185388412312	0.4376534053014468	0.4235866383873218	0.3496087539992568	0.045454545454545456	0.014084507042253521	0.1	0.7674432176298361	0	1.0
b8c63a046f4e	0.2089607343063329	0.38951777658204884	0.48759673934798464	0.4705593999170489	0.4181709002654183	0.02	0.010869565217391304	0.0	0.7674432176298361	0	1.0
a9321c1cd716	0.1156168784316249	0.2598444173170428	0.3916815759881601	0.35118810438718073	0.3874826081067366	0.037037037037037035	0.020833333333333332	0.1	1.0	0	1.0
68d798b04913	0.31221641060425004	0.4015228341420275	0.43833608101614163	0.41114013715475295	0.4054281793002713	1.0	0.016129032258064516	0.5	0.7674432176298361	1	0.017241379310344827
870bdb7ff9c8	0.1156168784316249	0.2413899532786789	0.35384141113454926	0.346583429312739	0.20967818230944416	0.03292181069958848	0.010752688172043012	0.8	0.020171391671138444	0	1.0
0e784f35f994	0.1156168784316249	0.21984644927517105	0.30971029428801583	0.3038217309667262	0.15358649247780087	1.0	1.0	0.6	0.7674432176298361	1	1.0
585ba313709f	0.36649683352912416	0.4015228341420275	0.6143731774629946	0.4138606933036529	0.7084780942970365	0.05	0.0136986301369863	0.0	1.0	0	1.0
ac299f8adbe2	0.06763153833293722	0.11816600049205804	0.3300267458539839	0.32772500206324146	0.10483909115472208	0.2	0.034482758620689655	0.0	1.0	0	1.0
d9a491889980	0.06763153833293722	0.16155788157855885	0.24889923737319897	0.22307375358152826	0.20967818230944416	0.16666666666666666	0.03225806451612903	0.0	1.0	1	0.05263157894736842
2bc794b05dce	0.06763153833293722	0.21984644927517105	0.3950483989694681	0.39053089920676354	0.20967818230944416	0.03187250996015936	0.02631578947368421	0.8	0.020171391671138444	0	0.5
8d3383935a74	0.2089607343063329	0.3448615593629846	0.41736414319077336	0.3972250415423424	0.35892626165541897	0.06060606060606061	0.013513513513513514	0.6	1.0	0	1.0
2c4f1a0405d7	0.0	0.052289288211202906	0.16084879876695327	0.06222484992148576	0.20967818230944416	0.06666666666666667	0.017241379310344827	0.0	1.0	0	1.0
da5d8af5ec5e	0.06763153833293722	0.17877825722756366	0.2711478426908739	0.268931327075819	0.06614610194690436	0.1111111111111111	0.06666666666666667	0.0	0.299010904108951	0	0.25
625b915ff8ab	0.298865295196187	0.3032362984035436	0.4156293757040912	0.3580970111371559	0.43753727169803647	0.125	0.1	0.0	1.0	0	1.0
75d16180a83a	0.427833289035875	0.4707934594675118	0.5569012607325572	0.54853590258237	0.42834452370568005	0.07142857142857142	0.011904761904761904	0.1	1.0	0	1.0
1b71dee63500	0.4073832343197421	0.3575565144551274	0.45699741263083815	0.39668587185911636	0.48431700221232266	0.022727272727272728	0.05555555555555555	0.0	0.7674432176298361	0	1.0
da3fc28a7250	0.15283719984194166	0.17877825722756366	0.2795047025172246	0.2711480195124297	0.15358649247780087	0.037037037037037035	0.02702702702702703	0.0	1.0	0	0.013888888888888888
317ac07da1e6	0.32457761273795777	0.4909119627558094	0.5192222219741379	0.4533330596863628	0.5559673440987695	0.03333333333333333	0.013333333333333334	0.0	1.0	0	1.0
3fa0d24e73a9	0.0	0.08938912861378186	0.12444961868659946	0.0822567773113617	0.13229220389380872	0.05263157894736842	0.0625	0.19999999999999998	1.0	0	0.25
8bc60afeb8e7	0.06763153833293722	0.32572112959789795	0.3893647654986319	0.3781289385270319	0.28098384636729934	0.037037037037037035	0.045454545454545456	0.1	1.0	0	1.0
e3be6efa6aab	0.06763153833293722	0.052289288211202906	0.11246231544070878	0.0822567773113617	0.10483909115472208	0.07142857142857142	0.07692307692307693	0.0	1.0	0	0.5
1d4b118142c3	0.06763153833293722	0.2413899532786789	0.3813934671405255	0.34937447740275757	0.35892626165541897	0.0392156862745098	0.012987012987012988	0.30000000000000004	1.0	0	1.0
b1be543f3ccb	0.2684540782735666	0.42740157838101095	0.49011476528927655	0.47563780423015223	0.40678179991443814	0.2	0.14285714285714285	0.7000000000000001	1.0	0	1.0
02d85e332b41	0.0	0.0	0.0	0.0	0.0	0.125	0.125	0.0	1.0	0	0.05
805d879dc0cf	0.06763153833293722	0.25094701019234067	0.29248396529100307	0.22673840454420918	0.3179877887693747	0.04081632653061224	0.011627906976744186	0.30000000000000004	1.0	0	1.0
8c31110375c5	0.9350472081371242	0.829080634531919	0.8781007659745617	0.8689093554294399	0.7772911508282873	0.029411764705882353	0.01020408163265306	0.0	0.299010904108951	0	1.0
2a6fd4bca715	0.06763153833293722	0.17877825722756366	0.1921167866513249	0.16084890366004248	0.17098519310162644	0.5	0.014492753623188406	0.8	0.7674432176298361	1	0.3333333333333333
