revisions	files	functions	lines	addLines	deleteLines	pos	time	rf	ibf	isComponent	distance
a8fad3442db5	0.06763153833293722	0.2310675454387666	0.3529655854182781	0.35028587083897605	0.13229220389380872	0.015228426395939085	0.02631578947368421	1.0	0.5542188588270237	0	1.0
f802edf10568	0.18324841676456208	0.2903294102274493	0.3807499416331062	0.36528256366046225	0.2992159903084853	0.014084507042253521	0.1111111111111111	0.3333333333333333	0.6670925768706442	0	0.125
ac8b09b99c40	0.0	0.11816600049205804	0.1808807130935711	0.16803445618334878	0.10483909115472208	0.01675977653631285	0.025	1.0	0.7200151645751662	0	0.05263157894736842
943d4a809b1b	0.06763153833293722	0.11816600049205804	0.3022869412151867	0.28896325446569493	0.20967818230944416	0.015463917525773198	0.03571428571428571	1.0	0.7200151645751662	0	0.3333333333333333
2f12a69d0350	0.45717183411277906	0.5393224246657808	0.6054766491069599	0.5875857418462572	0.5468157052941017	0.01973684210526316	0.02	1.0	0.6670925768706442	1	0.2
0a5c9092b3c6	0.0	0.052289288211202906	0.346583203298102	0.285298603503014	0.3694234989423395	0.015228426395939085	0.018518518518518517	1.0	0.7862820113382425	0	0.125
59d90e78441e	0.06763153833293722	0.14167841682498472	0.30533033178017055	0.2941941407259178	0.19843830584071306	0.026548672566371685	0.125	1.0	0.8737371161658226	1	1.0
805e2dbf1d5a	0.23123375686324976	0.20755512910583993	0.3253622461067884	0.24604927197391604	0.363264674787245	0.01829268292682927	0.045454545454545456	1.0	0.6670925768706442	0	0.1
11ad72e8d021	0.06763153833293722	0.08938912861378186	0.11246231544070878	0.0986240537385567	0.06614610194690436	0.0189873417721519	0.05263157894736842	1.0	0.7200151645751662	0	0.5
1d997c9cd906	0.06763153833293722	0.19396770503618765	0.3165664053379244	0.3111242496074288	0.15358649247780087	1.0	0.2	1.0	0.8737371161658226	1	1.0
8c23756b7c1e	0.0	0.052289288211202906	0.2852984174535528	0.2754236600741	0.17098519310162644	0.018633540372670808	0.018867924528301886	1.0	0.7862820113382425	0	0.2
cc91337a4fae	0.1156168784316249	0.19396770503618765	0.31916865779722586	0.3053305308928899	0.22882791652472703	1.0	0.3333333333333333	1.0	1.0	1	0.3333333333333333
c5dd7af990ed	0.0	0.0	0.2733111142076621	0.21925311390470442	0.2858786963716096	0.01973684210526316	0.07142857142857142	1.0	0.7862820113382425	1	1.0
6b47a8a9071b	0.0	0.0	0.08225672366991757	0.06222484992148576	0.06614610194690436	0.01675977653631285	0.038461538461538464	1.0	0.7200151645751662	0	0.043478260869565216
f0c413954535	0.2089607343063329	0.3356461218611724	0.43199664145782707	0.3972250415423424	0.4181709002654183	0.0189873417721519	0.047619047619047616	1.0	0.6670925768706442	0	1.0
36ee008cf2ad	0.1156168784316249	0.25094701019234067	0.34072646875661666	0.3191688659342263	0.2858786963716096	1.0	0.16666666666666666	1.0	0.7862820113382425	1	1.0
5768b6ed4f2c	0.0	0.2310675454387666	0.33971209159248816	0.27748746320483414	0.363264674787245	0.01675977653631285	0.0625	1.0	0.7200151645751662	0	0.05555555555555555
6e19c54c4a06	0.28435180646288283	0.2413899532786789	0.33659831966454223	0.32044224164478247	0.25842558363252294	0.01973684210526316	0.02040816326530612	1.0	0.7862820113382425	1	0.25
44300fded884	0.06763153833293722	0.0	0.03639918008035379	0.0	0.06614610194690436	0.015463917525773198	0.03333333333333333	1.0	0.7200151645751662	0	0.2
219a0ffbcdf1	0.2089607343063329	0.39862470650273474	0.47894233684149795	0.47336498707623875	0.31091576479143906	0.01675977653631285	0.030303030303030304	1.0	0.7200151645751662	0	0.034482758620689655
870bdb7ff9c8	0.1156168784316249	0.2413899532786789	0.35384141113454926	0.346583429312739	0.20967818230944416	0.013043478260869565	0.017543859649122806	1.0	0.2888627071039373	0	1.0
6619a82e64d0	0.4212912781155082	0.5403031233277195	0.6764063721682093	0.6755878565816299	0.3392820773533669	1.0	0.06666666666666667	1.0	0.8737371161658226	1	1.0
2b8fca1b97d6	0.06763153833293722	0.17877825722756366	0.32169759753390653	0.18667454976445727	0.3858229375220214	0.014563106796116504	0.08333333333333333	1.0	0.6670925768706442	1	1.0
7ba3d6c6a5ba	0.06763153833293722	0.17877825722756366	0.4352223090881957	0.4334448816985424	0.17098519310162644	0.015228426395939085	0.01818181818181818	1.0	0.7862820113382425	0	0.09090909090909091
2ddbcd35497d	0.0	0.17877825722756366	0.2619324331157728	0.22307375358152826	0.2518416868224704	0.01282051282051282	0.02702702702702703	0.6666666666666666	0.6670925768706442	0	0.25
8aac0154970d	0.2089607343063329	0.3032362984035436	0.35892416986625436	0.3111242496074288	0.3653620922553896	0.015228426395939085	0.027777777777777776	1.0	0.7862820113382425	0	0.04
5b2f5b265733	0.18324841676456208	0.3830683701036636	0.47675268136453164	0.47008315751417046	0.32457168557942734	0.017964071856287425	0.05555555555555555	1.0	0.5012962711225016	0	1.0
e84b4b9c4e32	0.47741481257989943	0.4865399761879694	0.6626758797062939	0.6626763118520153	0.0	0.015463917525773198	0.021739130434782608	1.0	0.7200151645751662	0	0.16666666666666666
a6b6e3cf36a4	0.9011660316653285	1.0	1.0	1.0	0.06614610194690436	0.012875536480686695	0.017241379310344827	1.0	0.2696667085815035	0	1.0
ad188193a916	0.18324841676456208	0.19396770503618765	0.49884436724308107	0.45891072178060205	0.49919765032625535	0.017045454545454548	0.07692307692307693	1.0	0.5012962711225016	0	1.0
2bc794b05dce	0.06763153833293722	0.21984644927517105	0.3950483989694681	0.39053089920676354	0.20967818230944416	0.012875536480686695	0.037037037037037035	1.0	0.2888627071039373	0	0.5
bb5436a892c1	0.0	0.0	0.0	0.0	0.0	0.0	0.0	0.0	0.0	0	0.0
aeab4ec26a3c	0.0	0.11816600049205804	0.3675551411234703	0.3668041506363452	0.06614610194690436	0.01675977653631285	0.022222222222222223	1.0	0.7200151645751662	0	0.05555555555555555
9744ec677e72	0.18324841676456208	0.3092355778889529	0.3972247825032021	0.36604658088821196	0.37331908690250615	0.01675977653631285	0.02857142857142857	1.0	0.7200151645751662	0	0.3333333333333333
a4775e530f17	0.0	0.2310675454387666	0.44676847422840404	0.3826670915662682	0.47751985692637283	0.01829268292682927	0.03125	1.0	0.5542188588270237	0	1.0
988ce607c302	0.31221641060425004	0.26816738584134553	0.35726168857966106	0.32169780732008496	0.3419703862032529	0.014150943396226414	0.02127659574468085	1.0	0.7200151645751662	1	1.0
f523a1101c52	0.15283719984194166	0.2759856130067989	0.4639063148753641	0.34272169488472753	0.5310146884692765	0.018633540372670808	0.023255813953488372	1.0	0.7862820113382425	0	0.16666666666666666
894fe07157c0	0.28435180646288283	0.32045667405254846	0.4693637168858254	0.4572735065108259	0.3694234989423395	0.016483516483516484	0.04	1.0	0.5012962711225016	0	1.0
c7885ebf562b	0.06763153833293722	0.2413899532786789	0.31251587961762084	0.1921169119349664	0.371391169751132	0.0189873417721519	0.05	1.0	0.7862820113382425	0	0.16666666666666666
9e8471cd2292	0.0	0.2759856130067989	0.3733488560597984	0.33227136503274113	0.3694234989423395	0.013574660633484162	0.02564102564102564	1.0	0.6670925768706442	0	1.0
9c1a07318794	0.0	0.0	0.08225672366991757	0.0822567773113617	0.0	0.01829268292682927	0.041666666666666664	1.0	0.6670925768706442	0	0.2
9ec001189148	0.18324841676456208	0.32572112959789795	0.4829610456471109	0.4429750398501211	0.4825107277201893	0.013392857142857142	0.09090909090909091	1.0	0.6233332456206612	0	1.0
610c1756da93	0.23123375686324976	0.42262468958867977	0.6082854859346631	0.5312271337204609	0.6602417670186419	1.0	0.1	1.0	0.8737371161658226	1	1.0
1c89ae2b5294	0.0	0.2598444173170428	0.38758705545008815	0.29913693854435036	0.4345703388451002	0.01675977653631285	0.058823529411764705	1.0	0.7200151645751662	0	0.07692307692307693
4c6dfd082e65	0.1156168784316249	0.17877825722756366	0.2852984174535528	0.27748746320483414	0.15358649247780087	0.013761467889908256	0.020833333333333332	1.0	0.6670925768706442	0	1.0
7606620a81fa	0.15283719984194166	0.20755512910583993	0.3165664053379244	0.3082741218954018	0.185695584875566	0.01764705882352941	0.034482758620689655	1.0	0.5261627966339776	0	1.0
526fbc656da7	0.28435180646288283	0.3797185388412312	0.4929350419574071	0.4078583075926847	0.5436659588732772	0.015228426395939085	0.022727272727272728	1.0	0.5542188588270237	0	1.0
a6ac76024ffb	0.0	0.052289288211202906	0.14448153301321734	0.12444969984297151	0.10483909115472208	0.015228426395939085	0.0196078431372549	1.0	0.7862820113382425	0	0.16666666666666666
2d7b8d4d6f95	0.32457761273795777	0.11816600049205804	0.25947278819060676	0.21108644251844974	0.26458440778761744	0.013953488372093023	1.0	1.0	0.7862820113382425	1	0.3333333333333333
7c5ab0d66ed8	0.06763153833293722	0.2598444173170428	0.24889923737319897	0.2067064771543332	0.24476966284453472	0.01675977653631285	0.043478260869565216	1.0	0.7200151645751662	0	0.047619047619047616
e2fe8fffc58a	0.33608561660650377	0.43862267454460646	0.5484358542170414	0.493304793901436	0.5750402745648338	0.01282051282051282	0.14285714285714285	0.6666666666666666	0.6670925768706442	1	1.0
69ff652bd805	0.06763153833293722	0.2598444173170428	0.39882312900784195	0.3484537361784948	0.41073113535744094	1.0	0.25	1.0	0.8737371161658226	1	0.25
9953d672b34e	0.32457761273795777	0.47245749871744547	0.4138604234160401	0.36215976245247383	0.42834452370568005	0.018633540372670808	0.03225806451612903	1.0	0.6670925768706442	0	0.5
bf87780d7374	0.2684540782735666	0.3092355778889529	0.4312638094383395	0.38818379865398855	0.4335605024031118	0.015228426395939085	0.023809523809523808	1.0	0.7862820113382425	0	0.5
ca9f6a9aad09	0.36649683352912416	0.3797185388412312	0.5146902099015025	0.47518782092005174	0.515139396646063	0.01675977653631285	0.024390243902439025	1.0	0.7200151645751662	0	0.125
63746fdf09ab	0.298865295196187	0.2759856130067989	0.5182502094353023	0.3774614894865819	0.5949414193809556	0.01675977653631285	0.029411764705882353	1.0	0.7200151645751662	0	0.029411764705882353
221055136cad	0.0	0.19396770503618765	0.25434159599462464	0.22307375358152826	0.22882791652472703	0.015228426395939085	0.019230769230769232	1.0	0.7862820113382425	0	0.2
d7e97044f027	0.18324841676456208	0.2759856130067989	0.33971209159248816	0.3355361423614212	0.15358649247780087	0.018633540372670808	0.5	1.0	0.7862820113382425	0	0.25
