revisions	files	functions	lines	addLines	deleteLines	pos	time	rf	ibf	isComponent	distance
a1e1ee18d049	0.06763153833293722	0.11816600049205804	0.16084879876695327	0.0822567773113617	0.19843830584071306	0.25	0.25	1.0	0.8187919729325676	0	0.25
d59a16ee3ebe	0.0	0.052289288211202906	0.3754285959581471	0.32044224164478247	0.3922951565507468	0.5	0.038461538461538464	1.0	1.0	1	0.02564102564102564
92eb61725564	0.0	0.052289288211202906	0.14448153301321734	0.06222484992148576	0.185695584875566	0.14285714285714285	0.125	1.0	1.0	0	0.5
a6b6e3cf36a4	0.9011660316653285	1.0	1.0	1.0	0.06614610194690436	0.09090909090909091	0.02702702702702703	1.0	0.22080093635368098	0	1.0
e04b56dad3ce	0.0	0.052289288211202906	0.16803434660440356	0.15303776336186264	0.10483909115472208	0.16666666666666666	0.024390243902439025	1.0	0.7154089371698258	0	1.0
abafffb7abb6	0.0	0.14167841682498472	0.25434159599462464	0.25166181710041935	0.06614610194690436	0.14285714285714285	0.03225806451612903	1.0	1.0	0	0.08333333333333333
2bc794b05dce	0.06763153833293722	0.21984644927517105	0.3950483989694681	0.39053089920676354	0.20967818230944416	0.09090909090909091	0.07142857142857142	1.0	0.2365184658562752	0	0.5
60d57bf5df89	0.06763153833293722	0.2598444173170428	0.3386861212955405	0.33764850999558577	0.06614610194690436	0.16666666666666666	0.03333333333333333	1.0	0.8187919729325676	0	0.16666666666666666
10220ba53e32	0.2089607343063329	0.2310675454387666	0.3520811307382998	0.3082741218954018	0.35202479831851397	0.5	0.034482758620689655	1.0	1.0	1	0.023255813953488372
1500ef87bc68	0.3840709567051914	0.2310675454387666	0.26665833602805705	0.2067064771543332	0.2858786963716096	0.5	0.05263157894736842	1.0	1.0	1	0.01639344262295082
b7fffd69828c	0.15283719984194166	0.20755512910583993	0.38758705545008815	0.386382303770726	0.10483909115472208	0.5	0.025	1.0	1.0	1	0.008620689655172414
cf78fe647c19	0.25087995509749933	0.39262542701732545	0.4954896857526342	0.4726717675512135	0.4511282529440474	0.5	0.14285714285714285	1.0	1.0	1	0.14285714285714285
ead0217f1e03	0.0	0.0	0.09862398942365351	0.0822567773113617	0.06614610194690436	0.16666666666666666	0.09090909090909091	1.0	0.8187919729325676	0	0.06666666666666667
a8bcd0e69be4	0.3755152404765367	0.2310675454387666	0.3386861212955405	0.3300269610717857	0.20967818230944416	0.25	0.03571428571428571	1.0	0.7154089371698258	1	1.0
18de3002b26a	0.0	0.3956599494367154	0.39882312900784195	0.35118810438718073	0.40678179991443814	0.5	0.07692307692307693	1.0	1.0	1	0.03571428571428571
a50cdaf71385	0.0	0.17877825722756366	0.2834084229327595	0.2431056809714042	0.2758242842563485	0.14285714285714285	0.029411764705882353	1.0	0.8187919729325676	0	1.0
e79e3029b1e8	0.1156168784316249	0.3149681328686091	0.47675268136453164	0.47630857807875054	0.10483909115472208	0.14285714285714285	0.05555555555555555	1.0	0.8187919729325676	0	0.058823529411764705
57637df59335	0.15283719984194166	0.17877825722756366	0.21526247290588865	0.18667454976445727	0.185695584875566	0.14285714285714285	0.1111111111111111	1.0	0.8187919729325676	0	0.038461538461538464
89dace4eb5e3	0.31221641060425004	0.3863333863334036	0.45836799534275946	0.4400206842355211	0.39384687615873204	0.5	0.043478260869565216	1.0	1.0	1	0.007246376811594203
c2e8e416dc43	0.06763153833293722	0.17877825722756366	0.3322711483513144	0.3053305308928899	0.2949740184716314	0.5	0.3333333333333333	1.0	1.0	1	0.008547008547008548
4c60665da485	0.32457761273795777	0.42016821050624265	0.49884436724308107	0.47103312915571055	0.4708902019503738	0.5	0.02564102564102564	1.0	1.0	1	0.007142857142857143
4ec3221f2e1b	0.06763153833293722	0.08938912861378186	0.2192529709249519	0.21925311390470442	0.0	0.5	0.037037037037037035	1.0	1.0	1	0.038461538461538464
1f74053488c5	0.1156168784316249	0.3403361388061225	0.3916815759881601	0.3417297347099609	0.40266193769533704	0.16666666666666666	0.058823529411764705	1.0	0.8187919729325676	0	0.3333333333333333
efe0d828766c	0.0	0.14167841682498472	0.37193510363131554	0.3111242496074288	0.39537376718501016	0.125	0.030303030303030304	1.0	0.8187919729325676	0	1.0
313ca82fe335	0.0	0.0	0.0	0.0	0.0	0.0	0.0	0.0	0.0	0	0.0
949724cb4301	0.1156168784316249	0.14167841682498472	0.4138604234160401	0.2795048847884751	0.4825107277201893	0.125	0.2	1.0	0.8187919729325676	0	0.25
2f9556adf482	0.0	0.20755512910583993	0.29913674347060804	0.29587216121567017	0.10483909115472208	0.14285714285714285	0.041666666666666664	1.0	1.0	0	0.1
ebfe0a15cf37	0.06763153833293722	0.2413899532786789	0.3613615528139077	0.3138866670219051	0.3674144004562074	0.16666666666666666	0.16666666666666666	1.0	0.8187919729325676	0	0.058823529411764705
325db673e9ca	0.2684540782735666	0.32572112959789795	0.42073623630381113	0.4177929196727829	0.19843830584071306	1.0	1.0	1.0	1.0	1	1.0
8e0f33f0ae33	0.0	0.11816600049205804	0.1350231695040073	0.1350232575556277	0.0	0.16666666666666666	0.03125	1.0	0.8187919729325676	0	0.25
ee802f2eaec0	0.1156168784316249	0.2903294102274493	0.41906602210103944	0.3998733599170715	0.35668077797719244	0.5	0.08333333333333333	1.0	1.0	1	0.25
2160fbaa2114	0.0	0.3863333863334036	0.4700828509626587	0.4251755556614198	0.47751985692637283	0.14285714285714285	0.1	1.0	0.8187919729325676	0	0.2
fed9bb19a86b	0.06763153833293722	0.16155788157855885	0.26665833602805705	0.21108644251844974	0.28098384636729934	0.1111111111111111	0.5	1.0	0.8187919729325676	0	1.0
3c7035d6d025	0.25087995509749933	0.20755512910583993	0.3152364339923866	0.2666585099219055	0.3213365061598323	0.5	0.0625	1.0	1.0	1	0.00980392156862745
0c30b6632f78	0.0	0.2310675454387666	0.2941939488754821	0.21526261328334842	0.3307305097345218	0.16666666666666666	0.06666666666666667	1.0	0.8187919729325676	0	0.3333333333333333
5af91e08b3e2	0.3840709567051914	0.3356461218611724	0.6322352840739165	0.3869868278221867	0.7318450413387723	0.5	0.047619047619047616	1.0	1.0	1	0.015625
870bdb7ff9c8	0.1156168784316249	0.2413899532786789	0.35384141113454926	0.346583429312739	0.20967818230944416	0.1	0.027777777777777776	1.0	0.2365184658562752	0	1.0
0a6df743bcc7	0.06763153833293722	0.052289288211202906	0.16803434660440356	0.0986240537385567	0.19843830584071306	0.5	0.02631578947368421	1.0	1.0	1	0.007352941176470588
334514863909	0.25087995509749933	0.25094701019234067	0.4348695721948365	0.41948677147946223	0.35438118108330957	0.14285714285714285	0.02857142857142857	1.0	1.0	0	0.25
324ace413314	0.0	0.29694425771962174	0.346583203298102	0.2975193905947101	0.35438118108330957	0.14285714285714285	0.04	1.0	1.0	0	0.3333333333333333
f52a57923868	0.4073832343197421	0.46033140759385666	0.5261311242186638	0.5182505473978228	0.39071778752633163	0.5	0.05	1.0	1.0	1	0.016666666666666666
8c31110375c5	0.9350472081371242	0.829080634531919	0.8781007659745617	0.8689093554294399	0.7772911508282873	0.5	0.023809523809523808	1.0	0.45378995285541485	1	1.0
