revisions	files	functions	lines	addLines	deleteLines	pos	time	rf	ibf	isComponent	distance
95a684b5b0b7	0.6214452804992276	0.5824327308531699	0.696053825847849	0.6490658646490366	0.7204490352167099	0.02040816326530612	0.06666666666666667	1.0	0.8187919729325676	0	1.0
139f75ec7e19	0.4866838580375165	0.4789069051958307	0.4231846996354073	0.3333728694339155	0.4729279018613425	0.023809523809523808	0.041666666666666664	1.0	0.7154089371698258	1	0.07142857142857142
5b2f5b265733	0.18324841676456208	0.3830683701036636	0.47675268136453164	0.47008315751417046	0.32457168557942734	0.02127659574468085	0.16666666666666666	1.0	0.4104573628561324	0	1.0
a6b6e3cf36a4	0.9011660316653285	1.0	1.0	1.0	0.06614610194690436	0.011627906976744186	0.027777777777777776	1.0	0.22080093635368098	0	1.0
ad188193a916	0.18324841676456208	0.19396770503618765	0.49884436724308107	0.45891072178060205	0.49919765032625535	0.02	0.25	1.0	0.4104573628561324	0	1.0
2bc794b05dce	0.06763153833293722	0.21984644927517105	0.3950483989694681	0.39053089920676354	0.20967818230944416	0.011627906976744186	0.07692307692307693	1.0	0.2365184658562752	0	0.5
a8fad3442db5	0.06763153833293722	0.2310675454387666	0.3529655854182781	0.35028587083897605	0.13229220389380872	0.017241379310344827	0.05263157894736842	1.0	0.45378995285541485	0	1.0
bb5436a892c1	0.0	0.0	0.0	0.0	0.0	0.0	0.0	0.0	0.0	0	0.0
cee0ef87cf7d	0.06763153833293722	0.17877825722756366	0.20670634235651703	0.18088083104991842	0.17098519310162644	0.016129032258064516	0.04	1.0	1.0	1	1.0
580220052898	0.0	0.0	0.11246231544070878	0.06222484992148576	0.13229220389380872	0.020833333333333332	0.07142857142857142	1.0	0.8187919729325676	0	0.3333333333333333
2f12a69d0350	0.45717183411277906	0.5393224246657808	0.6054766491069599	0.5875857418462572	0.5468157052941017	0.016666666666666666	0.03333333333333333	1.0	0.5462100471445852	1	0.2
ee7a6423b13b	0.06763153833293722	0.2310675454387666	0.38329681951029215	0.29248415602632033	0.431508194202294	0.023809523809523808	0.03125	1.0	1.0	1	1.0
a4775e530f17	0.0	0.2310675454387666	0.44676847422840404	0.3826670915662682	0.47751985692637283	0.021739130434782608	0.05555555555555555	1.0	0.45378995285541485	0	1.0
805e2dbf1d5a	0.23123375686324976	0.20755512910583993	0.3253622461067884	0.24604927197391604	0.363264674787245	0.021739130434782608	0.1	1.0	0.5462100471445852	0	0.1
f523a1101c52	0.15283719984194166	0.2759856130067989	0.4639063148753641	0.34272169488472753	0.5310146884692765	0.022222222222222223	0.047619047619047616	1.0	0.643801399345027	0	0.16666666666666666
11ad72e8d021	0.06763153833293722	0.08938912861378186	0.11246231544070878	0.0986240537385567	0.06614610194690436	0.022727272727272728	0.14285714285714285	1.0	0.5895426371438677	0	0.5
894fe07157c0	0.28435180646288283	0.32045667405254846	0.4693637168858254	0.4572735065108259	0.3694234989423395	0.019230769230769232	0.08333333333333333	1.0	0.4104573628561324	0	1.0
c7885ebf562b	0.06763153833293722	0.2413899532786789	0.31251587961762084	0.1921169119349664	0.371391169751132	0.022727272727272728	0.125	1.0	0.643801399345027	0	0.16666666666666666
df4827c46a80	0.06763153833293722	0.32045667405254846	0.4215598331251373	0.3839226572415707	0.4132760502611081	0.023809523809523808	0.037037037037037035	1.0	1.0	1	0.5
b9246aebc257	0.0	0.052289288211202906	0.16803434660440356	0.1444816272328475	0.13229220389380872	0.023809523809523808	0.2	1.0	1.0	1	0.25
8c23756b7c1e	0.0	0.052289288211202906	0.2852984174535528	0.2754236600741	0.17098519310162644	0.022222222222222223	0.03225806451612903	1.0	0.643801399345027	0	0.05555555555555555
bdcae2990937	0.25087995509749933	0.41766402983178363	0.5428812111233663	0.5423494267650008	0.17098519310162644	0.023809523809523808	0.030303030303030304	1.0	1.0	1	1.0
9e8471cd2292	0.0	0.2759856130067989	0.3733488560597984	0.33227136503274113	0.3694234989423395	0.012195121951219513	0.05	1.0	0.5462100471445852	0	1.0
9c1a07318794	0.0	0.0	0.08225672366991757	0.0822567773113617	0.0	0.021739130434782608	0.09090909090909091	1.0	0.5462100471445852	0	0.2
9ec001189148	0.18324841676456208	0.32572112959789795	0.4829610456471109	0.4429750398501211	0.4825107277201893	0.012048192771084338	0.5	1.0	0.5103802579762019	0	1.0
0b631ffea320	0.0	0.08938912861378186	0.223073608110253	0.22307375358152826	0.0	1.0	0.043478260869565216	1.0	1.0	1	1.0
f0c413954535	0.2089607343063329	0.3356461218611724	0.43199664145782707	0.3972250415423424	0.4181709002654183	0.022727272727272728	0.1111111111111111	1.0	0.5462100471445852	0	1.0
4c6dfd082e65	0.1156168784316249	0.17877825722756366	0.2852984174535528	0.27748746320483414	0.15358649247780087	0.012345679012345678	0.03571428571428571	1.0	0.5462100471445852	0	1.0
7606620a81fa	0.15283719984194166	0.20755512910583993	0.3165664053379244	0.3082741218954018	0.185695584875566	0.017857142857142856	0.0625	1.0	0.4308178743396518	0	1.0
526fbc656da7	0.28435180646288283	0.3797185388412312	0.4929350419574071	0.4078583075926847	0.5436659588732772	0.017543859649122806	0.045454545454545456	1.0	0.45378995285541485	0	1.0
6e19c54c4a06	0.28435180646288283	0.2413899532786789	0.33659831966454223	0.32044224164478247	0.25842558363252294	0.023809523809523808	0.034482758620689655	1.0	0.643801399345027	1	0.058823529411764705
870bdb7ff9c8	0.1156168784316249	0.2413899532786789	0.35384141113454926	0.346583429312739	0.20967818230944416	0.011764705882352941	0.02857142857142857	1.0	0.2365184658562752	0	1.0
9953d672b34e	0.32457761273795777	0.47245749871744547	0.4138604234160401	0.36215976245247383	0.42834452370568005	0.022222222222222223	0.058823529411764705	1.0	0.5462100471445852	0	0.1111111111111111
2b8fca1b97d6	0.06763153833293722	0.17877825722756366	0.32169759753390653	0.18667454976445727	0.3858229375220214	0.016666666666666666	0.3333333333333333	1.0	0.5462100471445852	1	1.0
193c5ac09a81	0.0	0.11816600049205804	0.240062131871887	0.18667454976445727	0.2518416868224704	0.015625	0.038461538461538464	1.0	1.0	1	1.0
d7e97044f027	0.18324841676456208	0.2759856130067989	0.33971209159248816	0.3355361423614212	0.15358649247780087	0.022222222222222223	1.0	1.0	0.643801399345027	0	0.25
