revisions	files	functions	lines	addLines	deleteLines	pos	time	rf	ibf	isComponent	distance
6b08cdf00d00	0.25087995509749933	0.37627936829392306	0.4628774047711738	0.449512420009539	0.371391169751132	0.14285714285714285	0.045454545454545456	1.0	1.0	0	0.1
8ee726b771ea	0.1156168784316249	0.08938912861378186	0.30827392086310235	0.30072585581844824	0.17098519310162644	0.07142857142857142	0.07692307692307693	1.0	0.713775290446869	0	0.3333333333333333
2a1a1fa8a8e5	0.0	0.0	0.16084879876695327	0.036399203817070964	0.21973259442470527	0.14285714285714285	0.5	1.0	1.0	0	0.05
01c927aaf8b2	0.298865295196187	0.4449147152285283	0.47675268136453164	0.4049465448062133	0.5164260946100878	0.2	0.0625	1.0	0.713775290446869	0	0.3333333333333333
acb14eef2d73	0.1156168784316249	0.32045667405254846	0.3893647654986319	0.3407266909519464	0.3983561553223356	0.06666666666666667	0.09090909090909091	1.0	0.5873416120983475	0	0.5
dfd114b082c8	0.0	0.14167841682498472	0.1808807130935711	0.17468723870137876	0.06614610194690436	0.06666666666666667	0.043478260869565216	1.0	0.5873416120983475	0	0.034482758620689655
622b14c530f6	0.4144821736278119	0.4741003394381032	0.5900031618668092	0.589436765824515	0.21973259442470527	0.07142857142857142	0.038461538461538464	1.0	0.6418276759850835	0	1.0
c8b454bbb942	0.0	0.0	0.1530376635625889	0.1350232575556277	0.10483909115472208	0.125	0.047619047619047616	1.0	1.0	0	0.16666666666666666
843687183d39	0.0	0.0	0.1746871247840085	0.06222484992148576	0.22882791652472703	0.07142857142857142	0.08333333333333333	1.0	0.713775290446869	0	0.03571428571428571
7ab00d2ec62b	0.23123375686324976	0.39862470650273474	0.5417063155164193	0.5417066687751898	0.0	0.16666666666666666	0.041666666666666664	1.0	0.6418276759850835	0	1.0
9e8f9444e0f7	0.0	0.052289288211202906	0.11246231544070878	0.06222484992148576	0.13229220389380872	0.125	0.05263157894736842	1.0	1.0	0	1.0
89cc8dfb1b14	0.1156168784316249	0.2759856130067989	0.3386861212955405	0.29587216121567017	0.3365158357484327	0.020833333333333332	0.2	1.0	0.3320253463209903	0	0.2
e362b7085285	0.0	0.11816600049205804	0.1746871247840085	0.15303776336186264	0.13229220389380872	0.020833333333333332	1.0	1.0	0.3320253463209903	0	0.5
55c780004473	0.0	0.052289288211202906	0.21526247290588865	0.16803445618334878	0.21973259442470527	0.125	0.05	1.0	1.0	0	0.2
313ca82fe335	0.0	0.0	0.0	0.0	0.0	0.0	0.0	0.0	0.0	0	0.0
4f5bd7469d77	0.2089607343063329	0.29694425771962174	0.4512957237649573	0.4507054140768145	0.10483909115472208	0.06666666666666667	0.058823529411764705	1.0	0.5873416120983475	0	0.3333333333333333
8559551465d2	1.0	0.9192997660272638	0.9469898526770555	0.9469904702302598	0.0	0.5	0.1111111111111111	1.0	0.38954342617594995	1	1.0
eee397a7bf7e	0.0	0.21984644927517105	0.29248396529100307	0.24604927197391604	0.2949740184716314	0.1	0.3333333333333333	1.0	1.0	0	1.0
c0fcccad02d1	0.2089607343063329	0.2413899532786789	0.3386861212955405	0.32772500206324146	0.22882791652472703	0.3333333333333333	0.16666666666666666	1.0	1.0	1	1.0
4a1642c30e63	0.33608561660650377	0.3492335459308247	0.5388665933202142	0.49867122103306155	0.5420512223227073	0.5	0.125	1.0	1.0	1	0.5
332c539581e1	0.06763153833293722	0.16155788157855885	0.19724797884730702	0.18667454976445727	0.10483909115472208	0.16666666666666666	0.07142857142857142	1.0	0.713775290446869	0	1.0
aec97357ab4d	0.0	0.0	0.1350231695040073	0.0986240537385567	0.13229220389380872	0.14285714285714285	0.25	1.0	1.0	0	0.043478260869565216
2b25de3ee40c	0.1156168784316249	0.2598444173170428	0.3966856131715804	0.3961434443332668	0.06614610194690436	0.2	0.05555555555555555	1.0	0.713775290446869	0	1.0
7678cdb12f38	0.06763153833293722	0.0	0.16803434660440356	0.16084890366004248	0.06614610194690436	0.07142857142857142	0.06666666666666667	1.0	0.713775290446869	0	0.5
78e10891a932	0.9624157703013159	0.7652006926941957	0.6945972537553731	0.6102611881517791	0.7572482682376325	0.1	0.14285714285714285	1.0	0.8177103493587502	1	0.08333333333333333
5bafad827a5e	0.3755152404765367	0.43645520751459366	0.5194980176560676	0.5061634569731308	0.4304652477201007	0.06666666666666667	0.04	1.0	0.5873416120983475	0	1.0
