revisions	files	functions	lines	addLines	deleteLines	pos	time	rf	ibf	isComponent	distance
d3354600ed81	0.0	0.08938912861378186	0.4423265790352049	0.38010201756474693	0.521712991428856	0.034482758620689655	0.03333333333333333	0.44444444444444436	0.7169883280031308	1	0.16666666666666666
d097bbf224ec	0.32457761273795777	0.42262468958867977	0.448606861145672	0.43522259290637055	0.3951770389209836	1.0	0.014925373134328358	1.0	0.819836637888477	0	0.3333333333333333
9e464ec455df	0.15283719984194166	0.19396770503618765	0.3022869412151867	0.28340860774971316	0.26272467931750615	0.125	0.1111111111111111	0.5555555555555556	1.0	0	0.25
3ae59f888cd5	0.0	0.08938912861378186	0.29248396529100307	0.2431056809714042	0.3315101243147952	0.07142857142857142	0.008771929824561403	0.11111111111111109	1.0	0	1.0
bbc11b5b414b	0.4073832343197421	0.42016821050624265	0.4138604234160401	0.3520813603382579	0.48794833315054637	0.058823529411764705	0.012987012987012988	0.3333333333333333	1.0	0	0.16666666666666666
b7b9418c5943	0.0	0.11816600049205804	0.16803434660440356	0.16084890366004248	0.07328519594407364	0.047619047619047616	0.01818181818181818	0.11111111111111109	0.7169883280031308	0	1.0
8475b20f280d	0.39996868489450776	0.5845297079920807	0.6530403878304294	0.6528539843173897	0.20573755554755108	0.5	0.009259259259259259	1.0	0.819836637888477	0	0.5
bc646136f4d9	0.18324841676456208	0.2598444173170428	0.2460491115198026	0.21526261328334842	0.2434481513459436	0.5	0.2	0.5555555555555556	0.819836637888477	0	0.043478260869565216
5b47d761d33c	0.18324841676456208	0.20755512910583993	0.3547087746343028	0.35028587083897605	0.18943948337343253	0.09090909090909091	0.030303030303030304	0.5555555555555556	0.819836637888477	1	0.1111111111111111
e168bc7e578d	0.1156168784316249	0.3403361388061225	0.4512957237649573	0.42827143080969776	0.44918570689349474	0.05555555555555555	0.08333333333333333	0.3333333333333333	1.0	0	0.2
93de7d3d0ec5	0.18324841676456208	0.32045667405254846	0.3950483989694681	0.3826670915662682	0.3268103199710318	0.09090909090909091	0.0125	0.11111111111111109	1.0	0	0.125
6740d85a98b3	0.0	0.11816600049205804	0.16803434660440356	0.11246238877989302	0.20573755554755108	0.08333333333333333	0.03125	0.5555555555555556	0.819836637888477	1	0.5
5628706a2c7e	0.2684540782735666	0.42972526741990447	0.56455340792142	0.5527211306526693	0.5178397308809984	0.025	0.017543859649122806	0.22222222222222218	0.819836637888477	0	1.0
48cdcb685705	0.1156168784316249	0.2413899532786789	0.3300267458539839	0.3229360542951501	0.20573755554755108	0.07142857142857142	0.022727272727272728	0.5555555555555556	0.819836637888477	1	1.0
8e0f33f0ae33	0.0	0.11816600049205804	0.1350231695040073	0.1350232575556277	0.0	0.05263157894736842	0.01020408163265306	0.11111111111111109	0.5916741449658187	0	0.25
180776201731	0.298865295196187	0.4741003394381032	0.5813088150871166	0.5764055357755102	0.44918570689349474	0.047619047619047616	0.013333333333333334	0.11111111111111109	0.5916741449658187	0	0.3333333333333333
22e0033985af	0.0	0.0	0.0	0.0	0.0	0.0	0.0	0.0	0.0	0	0.0
87e7cad3b187	0.06763153833293722	0.19396770503618765	0.3547087746343028	0.34752345342449975	0.23230857485871778	0.09090909090909091	0.03225806451612903	0.5555555555555556	0.819836637888477	1	0.045454545454545456
dbe505926331	0.15283719984194166	0.20755512910583993	0.31388646232954215	0.29913693854435036	0.25352512402695815	0.07692307692307693	0.012345679012345678	0.11111111111111109	1.0	0	0.3333333333333333
4d5f202d5e23	0.2684540782735666	0.3653747416205808	0.37678879506889323	0.3580970111371559	0.3444726457672762	0.05555555555555555	0.03571428571428571	0.3333333333333333	1.0	0	1.0
493703d05279	0.6949993308151405	0.8309406848429126	0.8581113098000227	0.8580960291375812	0.18943948337343253	0.09090909090909091	0.008547008547008548	0.11111111111111109	0.5127778372010168	0	0.2
ef4c23fd35a9	0.06763153833293722	0.08938912861378186	0.14448153301321734	0.11246238877989302	0.14657039188814727	0.125	0.125	0.5555555555555556	1.0	0	0.1111111111111111
a6b6e3cf36a4	0.9011660316653285	1.0	1.0	1.0	0.07328519594407364	0.14285714285714285	0.009523809523809525	1.0	0.20523098471151385	0	1.0
15df29c7d7db	0.18324841676456208	0.3149681328686091	0.485208001769834	0.4615747594784907	0.49104303765542345	0.0392156862745098	0.02631578947368421	0.44444444444444436	0.30512359646890397	0	0.5
e04b56dad3ce	0.0	0.052289288211202906	0.16803434660440356	0.15303776336186264	0.11615428742935889	0.05263157894736842	0.009174311926605505	0.11111111111111109	0.5916741449658187	0	1.0
b659692588df	0.0	0.0	0.06222480934329974	0.036399203817070964	0.07328519594407364	0.047619047619047616	0.5	0.11111111111111109	0.7169883280031308	0	0.02702702702702703
4bcbfd0e4386	0.15283719984194166	0.3403361388061225	0.4578222707207731	0.45419212348985394	0.2790227514916247	0.047619047619047616	0.023255813953488372	0.11111111111111109	0.7169883280031308	0	0.2
771232b89f38	0.06763153833293722	0.28335683364996944	0.37611127167284186	0.36604658088821196	0.28631724283122884	1.0	0.01098901098901099	0.5555555555555556	0.819836637888477	0	0.16666666666666666
2728bff12ca2	0.15283719984194166	0.26816738584134553	0.40833428371166935	0.4059276636691618	0.18943948337343253	0.03225806451612903	0.041666666666666664	0.22222222222222218	0.7169883280031308	0	0.1
5be5523c8c96	0.15283719984194166	0.21984644927517105	0.29248396529100307	0.2795048847884751	0.2198555878322209	0.125	0.14285714285714285	0.5555555555555556	1.0	0	0.16666666666666666
e3b5eb90906b	0.0	0.052289288211202906	0.24310552243687084	0.1921169119349664	0.2790227514916247	0.04	0.01282051282051282	0.11111111111111109	1.0	0	1.0
3bba4cd96313	0.18324841676456208	0.19396770503618765	0.382032412356413	0.3668041506363452	0.3315101243147952	0.0625	0.05263157894736842	0.22222222222222218	0.819836637888477	1	1.0
e79e3029b1e8	0.1156168784316249	0.3149681328686091	0.47675268136453164	0.47630857807875054	0.11615428742935889	0.045454545454545456	0.022222222222222223	0.11111111111111109	0.5916741449658187	0	0.2
7ab00d2ec62b	0.23123375686324976	0.39862470650273474	0.5417063155164193	0.5417066687751898	0.0	0.025	0.009345794392523364	0.11111111111111109	0.7169883280031308	0	0.018518518518518517
89cc8dfb1b14	0.1156168784316249	0.2759856130067989	0.3386861212955405	0.29587216121567017	0.3728357111792247	0.0392156862745098	0.07692307692307693	0.44444444444444436	0.30512359646890397	0	0.25
8f492e69aa21	0.0	0.0	0.16084879876695327	0.12444969984297151	0.17016295540186993	0.047619047619047616	0.047619047619047616	0.11111111111111109	0.7169883280031308	0	0.25
fc2a43593c27	0.34685063529487464	0.32045667405254846	0.5442501860512816	0.5351282859429521	0.4684622348650572	0.058823529411764705	0.018518518518518517	0.22222222222222218	0.819836637888477	1	0.125
f7d5709ee3bd	0.0	0.0	0.06222480934329974	0.036399203817070964	0.07328519594407364	0.058823529411764705	0.05555555555555555	0.22222222222222218	0.819836637888477	1	1.0
ff4dcd4e7cbf	0.18324841676456208	0.2598444173170428	0.35384141113454926	0.343702813747676	0.26272467931750615	0.06666666666666667	0.02040816326530612	0.11111111111111109	0.7169883280031308	1	1.0
5147c17e9683	0.06763153833293722	0.14167841682498472	0.19724797884730702	0.18088083104991842	0.14657039188814727	0.5	0.009900990099009901	1.0	0.819836637888477	0	0.125
e40326dfa9b6	0.650848639992007	0.6978926532612499	0.7844671428377498	0.7844676544062703	0.0	0.024390243902439025	0.014084507042253521	0.22222222222222218	0.819836637888477	0	1.0
6825565854d6	0.31221641060425004	0.3403361388061225	0.5148353537065401	0.514835689442157	0.0	0.1	0.029411764705882353	0.5555555555555556	0.819836637888477	1	1.0
32b89f63cf8e	0.2684540782735666	0.3403361388061225	0.39110795471465654	0.37542884078350797	0.3444726457672762	0.03125	0.037037037037037035	0.22222222222222218	0.7169883280031308	0	1.0
b0af6b72f007	0.1156168784316249	0.11816600049205804	0.1746871247840085	0.11246238877989302	0.2198555878322209	0.5	0.014285714285714285	0.5555555555555556	0.819836637888477	0	0.045454545454545456
92915ddbc36f	0.0	0.19396770503618765	0.11246231544070878	0.11246238877989302	0.0	0.09090909090909091	0.16666666666666666	0.5555555555555556	0.819836637888477	1	0.02564102564102564
30b89717bac5	0.0	0.0	0.03639918008035379	0.0	0.07328519594407364	0.034482758620689655	0.025	0.44444444444444436	0.7169883280031308	1	1.0
0c30b6632f78	0.0	0.2310675454387666	0.2941939488754821	0.21526261328334842	0.36642597972036817	0.05263157894736842	0.06666666666666667	0.11111111111111109	0.5916741449658187	0	0.3333333333333333
8559551465d2	1.0	0.9192997660272638	0.9469898526770555	0.9469904702302598	0.0	0.06060606060606061	0.01694915254237288	0.44444444444444436	0.43339347763417224	1	1.0
4d36a0faa1b4	0.0	0.19396770503618765	0.2460491115198026	0.18088083104991842	0.2995505152351511	0.025	1.0	0.5555555555555556	0.2641201612339208	0	0.05555555555555555
87231505d3b5	0.1156168784316249	0.19396770503618765	0.30072565970853826	0.2543417618564522	0.3360098752615798	0.034482758620689655	0.02857142857142857	0.44444444444444436	0.7169883280031308	1	0.14285714285714285
7012373d248c	0.15283719984194166	0.38951777658204884	0.4696040689005133	0.4676632944921593	0.23230857485871778	0.05	0.013157894736842105	0.44444444444444436	0.37843416819369485	0	1.0
78e10891a932	0.9624157703013159	0.7652006926941957	0.6945972537553731	0.6102611881517791	0.8389774466324769	0.07692307692307693	0.019230769230769232	0.3333333333333333	0.6457112531348923	1	1.0
11707f6c16f9	0.06763153833293722	0.3448615593629846	0.3966856131715804	0.34752345342449975	0.45068542265940303	0.047619047619047616	0.00909090909090909	0.11111111111111109	0.7169883280031308	0	0.05263157894736842
ebd3b0ceb37a	0.9015412846855929	0.7961791889997339	0.8423923572835764	0.8376743442782604	0.7512818971795265	0.02127659574468085	0.009615384615384616	0.22222222222222218	1.0	0	1.0
60d57bf5df89	0.06763153833293722	0.2598444173170428	0.3386861212955405	0.33764850999558577	0.07328519594407364	0.05263157894736842	0.011764705882352941	0.11111111111111109	0.5484966740038834	0	0.16666666666666666
db5695982144	0.06763153833293722	0.16155788157855885	0.19724797884730702	0.16084890366004248	0.20573755554755108	0.038461538461538464	0.017241379310344827	0.44444444444444436	0.7169883280031308	1	0.5
479e8e84888c	0.4624675137264996	0.4151102582116798	0.604145889134063	0.5304992528484446	0.7235772864285496	0.023255813953488372	0.07142857142857142	0.22222222222222218	0.819836637888477	0	1.0
691741b825d7	0.1156168784316249	0.21984644927517105	0.38329681951029215	0.3555680697512972	0.38734173725256144	0.05555555555555555	0.011494252873563218	0.3333333333333333	1.0	0	0.3333333333333333
ca389cecc6e1	0.44604771970518375	0.5925924115389224	0.6627317424485197	0.6547355376217033	0.5938510348306981	1.0	0.0136986301369863	1.0	0.819836637888477	0	0.5
9de8383ec493	0.23123375686324976	0.20755512910583993	0.40039351465970996	0.38075018992863535	0.375900510949421	0.06666666666666667	0.024390243902439025	0.22222222222222218	0.7169883280031308	1	1.0
2c51582762ea	0.06763153833293722	0.20755512910583993	0.27748728224918834	0.2431056809714042	0.28631724283122884	0.058823529411764705	0.027777777777777776	0.11111111111111109	0.819836637888477	1	1.0
1d2c3fca8353	0.15283719984194166	0.17877825722756366	0.2907407760749784	0.2733112924399355	0.2434481513459436	0.034482758620689655	0.017857142857142856	0.44444444444444436	0.7169883280031308	1	1.0
0d16742315f5	0.15283719984194166	0.32572112959789795	0.42114897920955413	0.41948677147946223	0.17016295540186993	0.020833333333333332	0.008849557522123894	0.22222222222222218	1.0	0	1.0
790e43fe9d91	0.0	0.19396770503618765	0.1921167866513249	0.1350232575556277	0.23230857485871778	0.07142857142857142	0.058823529411764705	0.11111111111111109	1.0	0	0.3333333333333333
57f73b705615	0.8698507480462417	0.7503737054521155	0.749247348718922	0.7028953792291754	0.8597320138711119	0.0625	0.016129032258064516	0.3333333333333333	0.7169883280031308	0	1.0
da9f032a4037	0.49113211890816166	0.5005713292762338	0.6110587636533681	0.6098091909218705	0.3444726457672762	0.09090909090909091	0.011627906976744186	0.11111111111111109	1.0	0	1.0
87070923a1ec	0.0	0.052289288211202906	0.06222480934329974	0.0	0.11615428742935889	0.05	0.012048192771084338	0.3333333333333333	1.0	0	1.0
525251d47bfd	0.2089607343063329	0.4923369634710196	0.5567195371404215	0.5274012407164037	0.5942348036323013	0.4375	0.015151515151515152	1.0	0.7169883280031308	0	1.0
de2af481dc41	0.43412837186206144	0.39262542701732545	0.5950087117415686	0.5244534468307523	0.7098770891469948	0.047619047619047616	0.01639344262295082	0.11111111111111109	1.0	0	1.0
fbb4d5aa821d	0.06763153833293722	0.052289288211202906	0.12444961868659946	0.11246238877989302	0.07328519594407364	0.09090909090909091	0.1	0.5555555555555556	0.819836637888477	1	0.25
cdba21b47239	0.15283719984194166	0.20755512910583993	0.32655128897148417	0.3265515019228631	0.0	0.02564102564102564	0.013513513513513514	0.11111111111111109	0.7169883280031308	0	1.0
d6323cdb74c5	0.2089607343063329	0.29694425771962174	0.4092792547936479	0.4083345499955632	0.11615428742935889	0.058823529411764705	0.02	0.22222222222222218	0.819836637888477	1	0.16666666666666666
ac501262f4a1	0.15283719984194166	0.2413899532786789	0.3152364339923866	0.3038217309667262	0.23230857485871778	0.025	0.011235955056179775	0.11111111111111109	0.819836637888477	0	0.02127659574468085
fcb697bbaa80	0.49968783513681636	0.5412764204197901	0.5034057028794717	0.4416739811001098	0.5926912990114457	0.02857142857142857	0.010526315789473684	0.22222222222222218	0.7169883280031308	0	0.2
e3593bb995f4	0.0	0.08938912861378186	0.20210167028488468	0.2021018020798915	0.0	0.05263157894736842	0.011904761904761904	0.3333333333333333	1.0	0	1.0
2d9d6d6bdcf8	0.06763153833293722	0.19396770503618765	0.3813934671405255	0.29587216121567017	0.4721723765498688	0.034482758620689655	0.043478260869565216	0.44444444444444436	0.7169883280031308	1	0.3333333333333333
f8558605dddb	0.1156168784316249	0.11816600049205804	0.223073608110253	0.1444816272328475	0.28631724283122884	0.09090909090909091	0.012658227848101266	0.11111111111111109	1.0	0	0.125
030c3057aeeb	0.06763153833293722	0.28335683364996944	0.35641875821878183	0.2975193905947101	0.41775784171134983	0.03333333333333333	0.020833333333333332	0.22222222222222218	0.819836637888477	1	0.5
e88ab0dea2d0	0.0	0.14167841682498472	0.25434159599462464	0.22673840454420918	0.2434481513459436	1.0	0.010309278350515464	1.0	0.819836637888477	0	1.0
870bdb7ff9c8	0.1156168784316249	0.2413899532786789	0.35384141113454926	0.346583429312739	0.23230857485871778	0.02564102564102564	0.01	0.5555555555555556	0.2641201612339208	0	1.0
138bfa21f3a6	0.1156168784316249	0.25094701019234067	0.3893647654986319	0.37611151694339084	0.3268103199710318	0.08333333333333333	0.016666666666666666	0.11111111111111109	1.0	0	1.0
e109df9be1af	0.7133474688239989	0.6032150785425553	0.7183681874565422	0.657943609364512	0.8439303190817832	0.021739130434782608	0.09090909090909091	0.22222222222222218	0.819836637888477	0	1.0
d0fe1cca56aa	0.0	0.052289288211202906	0.08225672366991757	0.036399203817070964	0.11615428742935889	0.020833333333333332	0.008928571428571428	0.22222222222222218	1.0	0	0.25
b8c02c64be7c	0.1156168784316249	0.3092355778889529	0.4626183240030097	0.46261862568673695	0.0	0.058823529411764705	0.0196078431372549	0.22222222222222218	0.819836637888477	1	0.14285714285714285
d8a48cf04822	0.15283719984194166	0.25094701019234067	0.342721471388412	0.3038217309667262	0.36967941145631705	0.5	0.010101010101010102	1.0	0.819836637888477	0	0.5
c8e6d9debe86	0.1156168784316249	0.20755512910583993	0.3916815759881601	0.38877635184434883	0.18943948337343253	0.06666666666666667	0.038461538461538464	0.22222222222222218	0.819836637888477	1	1.0
417fbcaf20e4	0.34685063529487464	0.4151102582116798	0.5272747247012909	0.5197733075887534	0.4293032850645836	0.025	0.013888888888888888	0.11111111111111109	0.819836637888477	0	1.0
ea523606754e	0.23123375686324976	0.32045667405254846	0.37404746988795895	0.36451198826472897	0.2790227514916247	0.05555555555555555	0.008620689655172414	0.11111111111111109	1.0	0	0.5
2bc794b05dce	0.06763153833293722	0.21984644927517105	0.3950483989694681	0.39053089920676354	0.23230857485871778	0.025	0.25	0.5555555555555556	0.2641201612339208	0	0.5
8d3383935a74	0.2089607343063329	0.3448615593629846	0.41736414319077336	0.3972250415423424	0.3976648757927639	0.03225806451612903	0.015873015873015872	0.22222222222222218	0.7169883280031308	0	1.0
9bfca09c3c53	0.597730590392374	0.6113504670300618	0.5451858549904106	0.47290343602146634	0.652963260484834	0.029411764705882353	0.010752688172043012	0.22222222222222218	0.7169883280031308	0	0.5
f9e8471002d7	0.06763153833293722	0.3149681328686091	0.35726168857966106	0.343702813747676	0.29314078377629454	0.0625	0.02702702702702703	0.11111111111111109	0.819836637888477	1	1.0
0e7f2128fb6f	0.15283719984194166	0.16155788157855885	0.3322711483513144	0.33227136503274113	0.0	0.058823529411764705	0.3333333333333333	0.22222222222222218	0.819836637888477	1	0.3333333333333333
778b318bf89a	0.06763153833293722	0.11816600049205804	0.23691193412730824	0.22673840454420918	0.14657039188814727	0.05555555555555555	0.008695652173913044	0.11111111111111109	1.0	0	0.14285714285714285
1482584928f5	0.298865295196187	0.2310675454387666	0.4278899559459768	0.4235866383873218	0.26272467931750615	0.024390243902439025	0.014705882352941176	0.22222222222222218	0.819836637888477	0	0.2
8870deb3cd89	0.7360543015010115	0.7432839736633603	0.733626838882853	0.6902862430604149	0.8358670050303718	0.025	0.010416666666666666	0.5555555555555556	0.25730251840121854	0	0.08333333333333333
1fe7e086684b	0.06763153833293722	0.14167841682498472	0.2852984174535528	0.2666585099219055	0.2434481513459436	0.058823529411764705	0.034482758620689655	0.3333333333333333	1.0	0	1.0
84a1d576b4ec	0.1156168784316249	0.3448615593629846	0.458095547716768	0.44200101782755763	0.42368807942882813	0.05555555555555555	0.009708737864077669	0.11111111111111109	1.0	0	1.0
d1864e8d273a	0.0	0.08938912861378186	0.08225672366991757	0.06222484992148576	0.07328519594407364	0.1	0.0625	0.5555555555555556	1.0	1	0.3333333333333333
dd2c4de0cdb1	0.15283719984194166	0.16155788157855885	0.38329681951029215	0.3832970694666971	0.0	0.058823529411764705	0.02127659574468085	0.22222222222222218	0.819836637888477	1	0.2
a90ae029cad6	0.06763153833293722	0.11816600049205804	0.1746871247840085	0.16084890366004248	0.11615428742935889	0.09090909090909091	0.05	0.5555555555555556	0.819836637888477	1	0.024390243902439025
2e51dc92f442	0.06763153833293722	0.052289288211202906	0.2871494402247173	0.2431056809714042	0.31673334729001723	0.041666666666666664	0.045454545454545456	0.11111111111111109	1.0	0	1.0
eaf43055f658	0.8352165233556171	0.7015815654631168	0.7270539814176639	0.653475242730424	0.8681852157819551	0.022727272727272728	0.010869565217391304	0.22222222222222218	0.5916741449658187	0	0.14285714285714285
317ac07da1e6	0.32457761273795777	0.4909119627558094	0.5192222219741379	0.4533330596863628	0.6159724390636047	0.35	0.015384615384615385	1.0	0.7169883280031308	0	1.0
bbac3d3dec30	0.15283719984194166	0.3492335459308247	0.43731011071919407	0.422781507587797	0.39001854323409085	0.025	0.00980392156862745	0.5555555555555556	0.2641201612339208	0	0.1111111111111111
1f74053488c5	0.1156168784316249	0.3403361388061225	0.3916815759881601	0.3417297347099609	0.4461209071232984	0.05263157894736842	0.023809523809523808	0.11111111111111109	0.5916741449658187	0	0.5
313ca82fe335	0.0	0.0	0.0	0.0	0.0	0.0	0.0	0.0	0.0	0	0.0
13374d0158f9	0.06763153833293722	0.2413899532786789	0.3845436648851043	0.3832970694666971	0.11615428742935889	0.022727272727272728	0.009433962264150943	0.22222222222222218	1.0	0	1.0
a6ebacc9d306	0.06763153833293722	0.08938912861378186	0.16803434660440356	0.16803445618334878	0.0	0.058823529411764705	0.02564102564102564	0.22222222222222218	0.819836637888477	1	0.0625
21e5630a726a	0.0	0.052289288211202906	0.08225672366991757	0.036399203817070964	0.11615428742935889	1.0	0.014492753623188406	1.0	0.819836637888477	0	1.0
1c6ed0c751b3	0.0	0.052289288211202906	0.240062131871887	0.1972481074771134	0.26272467931750615	0.09090909090909091	0.04	0.5555555555555556	0.819836637888477	1	0.027777777777777776
124b4010279f	0.06763153833293722	0.052289288211202906	0.11246231544070878	0.06222484992148576	0.14657039188814727	1.0	0.010638297872340425	1.0	0.819836637888477	0	0.16666666666666666
0bfbad79b7bd	0.06763153833293722	0.20755512910583993	0.2733111142076621	0.23025930610483455	0.2995505152351511	0.05263157894736842	0.018867924528301886	0.44444444444444436	0.7169883280031308	1	1.0
805d879dc0cf	0.06763153833293722	0.25094701019234067	0.29248396529100307	0.22673840454420918	0.3523079474356983	0.029411764705882353	0.011363636363636364	0.22222222222222218	0.7169883280031308	0	0.07142857142857142
8c31110375c5	0.9350472081371242	0.829080634531919	0.8781007659745617	0.8689093554294399	0.8611835409404869	0.05555555555555555	0.009009009009009009	0.11111111111111109	0.43339347763417224	0	1.0
f2258c95c059	0.0	0.0	0.03639918008035379	0.0	0.07328519594407364	0.025	0.012195121951219513	0.5555555555555556	0.2641201612339208	0	0.047619047619047616
a53b695cf57b	0.2089607343063329	0.25094701019234067	0.44799823899167057	0.4386757679587653	0.35960243877530246	0.058823529411764705	0.021739130434782608	0.22222222222222218	0.819836637888477	1	0.25
