revisions	files	functions	lines	addLines	deleteLines	pos	time	rf	ibf	isComponent	distance
56bec749e36f	0.28435180646288283	0.41250489177089955	0.4641617102790876	0.3961434443332668	0.5536395242721099	0.14285714285714285	0.02857142857142857	1.0	0.6439070137955224	0	1.0
dbbb9923914f	0.0	0.14167841682498472	0.1350231695040073	0.11246238877989302	0.11615428742935889	0.2	1.0	1.0	1.0	0	0.1
544e2437c6de	0.3840709567051914	0.3492335459308247	0.4602523222967804	0.459180711404868	0.17016295540186993	1.0	0.022222222222222223	1.0	1.0	1	0.16666666666666666
3f658c78cf90	0.1156168784316249	0.052289288211202906	0.06222480934329974	0.036399203817070964	0.07328519594407364	0.1111111111111111	0.037037037037037035	1.0	1.0	0	0.06666666666666667
57157b6e2100	0.4624675137264996	0.5958085695553254	0.5829535283987878	0.5155579096078485	0.6924827099810168	0.16666666666666666	0.029411764705882353	1.0	0.6439070137955224	0	0.5
57075ba05b26	0.5155855633261326	0.5497205362076385	0.537750018927384	0.49867122103306155	0.596882875223449	1.0	0.03125	1.0	0.7733135557050786	1	0.3333333333333333
41b61008de5d	0.06763153833293722	0.052289288211202906	0.12444961868659946	0.11246238877989302	0.07328519594407364	0.16666666666666666	0.0625	1.0	1.0	0	0.05555555555555555
23a442bff758	0.5832171016590698	0.42972526741990447	0.5193602257274647	0.4369657832591678	0.6313306989273231	1.0	0.08333333333333333	1.0	1.0	1	0.06666666666666667
e4140940ec33	0.18324841676456208	0.3830683701036636	0.5811703857245133	0.5224774723590709	0.6803129489175118	1.0	0.02702702702702703	1.0	1.0	1	0.3333333333333333
1634118ff3f2	0.23123375686324976	0.3032362984035436	0.4458349674748824	0.44520748305129576	0.11615428742935889	0.14285714285714285	0.041666666666666664	1.0	1.0	0	0.3333333333333333
a4db24cedb32	0.3755152404765367	0.16155788157855885	0.30971029428801583	0.28714962748127176	0.28631724283122884	1.0	0.018867924528301886	1.0	1.0	1	0.25
3b9949f4a948	0.0	0.0	0.16803434660440356	0.0822567773113617	0.23230857485871778	1.0	0.05	1.0	1.0	1	0.027777777777777776
5cb40b30556f	0.15283719984194166	0.2413899532786789	0.36373450393816925	0.36373474113755194	0.0	1.0	0.016666666666666666	1.0	1.0	1	0.1
d2c448835bbb	0.0	0.052289288211202906	0.20210167028488468	0.15303776336186264	0.23230857485871778	0.1111111111111111	0.038461538461538464	1.0	1.0	0	0.16666666666666666
f10533829c90	0.298865295196187	0.37274596226375134	0.5320685884633054	0.5311062293487824	0.23230857485871778	1.0	0.017857142857142856	1.0	0.7733135557050786	1	0.058823529411764705
2e060aaa7e9e	0.06763153833293722	0.11816600049205804	0.2795047025172246	0.2666585099219055	0.20573755554755108	0.16666666666666666	0.1111111111111111	1.0	1.0	0	0.2
b91bb5a5841c	0.298865295196187	0.38951777658204884	0.4698437791200057	0.3851609042166359	0.5749582756607388	1.0	0.045454545454545456	1.0	1.0	1	0.2
e94ee0d684a0	0.06763153833293722	0.16155788157855885	0.25434159599462464	0.2543417618564522	0.0	0.2	0.07692307692307693	1.0	1.0	0	0.3333333333333333
1b3679da739f	0.1156168784316249	0.2598444173170428	0.31251587961762084	0.2543417618564522	0.36642597972036817	0.16666666666666666	0.2	1.0	0.7733135557050786	0	0.02564102564102564
870bdb7ff9c8	0.1156168784316249	0.2413899532786789	0.35384141113454926	0.346583429312739	0.23230857485871778	0.047619047619047616	0.02564102564102564	1.0	0.07409596422305327	0	1.0
129b5aed937e	0.0	0.0	0.06222480934329974	0.06222484992148576	0.0	0.05555555555555555	0.14285714285714285	1.0	0.7733135557050786	0	0.25
f02055dada74	0.0	0.0	0.03639918008035379	0.0	0.07328519594407364	0.0625	0.058823529411764705	1.0	1.0	0	0.05555555555555555
c69f4c950bc2	0.47741481257989943	0.4449147152285283	0.5365055306137236	0.5353593580973068	0.25352512402695815	0.16666666666666666	0.024390243902439025	1.0	1.0	0	0.14285714285714285
8b374e69ca73	0.0	0.052289288211202906	0.14448153301321734	0.12444969984297151	0.11615428742935889	0.16666666666666666	0.04	1.0	1.0	0	0.3333333333333333
d19bfd6c52d4	0.4073832343197421	0.46566849690770495	0.5181104873466144	0.5043889404231349	0.4780805162029425	1.0	0.1	1.0	1.0	1	0.1111111111111111
85d66db19f2f	0.06763153833293722	0.0	0.21526247290588865	0.21526261328334842	0.0	1.0	0.01694915254237288	1.0	1.0	1	0.08333333333333333
a6b6e3cf36a4	0.9011660316653285	1.0	1.0	1.0	0.07328519594407364	0.09090909090909091	0.02127659574468085	1.0	0.0	0	1.0
2bc794b05dce	0.06763153833293722	0.21984644927517105	0.3950483989694681	0.39053089920676354	0.23230857485871778	0.045454545454545456	0.16666666666666666	1.0	0.07409596422305327	0	0.5
bd42b2fe53ec	0.0	0.0	0.09862398942365351	0.0822567773113617	0.07328519594407364	0.16666666666666666	0.025	1.0	1.0	0	0.043478260869565216
fe715a1d4fb1	0.0	0.052289288211202906	0.1808807130935711	0.17468723870137876	0.07328519594407364	0.1111111111111111	0.020833333333333332	1.0	1.0	0	0.16666666666666666
2a6a3bb9a45e	0.5754575678354571	0.39262542701732545	0.5951273785451796	0.5380868027884449	0.694579371666904	1.0	0.07142857142857142	1.0	1.0	1	1.0
41cd4c9d07d1	0.06763153833293722	0.20755512910583993	0.3529655854182781	0.30072585581844824	0.40479532025886883	1.0	0.09090909090909091	1.0	1.0	1	0.022727272727272728
304c64df01bd	0.0	0.0	0.09862398942365351	0.06222484992148576	0.11615428742935889	0.16666666666666666	0.02	1.0	1.0	0	0.03125
f1de8ab5753a	0.0	0.0	0.11246231544070878	0.06222484992148576	0.14657039188814727	0.1111111111111111	0.034482758620689655	1.0	1.0	0	0.019230769230769232
8870deb3cd89	0.7360543015010115	0.7432839736633603	0.733626838882853	0.6902862430604149	0.8358670050303718	0.045454545454545456	0.027777777777777776	1.0	0.06551782050889805	0	0.08333333333333333
6aa4de4067e5	0.0	0.11816600049205804	0.3754285959581471	0.3407266909519464	0.3976648757927639	0.16666666666666666	0.05555555555555555	1.0	1.0	0	0.045454545454545456
44728f9b507e	0.6870549771419744	0.6184711557779058	0.6727607037051548	0.579209999168733	0.8196857811150714	1.0	0.25	1.0	0.7733135557050786	1	0.08333333333333333
066ef6da3eae	0.0	0.0	0.08225672366991757	0.0822567773113617	0.0	0.05263157894736842	0.047619047619047616	1.0	0.7733135557050786	0	0.2
5f96ac861c1f	0.06763153833293722	0.08938912861378186	0.16803434660440356	0.15303776336186264	0.11615428742935889	1.0	0.03571428571428571	1.0	1.0	1	0.09090909090909091
1fa57a19bb5d	0.0	0.16155788157855885	0.4156293757040912	0.35384164188242545	0.49002150131477384	0.1111111111111111	0.022727272727272728	1.0	1.0	0	0.25
f5b07218be06	0.1156168784316249	0.17877825722756366	0.2795047025172246	0.268931327075819	0.18943948337343253	1.0	0.02631578947368421	1.0	1.0	1	0.5
bbac3d3dec30	0.15283719984194166	0.3492335459308247	0.43731011071919407	0.422781507587797	0.39001854323409085	0.045454545454545456	0.023809523809523808	1.0	0.07409596422305327	0	0.1111111111111111
8647aaf569db	0.28435180646288283	0.29694425771962174	0.3774612433356863	0.3484537361784948	0.3845953961230083	1.0	0.05263157894736842	1.0	1.0	1	1.0
231cc0f7eba5	0.0	0.0	0.09862398942365351	0.0822567773113617	0.07328519594407364	1.0	0.018518518518518517	1.0	1.0	1	0.2
f4762ebf49c4	0.0	0.11816600049205804	0.2302591559477033	0.21108644251844974	0.18943948337343253	0.1	0.01818181818181818	1.0	1.0	0	0.3333333333333333
0b71ead21826	0.06763153833293722	0.16155788157855885	0.2733111142076621	0.23364731129418437	0.29314078377629454	1.0	0.02040816326530612	1.0	1.0	1	0.0625
acd7b58e970f	0.06763153833293722	0.20755512910583993	0.34467310094345616	0.24889939968594305	0.43635444329618245	0.1111111111111111	0.03333333333333333	1.0	1.0	0	0.5
ac89fd6de323	0.5265873455704474	0.4804700910328192	0.527148375033903	0.49125385047931674	0.5772320877858326	1.0	0.021739130434782608	1.0	1.0	1	0.1111111111111111
4babc24f2de4	0.0	0.0	0.03639918008035379	0.0	0.07328519594407364	0.1111111111111111	0.125	1.0	1.0	0	0.030303030303030304
4d36a0faa1b4	0.0	0.19396770503618765	0.2460491115198026	0.18088083104991842	0.2995505152351511	0.045454545454545456	0.5	1.0	0.07409596422305327	0	0.05555555555555555
7012373d248c	0.15283719984194166	0.38951777658204884	0.4696040689005133	0.4676632944921593	0.23230857485871778	0.09090909090909091	0.043478260869565216	1.0	0.21792895816316077	0	0.14285714285714285
20c2c8d3171e	0.0	0.052289288211202906	0.11246231544070878	0.0822567773113617	0.11615428742935889	0.1111111111111111	0.3333333333333333	1.0	1.0	0	0.047619047619047616
8c31110375c5	0.9350472081371242	0.829080634531919	0.8781007659745617	0.8689093554294399	0.8611835409404869	0.16666666666666666	0.017241379310344827	1.0	0.2870802566955126	0	1.0
35b7b196ea28	0.4144821736278119	0.4850490780504972	0.6132173062516808	0.61238986453018	0.3055937708027914	0.0625	0.030303030303030304	1.0	0.7733135557050786	0	1.0
ebdc4529e0aa	0.0	0.0	0.20670634235651703	0.2067064771543332	0.0	0.1111111111111111	0.0196078431372549	1.0	1.0	0	0.2
f2258c95c059	0.0	0.0	0.03639918008035379	0.0	0.07328519594407364	0.045454545454545456	0.03225806451612903	1.0	0.07409596422305327	0	0.047619047619047616
170251fcad2f	0.0	0.08938912861378186	0.30072565970853826	0.2754236600741	0.28631724283122884	0.07692307692307693	0.06666666666666667	1.0	1.0	0	1.0
80941feb330b	0.18324841676456208	0.21984644927517105	0.36451175055848645	0.36136178846583605	0.17016295540186993	0.14285714285714285	0.019230769230769232	1.0	1.0	0	0.25
fa3455cb6c9b	0.36649683352912416	0.38951777658204884	0.4953096025952339	0.44921167774367243	0.5607088223662837	1.0	0.017543859649122806	1.0	1.0	1	0.125
175d6523ecaa	0.0	0.16155788157855885	0.4182191155947112	0.35641899064740357	0.493056968808805	0.1111111111111111	0.023255813953488372	1.0	1.0	0	1.0
