revisions	files	functions	lines	addLines	deleteLines	pos	time	rf	ibf	isComponent	distance
d3354600ed81	0.0	0.08938912861378186	0.4423265790352049	0.38010201756474693	0.521712991428856	0.032407407407407406	0.023255813953488372	0.22727272727272724	0.7169883280031308	1	0.16666666666666666
f9500015840d	0.5155855633261326	0.6600228926460963	0.6162671596095013	0.5574445982314135	0.7217582619686627	0.030303030303030304	0.006993006993006993	0.022727272727272724	0.819836637888477	0	0.05263157894736842
ba4fbe6e95a4	0.2089607343063329	0.26816738584134553	0.3826668420206856	0.38139371585571197	0.11615428742935889	0.01639344262295082	0.0058823529411764705	0.022727272727272724	1.0	0	0.3333333333333333
da95a1b91da7	0.7738800678488662	0.9333001968632375	0.9488005359155721	0.9488011546495635	0.0	0.05	0.00909090909090909	0.022727272727272724	0.7169883280031308	0	1.0
2ac68f59b417	0.0	0.2413899532786789	0.29913674347060804	0.2543417618564522	0.3315101243147952	0.08333333333333333	0.008620689655172414	0.022727272727272724	1.0	0	1.0
a239f9ec0c0e	0.8374331659063003	0.8409074680823564	0.9499762973278433	0.9499769168285749	0.0	0.06465517241379311	0.006535947712418301	0.75	1.0	0	1.0
05bbc6538b65	0.2089607343063329	0.2759856130067989	0.32415724245907257	0.31251608341619624	0.2434481513459436	0.05172413793103449	0.00819672131147541	0.0909090909090909	0.7169883280031308	0	0.125
acb14eef2d73	0.1156168784316249	0.32045667405254846	0.3893647654986319	0.3407266909519464	0.44135040522507246	0.02857142857142857	0.009009009009009009	0.022727272727272724	0.5916741449658187	0	1.0
fae49fe4100a	0.0	0.052289288211202906	0.1866744280298992	0.16084890366004248	0.17016295540186993	0.025	0.007936507936507936	0.022727272727272724	1.0	0	0.3333333333333333
197b8d811943	0.0	0.11816600049205804	0.2110863048643623	0.1972481074771134	0.14657039188814727	0.05555555555555555	0.011111111111111112	0.022727272727272724	1.0	0	1.0
b7b9418c5943	0.0	0.11816600049205804	0.16803434660440356	0.16084890366004248	0.07328519594407364	0.048	0.013157894736842105	0.4545454545454545	0.7169883280031308	0	1.0
25fb75d5ed7b	0.0	0.08938912861378186	0.24310552243687084	0.21526261328334842	0.23230857485871778	0.1	0.01694915254237288	0.022727272727272724	1.0	0	0.3333333333333333
cd1c20933a2c	0.0	0.08938912861378186	0.1866744280298992	0.11246238877989302	0.2434481513459436	0.05172413793103449	0.0072992700729927005	0.0909090909090909	0.7169883280031308	0	0.03225806451612903
5b47d761d33c	0.18324841676456208	0.20755512910583993	0.3547087746343028	0.35028587083897605	0.18943948337343253	0.0860655737704918	0.02127659574468085	1.0	0.819836637888477	1	0.01818181818181818
f1fdee5a67f3	0.8661846686659406	0.6832776440530254	0.8165654700218236	0.7476465557578882	0.9690572319395623	0.05	0.043478260869565216	0.022727272727272724	1.0	1	1.0
6740d85a98b3	0.0	0.11816600049205804	0.16803434660440356	0.11246238877989302	0.20573755554755108	0.07924528301886792	0.022222222222222223	1.0	0.819836637888477	1	0.5
405bc54f9208	0.4073832343197421	0.4673995464228827	0.49867089583864815	0.4745085883046332	0.5087835358683596	0.025	0.011764705882352941	0.022727272727272724	1.0	0	0.05555555555555555
5628706a2c7e	0.2684540782735666	0.42972526741990447	0.56455340792142	0.5527211306526693	0.5178397308809984	0.030303030303030304	0.0125	0.022727272727272724	0.819836637888477	0	1.0
a9b41094a261	0.0	0.0	0.12444961868659946	0.0822567773113617	0.14657039188814727	0.020833333333333332	0.023809523809523808	0.0909090909090909	0.819836637888477	0	0.14285714285714285
48cdcb685705	0.1156168784316249	0.2413899532786789	0.3300267458539839	0.3229360542951501	0.20573755554755108	0.06840390879478828	0.015873015873015872	1.0	0.819836637888477	1	1.0
8e0f33f0ae33	0.0	0.11816600049205804	0.1350231695040073	0.1350232575556277	0.0	0.05454545454545455	0.006896551724137931	0.5454545454545454	0.5916741449658187	0	0.25
6f40e478320f	0.23123375686324976	0.3032362984035436	0.39449595769461404	0.38454391565460494	0.3055937708027914	0.05	0.011627906976744186	0.022727272727272724	1.0	0	1.0
180776201731	0.298865295196187	0.4741003394381032	0.5813088150871166	0.5764055357755102	0.44918570689349474	0.049180327868852465	0.009259259259259259	0.5454545454545454	0.5916741449658187	0	0.3333333333333333
87e7cad3b187	0.06763153833293722	0.19396770503618765	0.3547087746343028	0.34752345342449975	0.23230857485871778	0.09417040358744395	0.022727272727272728	1.0	0.819836637888477	1	1.0
d14e12f80210	0.2089607343063329	0.28335683364996944	0.3813934671405255	0.3191688659342263	0.45068542265940303	0.023529411764705882	0.009615384615384616	0.06818181818181818	0.819836637888477	0	1.0
f64ab851da28	0.46760022322744493	0.4865399761879694	0.6278553215660712	0.6278145419776997	0.07328519594407364	0.1	0.007462686567164179	0.022727272727272724	1.0	0	1.0
334514863909	0.25087995509749933	0.25094701019234067	0.4348695721948365	0.41948677147946223	0.39262924843900077	0.05454545454545455	0.006622516556291391	0.0909090909090909	0.7169883280031308	0	0.5
63e25a9ed0fb	0.0	0.19396770503618765	0.1921167866513249	0.16084890366004248	0.18943948337343253	0.07692307692307693	0.008695652173913044	0.022727272727272724	1.0	0	1.0
493703d05279	0.6949993308151405	0.8309406848429126	0.8581113098000227	0.8580960291375812	0.18943948337343253	0.022222222222222223	0.005917159763313609	0.022727272727272724	0.5127778372010168	0	1.0
a6b6e3cf36a4	0.9011660316653285	1.0	1.0	1.0	0.07328519594407364	0.04468085106382979	0.0064516129032258064	1.0	0.20523098471151385	0	1.0
15df29c7d7db	0.18324841676456208	0.3149681328686091	0.485208001769834	0.4615747594784907	0.49104303765542345	0.01818181818181818	0.019230769230769232	0.04545454545454545	0.30512359646890397	0	0.5
85c760ec6331	0.39996868489450776	0.522523261974449	0.5266411904991696	0.45971826679794364	0.6257939266696149	0.043478260869565216	0.008130081300813009	0.1818181818181818	1.0	0	1.0
e04b56dad3ce	0.0	0.052289288211202906	0.16803434660440356	0.15303776336186264	0.11615428742935889	0.05454545454545455	0.006369426751592357	0.5454545454545454	0.5916741449658187	0	1.0
a89f90129c0d	0.0	0.0	0.12444961868659946	0.11246238877989302	0.07328519594407364	0.041666666666666664	0.00625	0.022727272727272724	1.0	0	1.0
a3bcc6676c47	0.06763153833293722	0.20755512910583993	0.3475232267968525	0.3407266909519464	0.2198555878322209	0.03125	0.011235955056179775	0.022727272727272724	1.0	0	1.0
b659692588df	0.0	0.0	0.06222480934329974	0.036399203817070964	0.07328519594407364	0.048	0.07142857142857142	0.4545454545454545	0.7169883280031308	0	0.02702702702702703
7a6fa0f8e860	0.4073832343197421	0.4789069051958307	0.49030556541181364	0.422781507587797	0.5837740621496834	0.05172413793103449	0.007246376811594203	0.0909090909090909	0.7169883280031308	0	0.14285714285714285
d5b9c38679c2	0.0	0.14167841682498472	0.2192529709249519	0.21526261328334842	0.07328519594407364	0.022727272727272728	0.008547008547008548	0.022727272727272724	1.0	0	1.0
f285f9922f57	0.25087995509749933	0.26816738584134553	0.38392240687720625	0.354709005947806	0.39262924843900077	0.015873015873015872	0.25	0.022727272727272724	0.819836637888477	0	0.01
e72fcf80c591	0.06763153833293722	0.3032362984035436	0.34563323227605924	0.2795048847884751	0.41361110674781354	0.030303030303030304	0.009900990099009901	0.022727272727272724	1.0	0	0.02702702702702703
4bcbfd0e4386	0.15283719984194166	0.3403361388061225	0.4578222707207731	0.45419212348985394	0.2790227514916247	0.048	0.016129032258064516	0.4545454545454545	0.7169883280031308	0	0.2
2728bff12ca2	0.15283719984194166	0.26816738584134553	0.40833428371166935	0.4059276636691618	0.18943948337343253	0.03007518796992481	0.027777777777777776	0.11363636363636362	0.7169883280031308	0	0.1
ba21ebdb445a	0.1156168784316249	0.19396770503618765	0.31916865779722586	0.3178771676432612	0.07328519594407364	0.02564102564102564	0.006060606060606061	0.022727272727272724	1.0	0	1.0
2bace1ffcc84	0.15283719984194166	0.33077908189246075	0.39281793829913564	0.379449131178624	0.3315101243147952	0.023255813953488372	0.0070921985815602835	0.022727272727272724	1.0	0	0.3333333333333333
3bba4cd96313	0.18324841676456208	0.19396770503618765	0.382032412356413	0.3668041506363452	0.3315101243147952	0.05084745762711864	0.03571428571428571	0.1818181818181818	0.819836637888477	1	1.0
ba6746cffef4	0.06763153833293722	0.2310675454387666	0.2110863048643623	0.18088083104991842	0.20573755554755108	0.016666666666666666	0.09090909090909091	0.022727272727272724	0.819836637888477	0	0.1
e79e3029b1e8	0.1156168784316249	0.3149681328686091	0.47675268136453164	0.47630857807875054	0.11615428742935889	0.04838709677419355	0.015384615384615385	0.5454545454545454	0.5916741449658187	0	0.2
bc857e7522a0	0.25087995509749933	0.3403361388061225	0.40833428371166935	0.4059276636691618	0.18943948337343253	0.05172413793103449	0.009708737864077669	0.0909090909090909	0.7169883280031308	0	0.023809523809523808
caf028883cab	0.06763153833293722	0.052289288211202906	0.27748728224918834	0.268931327075819	0.17016295540186993	0.015873015873015872	0.02631578947368421	0.022727272727272724	0.819836637888477	0	0.010416666666666666
afa073274618	0.7840396415996993	0.8441891019595081	0.8869796960717886	0.8733079103306942	0.9110255962857308	0.02564102564102564	0.005952380952380952	0.022727272727272724	0.5127778372010168	0	1.0
d89a3e66feda	0.0	0.2598444173170428	0.366046342181228	0.3053305308928899	0.4311106485415254	0.015625	0.008264462809917356	0.022727272727272724	1.0	0	0.3333333333333333
89cc8dfb1b14	0.1156168784316249	0.2759856130067989	0.3386861212955405	0.29587216121567017	0.3728357111792247	0.01818181818181818	0.047619047619047616	0.04545454545454545	0.30512359646890397	0	0.25
066ef6da3eae	0.0	0.0	0.08225672366991757	0.0822567773113617	0.0	0.05	0.011494252873563218	0.04545454545454545	0.819836637888477	0	0.2
1635bfd3831c	0.0	0.17877825722756366	0.3253622461067884	0.3053305308928899	0.29314078377629454	0.058823529411764705	0.012048192771084338	0.022727272727272724	1.0	0	1.0
8f492e69aa21	0.0	0.0	0.16084879876695327	0.12444969984297151	0.17016295540186993	0.048	0.03333333333333333	0.4545454545454545	0.7169883280031308	0	0.25
fc2a43593c27	0.34685063529487464	0.32045667405254846	0.5442501860512816	0.5351282859429521	0.4684622348650572	0.04	0.013333333333333334	0.20454545454545453	0.819836637888477	1	0.125
a55a6e022b57	0.49546482736881214	0.4707934594675118	0.543831182145409	0.49049628073118345	0.6291506590378744	0.02631578947368421	0.0625	0.022727272727272724	1.0	1	1.0
29313eb2c393	0.0	0.0	0.14448153301321734	0.11246238877989302	0.14657039188814727	0.05263157894736842	0.007407407407407408	0.022727272727272724	1.0	0	1.0
a99f19922716	0.0	0.16155788157855885	0.31251587961762084	0.28340860774971316	0.3113102001789346	0.03225806451612903	0.038461538461538464	0.022727272727272724	1.0	0	1.0
ff4dcd4e7cbf	0.18324841676456208	0.2598444173170428	0.35384141113454926	0.343702813747676	0.26272467931750615	0.08974358974358974	0.014285714285714285	0.38636363636363635	0.7169883280031308	1	1.0
f7d5709ee3bd	0.0	0.0	0.06222480934329974	0.036399203817070964	0.07328519594407364	0.04838709677419355	0.037037037037037035	0.1818181818181818	0.819836637888477	1	1.0
e40326dfa9b6	0.650848639992007	0.6978926532612499	0.7844671428377498	0.7844676544062703	0.0	0.029411764705882353	0.009433962264150943	0.022727272727272724	0.819836637888477	0	1.0
6825565854d6	0.31221641060425004	0.3403361388061225	0.5148353537065401	0.514835689442157	0.0	0.09417040358744395	0.020833333333333332	1.0	0.819836637888477	1	1.0
32b89f63cf8e	0.2684540782735666	0.3403361388061225	0.39110795471465654	0.37542884078350797	0.3444726457672762	0.029197080291970802	0.024390243902439025	0.11363636363636362	0.7169883280031308	0	1.0
227528c6f76c	0.06763153833293722	0.16155788157855885	0.2711478426908739	0.22673840454420918	0.2995505152351511	0.125	0.04	0.0909090909090909	1.0	1	0.3333333333333333
3a77553061f9	0.0	0.11816600049205804	0.1530376635625889	0.11246238877989302	0.17016295540186993	0.058823529411764705	0.012345679012345678	0.022727272727272724	1.0	0	0.09090909090909091
92915ddbc36f	0.0	0.19396770503618765	0.11246231544070878	0.11246238877989302	0.0	0.0860655737704918	0.05263157894736842	1.0	0.819836637888477	1	0.03333333333333333
30b89717bac5	0.0	0.0	0.03639918008035379	0.0	0.07328519594407364	0.032407407407407406	0.017857142857142856	0.22727272727272724	0.7169883280031308	1	1.0
25bd88d965e8	0.25087995509749933	0.3403361388061225	0.46517608744321615	0.45971826679794364	0.3268103199710318	0.021739130434782608	0.025	0.0909090909090909	0.819836637888477	0	1.0
0c30b6632f78	0.0	0.2310675454387666	0.2941939488754821	0.21526261328334842	0.36642597972036817	0.05454545454545455	0.041666666666666664	0.5454545454545454	0.5916741449658187	0	0.3333333333333333
fc2f87a798bb	0.1156168784316249	0.14167841682498472	0.26665833602805705	0.23691208862286453	0.26272467931750615	0.0625	0.01098901098901099	0.04545454545454545	0.7169883280031308	0	1.0
67ebaf1a10cb	0.06763153833293722	0.19396770503618765	0.3747406889609206	0.3740477138126567	0.07328519594407364	0.025	0.008333333333333333	0.022727272727272724	1.0	0	0.08333333333333333
e8451ed3f7b0	0.23123375686324976	0.17877825722756366	0.2569438484539261	0.2431056809714042	0.18943948337343253	0.058823529411764705	0.018867924528301886	0.04545454545454545	1.0	0	1.0
bde560f59f66	0.06763153833293722	0.08938912861378186	0.24889923737319897	0.22307375358152826	0.23230857485871778	0.015873015873015872	0.012658227848101266	0.022727272727272724	0.819836637888477	0	0.07142857142857142
04b13382be1d	0.15283719984194166	0.2598444173170428	0.2733111142076621	0.2643266520013773	0.17016295540186993	0.014705882352941176	0.005988023952095809	0.022727272727272724	1.0	0	0.5
8559551465d2	1.0	0.9192997660272638	0.9469898526770555	0.9469904702302598	0.0	0.05757575757575758	0.011904761904761904	0.909090909090909	0.43339347763417224	1	1.0
4d36a0faa1b4	0.0	0.19396770503618765	0.2460491115198026	0.18088083104991842	0.2995505152351511	0.031198686371100164	0.07692307692307693	0.9545454545454545	0.2641201612339208	0	0.05555555555555555
6d1de89ec39b	0.1156168784316249	0.17877825722756366	0.16803434660440356	0.1444816272328475	0.14657039188814727	0.08064516129032258	0.017241379310344827	0.29545454545454547	0.819836637888477	1	0.1
87231505d3b5	0.1156168784316249	0.19396770503618765	0.30072565970853826	0.2543417618564522	0.3360098752615798	0.032407407407407406	0.02040816326530612	0.22727272727272724	0.7169883280031308	1	0.14285714285714285
7012373d248c	0.15283719984194166	0.38951777658204884	0.4696040689005133	0.4676632944921593	0.23230857485871778	0.05263157894736842	0.009174311926605505	0.22727272727272724	0.37843416819369485	0	1.0
78494d510c1b	0.06763153833293722	0.17877825722756366	0.3311559610431165	0.2569440160127405	0.40479532025886883	0.014492753623188406	0.010416666666666666	0.022727272727272724	1.0	0	1.0
78e10891a932	0.9624157703013159	0.7652006926941957	0.6945972537553731	0.6102611881517791	0.8389774466324769	0.014925373134328358	0.0136986301369863	0.022727272727272724	0.6457112531348923	1	0.043478260869565216
ec9db3d2acf6	0.0	0.08938912861378186	0.16084879876695327	0.15303776336186264	0.07328519594407364	0.02631578947368421	0.01818181818181818	0.022727272727272724	1.0	1	1.0
35b7b196ea28	0.4144821736278119	0.4850490780504972	0.6132173062516808	0.61238986453018	0.3055937708027914	0.05263157894736842	0.007575757575757576	0.04545454545454545	0.819836637888477	0	1.0
a436501eca32	0.1156168784316249	0.14167841682498472	0.16803434660440356	0.11246238877989302	0.20573755554755108	0.05172413793103449	0.007352941176470588	0.0909090909090909	0.7169883280031308	0	0.022222222222222223
11707f6c16f9	0.06763153833293722	0.3448615593629846	0.3966856131715804	0.34752345342449975	0.45068542265940303	0.048	0.006289308176100629	0.4545454545454545	0.7169883280031308	0	0.05263157894736842
4f31df7b30bb	0.4624675137264996	0.4707934594675118	0.5224771316400801	0.4671713947276991	0.6068579084569787	0.020833333333333332	0.010526315789473684	0.0909090909090909	0.6457112531348923	0	0.02631578947368421
33e01910f0e5	0.18324841676456208	0.052289288211202906	0.223073608110253	0.21526261328334842	0.11615428742935889	0.09417040358744395	0.05555555555555555	1.0	1.0	1	0.2
abafffb7abb6	0.0	0.14167841682498472	0.25434159599462464	0.25166181710041935	0.07328519594407364	0.05454545454545455	0.0078125	0.0909090909090909	0.7169883280031308	0	0.125
60d57bf5df89	0.06763153833293722	0.2598444173170428	0.3386861212955405	0.33764850999558577	0.07328519594407364	0.05454545454545455	0.008	0.5454545454545454	0.5484966740038834	0	0.16666666666666666
9519a4901110	0.18324841676456208	0.20755512910583993	0.29913674347060804	0.268931327075819	0.2995505152351511	0.018518518518518517	1.0	0.022727272727272724	0.819836637888477	0	1.0
db5695982144	0.06763153833293722	0.16155788157855885	0.19724797884730702	0.16084890366004248	0.20573755554755108	0.035897435897435895	0.012195121951219513	0.22727272727272724	0.7169883280031308	1	0.5
479e8e84888c	0.4624675137264996	0.4151102582116798	0.604145889134063	0.5304992528484446	0.7235772864285496	0.027777777777777776	0.045454545454545456	0.022727272727272724	0.819836637888477	0	1.0
3faa124feb6f	0.1156168784316249	0.3575565144551274	0.39394009570896044	0.3333728694339155	0.4633037391781645	0.017543859649122806	0.029411764705882353	0.022727272727272724	0.819836637888477	0	0.5
40f4a43d0a51	0.2089607343063329	0.29694425771962174	0.44981186479338786	0.4400206842355211	0.36642597972036817	0.015873015873015872	0.08333333333333333	0.022727272727272724	0.819836637888477	0	1.0
a5aa40c05edd	0.5117509140505785	0.6395629561582741	0.7075388559908385	0.7074545233159374	0.18943948337343253	0.01639344262295082	0.005847953216374269	0.022727272727272724	1.0	0	1.0
9de8383ec493	0.23123375686324976	0.20755512910583993	0.40039351465970996	0.38075018992863535	0.375900510949421	0.07096774193548387	0.017543859649122806	0.5	0.7169883280031308	1	1.0
2c51582762ea	0.06763153833293722	0.20755512910583993	0.27748728224918834	0.2431056809714042	0.28631724283122884	0.1111111111111111	0.02	0.06818181818181818	0.819836637888477	1	1.0
19bcb5a6573d	0.1156168784316249	0.28335683364996944	0.32772478834659746	0.28714962748127176	0.35601808912051	0.015625	0.008771929824561403	0.022727272727272724	1.0	0	1.0
1d2c3fca8353	0.15283719984194166	0.17877825722756366	0.2907407760749784	0.2733112924399355	0.2434481513459436	0.032407407407407406	0.01282051282051282	0.22727272727272724	0.7169883280031308	1	1.0
28bcba73b7d4	0.32457761273795777	0.49923493128011215	0.5338462985118493	0.5019111893295535	0.5749582756607388	0.014925373134328358	0.006024096385542169	0.022727272727272724	1.0	0	0.030303030303030304
3bede0725dfe	0.0	0.052289288211202906	0.1530376635625889	0.15303776336186264	0.0	0.09417040358744395	0.021739130434782608	1.0	1.0	1	0.3333333333333333
d8fef01722d7	0.2089607343063329	0.3032362984035436	0.3982935025521068	0.3668041506363452	0.41570480266450993	0.05263157894736842	0.00641025641025641	0.022727272727272724	1.0	0	0.25
525251d47bfd	0.2089607343063329	0.4923369634710196	0.5567195371404215	0.5274012407164037	0.5942348036323013	0.02127659574468085	0.01	0.0909090909090909	0.7169883280031308	0	1.0
427b8d140369	0.15283719984194166	0.25094701019234067	0.4312638094383395	0.42978023073586147	0.17016295540186993	0.01818181818181818	0.1111111111111111	0.022727272727272724	0.819836637888477	0	0.14285714285714285
fbb4d5aa821d	0.06763153833293722	0.052289288211202906	0.12444961868659946	0.11246238877989302	0.07328519594407364	0.0860655737704918	0.05	1.0	0.819836637888477	1	0.015625
cdba21b47239	0.15283719984194166	0.20755512910583993	0.32655128897148417	0.3265515019228631	0.0	0.019230769230769232	0.009345794392523364	0.022727272727272724	0.7169883280031308	0	1.0
efe0d828766c	0.0	0.14167841682498472	0.37193510363131554	0.3111242496074288	0.43804613040626883	0.05172413793103449	0.006756756756756757	0.0909090909090909	0.7169883280031308	0	1.0
2f9556adf482	0.0	0.20755512910583993	0.29913674347060804	0.29587216121567017	0.11615428742935889	0.05454545454545455	0.00847457627118644	0.0909090909090909	0.7169883280031308	0	0.16666666666666666
d6323cdb74c5	0.2089607343063329	0.29694425771962174	0.4092792547936479	0.4083345499955632	0.11615428742935889	0.04838709677419355	0.014084507042253521	0.1818181818181818	0.819836637888477	1	0.16666666666666666
fcb697bbaa80	0.49968783513681636	0.5412764204197901	0.5034057028794717	0.4416739811001098	0.5926912990114457	0.026845637583892617	0.007142857142857143	0.11363636363636362	0.7169883280031308	0	0.2
74a7ac1e7541	0.392209151070895	0.4585021392981806	0.5868731402467455	0.5866782967522381	0.14657039188814727	0.125	0.010638297872340425	0.022727272727272724	1.0	0	1.0
2d9d6d6bdcf8	0.06763153833293722	0.19396770503618765	0.3813934671405255	0.29587216121567017	0.4721723765498688	0.032407407407407406	0.02857142857142857	0.22727272727272724	0.7169883280031308	1	0.3333333333333333
bb2cae300f3b	0.1156168784316249	0.19396770503618765	0.23691193412730824	0.21526261328334842	0.20573755554755108	0.021739130434782608	0.2	0.0909090909090909	0.819836637888477	0	0.25
030c3057aeeb	0.06763153833293722	0.28335683364996944	0.35641875821878183	0.2975193905947101	0.41775784171134983	0.031007751937984496	0.014705882352941176	0.11363636363636362	0.819836637888477	1	0.5
3ed00e38a873	0.0	0.14167841682498472	0.1808807130935711	0.18088083104991842	0.0	0.058823529411764705	0.015625	0.022727272727272724	1.0	0	0.3333333333333333
870bdb7ff9c8	0.1156168784316249	0.2413899532786789	0.35384141113454926	0.346583429312739	0.23230857485871778	0.03220338983050847	0.006578947368421052	0.9545454545454545	0.2641201612339208	0	1.0
129b5aed937e	0.0	0.0	0.06222480934329974	0.06222484992148576	0.0	0.05263157894736842	0.03225806451612903	0.04545454545454545	0.819836637888477	0	0.07142857142857142
46e62ca0de5b	0.06763153833293722	0.25094701019234067	0.3529655854182781	0.34752345342449975	0.20573755554755108	0.030303030303030304	0.008928571428571428	0.022727272727272724	1.0	0	0.041666666666666664
b8c02c64be7c	0.1156168784316249	0.3092355778889529	0.4626183240030097	0.46261862568673695	0.0	0.04838709677419355	0.013888888888888888	0.1818181818181818	0.819836637888477	1	0.14285714285714285
d6ea0db8559d	0.0	0.2310675454387666	0.3484535089441898	0.3265515019228631	0.3268103199710318	0.06666666666666667	0.012987012987012988	0.022727272727272724	1.0	0	1.0
07de5a904de1	0.15283719984194166	0.16155788157855885	0.32169759753390653	0.3097104962570064	0.2434481513459436	0.047619047619047616	0.006711409395973154	0.0909090909090909	0.7169883280031308	0	1.0
b19acc296647	0.0	0.0	0.19724797884730702	0.1444816272328475	0.23230857485871778	0.015873015873015872	0.16666666666666666	0.022727272727272724	0.819836637888477	0	0.0625
76fa796a79cb	0.06763153833293722	0.2413899532786789	0.43272353954970183	0.42902900055783094	0.25352512402695815	0.016666666666666666	0.125	0.022727272727272724	0.819836637888477	0	1.0
f55451afeac8	0.15283719984194166	0.26816738584134553	0.32293584370148376	0.28714962748127176	0.34032591080373986	0.015873015873015872	0.006802721088435374	0.022727272727272724	1.0	0	0.3333333333333333
c8e6d9debe86	0.1156168784316249	0.20755512910583993	0.3916815759881601	0.38877635184434883	0.18943948337343253	0.05357142857142857	0.02564102564102564	0.1818181818181818	0.819836637888477	1	1.0
82baad1f07c0	0.0	0.14167841682498472	0.2907407760749784	0.23364731129418437	0.34032591080373986	0.01818181818181818	0.1	0.022727272727272724	0.819836637888477	0	1.0
a2f859f65852	0.5466274044296261	0.6495717166950754	0.5951273785451796	0.5314684550550342	0.7027108309204528	0.014925373134328358	0.007518796992481203	0.022727272727272724	1.0	0	0.3333333333333333
2bc794b05dce	0.06763153833293722	0.21984644927517105	0.3950483989694681	0.39053089920676354	0.23230857485871778	0.031198686371100164	0.058823529411764705	0.9545454545454545	0.2641201612339208	0	0.5
a31abe20eaad	0.1156168784316249	0.3956599494367154	0.4286507352776374	0.4134129543086664	0.3845953961230083	0.023809523809523808	0.011363636363636364	0.022727272727272724	1.0	0	0.3333333333333333
74877d4e1c6f	0.2684540782735666	0.32045667405254846	0.41474925665589546	0.3893650194120798	0.41570480266450993	0.02631578947368421	0.014492753623188406	0.022727272727272724	1.0	1	0.3333333333333333
8d3383935a74	0.2089607343063329	0.3448615593629846	0.41736414319077336	0.3972250415423424	0.3976648757927639	0.03007518796992481	0.010309278350515464	0.11363636363636362	0.7169883280031308	0	1.0
9bfca09c3c53	0.597730590392374	0.6113504670300618	0.5451858549904106	0.47290343602146634	0.652963260484834	0.027586206896551724	0.007194244604316547	0.11363636363636362	0.7169883280031308	0	0.5
f9e8471002d7	0.06763153833293722	0.3149681328686091	0.35726168857966106	0.343702813747676	0.29314078377629454	0.1111111111111111	0.0196078431372549	0.06818181818181818	0.819836637888477	1	1.0
0e7f2128fb6f	0.15283719984194166	0.16155788157855885	0.3322711483513144	0.33227136503274113	0.0	0.04838709677419355	0.06666666666666667	0.1818181818181818	0.819836637888477	1	0.3333333333333333
1c3b774c2681	0.0	0.0	0.03639918008035379	0.0	0.07328519594407364	0.05263157894736842	0.03125	0.04545454545454545	1.0	0	1.0
8870deb3cd89	0.7360543015010115	0.7432839736633603	0.733626838882853	0.6902862430604149	0.8358670050303718	0.031198686371100164	0.007042253521126761	0.9545454545454545	0.25730251840121854	0	0.08333333333333333
1482584928f5	0.298865295196187	0.2310675454387666	0.4278899559459768	0.4235866383873218	0.26272467931750615	0.029411764705882353	0.009523809523809525	0.022727272727272724	0.819836637888477	0	0.2
3b2a90971455	0.0	0.2759856130067989	0.223073608110253	0.2067064771543332	0.17016295540186993	0.0196078431372549	0.007874015748031496	0.022727272727272724	1.0	0	0.02631578947368421
a50cdaf71385	0.0	0.17877825722756366	0.2834084229327595	0.2431056809714042	0.3055937708027914	0.05454545454545455	0.006666666666666667	0.0909090909090909	0.7169883280031308	0	1.0
f15277be8b1c	0.427833289035875	0.37274596226375134	0.5071164607072851	0.4413457486232843	0.6016313984938524	0.07692307692307693	0.006944444444444444	0.022727272727272724	0.5484966740038834	0	0.0625
3609c4fce914	0.1156168784316249	0.0	0.06222480934329974	0.036399203817070964	0.07328519594407364	0.015873015873015872	0.3333333333333333	0.022727272727272724	0.819836637888477	0	0.010752688172043012
dd2c4de0cdb1	0.15283719984194166	0.16155788157855885	0.38329681951029215	0.3832970694666971	0.0	0.04838709677419355	0.014925373134328358	0.1818181818181818	0.819836637888477	1	0.2
a90ae029cad6	0.06763153833293722	0.11816600049205804	0.1746871247840085	0.16084890366004248	0.11615428742935889	0.0860655737704918	0.034482758620689655	1.0	0.819836637888477	1	0.06666666666666667
1f74053488c5	0.1156168784316249	0.3403361388061225	0.3916815759881601	0.3417297347099609	0.4461209071232984	0.05454545454545455	0.01639344262295082	0.5454545454545454	0.5916741449658187	0	0.5
bbac3d3dec30	0.15283719984194166	0.3492335459308247	0.43731011071919407	0.422781507587797	0.39001854323409085	0.031198686371100164	0.006493506493506494	0.9545454545454545	0.2641201612339208	0	0.1111111111111111
317ac07da1e6	0.32457761273795777	0.4909119627558094	0.5192222219741379	0.4533330596863628	0.6159724390636047	0.01694915254237288	0.010101010101010102	0.022727272727272724	0.7169883280031308	0	1.0
313ca82fe335	0.0	0.0	0.0	0.0	0.0	0.0	0.0	0.0	0.0	0	0.0
b7033ed58948	0.0	0.0	0.1866744280298992	0.17468723870137876	0.11615428742935889	0.015873015873015872	0.5	0.022727272727272724	0.819836637888477	0	0.03571428571428571
3d8c257c8ac6	0.33608561660650377	0.4850490780504972	0.45419182730123314	0.3928181944644745	0.534587710920228	0.0196078431372549	0.007633587786259542	0.022727272727272724	1.0	0	1.0
2084edd78093	0.18324841676456208	0.37274596226375134	0.42114897920955413	0.3933810269187905	0.4311106485415254	0.015625	0.007692307692307693	0.022727272727272724	1.0	0	0.2
0890318f266f	0.0	0.20755512910583993	0.2871494402247173	0.285298603503014	0.07328519594407364	0.04109589041095891	0.006329113924050633	0.1818181818181818	1.0	0	1.0
a6ebacc9d306	0.06763153833293722	0.08938912861378186	0.16803434660440356	0.16803445618334878	0.0	0.04838709677419355	0.018518518518518517	0.1818181818181818	0.819836637888477	1	0.0625
05e86ba380c9	0.1156168784316249	0.21984644927517105	0.3437025896115514	0.3355361423614212	0.23230857485871778	0.02247191011235955	0.030303030303030304	0.06818181818181818	1.0	0	1.0
6ff62eb1cb80	0.25087995509749933	0.3956599494367154	0.48857358711355064	0.48023125716789555	0.3951770389209836	0.036036036036036036	0.00684931506849315	0.20454545454545453	1.0	0	1.0
1c6ed0c751b3	0.0	0.052289288211202906	0.240062131871887	0.1972481074771134	0.26272467931750615	0.0860655737704918	0.02702702702702703	1.0	0.819836637888477	1	0.125
a9037c382b1f	0.298865295196187	0.3092355778889529	0.41948649792296083	0.401425643245588	0.39001854323409085	0.05555555555555555	0.010752688172043012	0.022727272727272724	1.0	0	1.0
0efab465dc69	0.298865295196187	0.3356461218611724	0.43089513777496785	0.40927952169377846	0.4197717728647314	0.04	0.006134969325153374	0.1818181818181818	1.0	0	0.5
324ace413314	0.0	0.29694425771962174	0.346583203298102	0.2975193905947101	0.39262924843900077	0.05454545454545455	0.008403361344537815	0.0909090909090909	0.7169883280031308	0	0.3333333333333333
c4a8bea2a07e	0.36649683352912416	0.3615248661001558	0.4156293757040912	0.4034544636588299	0.34846286228807666	0.014925373134328358	0.006211180124223602	0.022727272727272724	1.0	0	0.16666666666666666
0bfbad79b7bd	0.06763153833293722	0.20755512910583993	0.2733111142076621	0.23025930610483455	0.2995505152351511	0.056910569105691054	0.013513513513513514	0.6818181818181818	0.7169883280031308	1	1.0
b660de30f8bd	0.0	0.0	0.03639918008035379	0.0	0.07328519594407364	0.01818181818181818	0.14285714285714285	0.022727272727272724	0.819836637888477	0	0.0625
f897bded373c	0.06763153833293722	0.3092355778889529	0.35809677761426034	0.3417297347099609	0.3113102001789346	0.030303030303030304	0.008849557522123894	0.022727272727272724	1.0	0	0.022222222222222223
8c31110375c5	0.9350472081371242	0.829080634531919	0.8781007659745617	0.8689093554294399	0.8611835409404869	0.057692307692307696	0.006097560975609756	0.5454545454545454	0.43339347763417224	0	1.0
805d879dc0cf	0.06763153833293722	0.25094701019234067	0.29248396529100307	0.22673840454420918	0.3523079474356983	0.027586206896551724	0.007751937984496124	0.11363636363636362	0.7169883280031308	0	0.07142857142857142
f2258c95c059	0.0	0.0	0.03639918008035379	0.0	0.07328519594407364	0.031198686371100164	0.008064516129032258	0.9545454545454545	0.2641201612339208	0	0.047619047619047616
a53b695cf57b	0.2089607343063329	0.25094701019234067	0.44799823899167057	0.4386757679587653	0.35960243877530246	0.04838709677419355	0.015151515151515152	0.1818181818181818	0.819836637888477	1	0.25
d5e354ff2378	0.0	0.28335683364996944	0.38392240687720625	0.3826670915662682	0.11615428742935889	0.09090909090909091	0.010869565217391304	0.022727272727272724	1.0	0	1.0
be3686c05545	0.18324841676456208	0.19396770503618765	0.29913674347060804	0.2941941407259178	0.14657039188814727	0.1111111111111111	0.016666666666666666	0.022727272727272724	1.0	1	1.0
5bafad827a5e	0.3755152404765367	0.43645520751459366	0.5194980176560676	0.5061634569731308	0.4769250053707536	0.05555555555555555	0.006172839506172839	0.022727272727272724	0.5916741449658187	0	0.25
473e0412d9f3	0.06763153833293722	0.3492335459308247	0.4567207670379138	0.40927952169377846	0.5178397308809984	0.030303030303030304	0.00980392156862745	0.022727272727272724	1.0	0	0.029411764705882353
