revisions	files	functions	lines	addLines	deleteLines	pos	time	rf	ibf	isComponent	distance
9daf949d30d1	0.33608561660650377	0.3956599494367154	0.4567207670379138	0.38758730820425163	0.546063466351291	0.5	0.04	1.0	0.819836637888477	1	0.06666666666666667
a805b6aeb667	0.34685063529487464	0.42972526741990447	0.5200470800640727	0.4940391250504796	0.5404812098215288	1.0	0.125	1.0	1.0	1	0.25
6cea063fb6a3	0.23123375686324976	0.32572112959789795	0.3899495976898972	0.3712200317770567	0.35960243877530246	0.5	0.07692307692307693	1.0	1.0	1	0.041666666666666664
5300d23b7bea	0.4212912781155082	0.4098458026663303	0.559583873403969	0.5058434156986835	0.6482434716048124	1.0	0.06666666666666667	1.0	1.0	1	1.0
abafffb7abb6	0.0	0.14167841682498472	0.25434159599462464	0.25166181710041935	0.07328519594407364	0.2	0.02127659574468085	1.0	0.7169883280031308	0	0.125
05bbc6538b65	0.2089607343063329	0.2759856130067989	0.32415724245907257	0.31251608341619624	0.2434481513459436	0.16666666666666666	0.022727272727272728	1.0	0.7169883280031308	0	0.125
60d57bf5df89	0.06763153833293722	0.2598444173170428	0.3386861212955405	0.33764850999558577	0.07328519594407364	0.25	0.021739130434782608	1.0	0.5484966740038834	0	0.16666666666666666
fd6fa9a3ede7	0.0	0.0	0.08225672366991757	0.06222484992148576	0.07328519594407364	1.0	0.037037037037037035	1.0	1.0	1	0.3333333333333333
3b2a735848bb	0.0	0.17877825722756366	0.26432647962818445	0.21108644251844974	0.3055937708027914	0.5	0.1	1.0	1.0	1	0.034482758620689655
cd1c20933a2c	0.0	0.08938912861378186	0.1866744280298992	0.11246238877989302	0.2434481513459436	0.2	0.02040816326530612	1.0	0.7169883280031308	0	0.3333333333333333
0085a5c5f382	0.15283719984194166	0.26816738584134553	0.3621595262801692	0.36136178846583605	0.07328519594407364	0.16666666666666666	0.023255813953488372	1.0	1.0	0	0.038461538461538464
06445b80d189	0.0	0.052289288211202906	0.09862398942365351	0.0986240537385567	0.0	0.5	0.03333333333333333	1.0	1.0	1	0.09090909090909091
14773fd1a5bb	0.28435180646288283	0.32572112959789795	0.38877609831478394	0.36903924075360267	0.3630692473521088	0.5	0.1111111111111111	1.0	1.0	1	1.0
d0ea49889625	0.9919137277816905	0.9136987658197159	0.9549963543045487	0.9549969770789714	0.0	0.5	0.025	1.0	1.0	1	0.027777777777777776
1a2675ebc8be	0.0	0.11816600049205804	0.1350231695040073	0.0822567773113617	0.17016295540186993	0.16666666666666666	0.03125	1.0	1.0	0	0.034482758620689655
efe0d828766c	0.0	0.14167841682498472	0.37193510363131554	0.3111242496074288	0.43804613040626883	0.16666666666666666	0.018867924528301886	1.0	0.7169883280031308	0	1.0
cdaabc6064f9	0.4624675137264996	0.5478912679119624	0.5457014877914969	0.46492386887762993	0.6610024738630571	0.5	0.02857142857142857	1.0	0.819836637888477	1	0.05555555555555555
2f9556adf482	0.0	0.20755512910583993	0.29913674347060804	0.29587216121567017	0.11615428742935889	0.2	0.024390243902439025	1.0	0.7169883280031308	0	0.16666666666666666
59539dbe627a	0.15283719984194166	0.3403361388061225	0.42712267414803223	0.4251755556614198	0.18943948337343253	0.16666666666666666	0.030303030303030304	1.0	1.0	0	0.037037037037037035
a8429e8af33b	0.6292961364697458	0.9769899482921102	0.9488328282098614	0.93269212211692	1.0	0.5	0.041666666666666664	1.0	1.0	1	0.0625
8e0f33f0ae33	0.0	0.11816600049205804	0.1350231695040073	0.1350232575556277	0.0	0.25	0.019230769230769232	1.0	0.5916741449658187	0	0.25
180776201731	0.298865295196187	0.4741003394381032	0.5813088150871166	0.5764055357755102	0.44918570689349474	0.16666666666666666	0.02564102564102564	1.0	0.5916741449658187	0	0.0136986301369863
870bdb7ff9c8	0.1156168784316249	0.2413899532786789	0.35384141113454926	0.346583429312739	0.23230857485871778	0.1111111111111111	0.01694915254237288	1.0	0.2641201612339208	0	1.0
334514863909	0.25087995509749933	0.25094701019234067	0.4348695721948365	0.41948677147946223	0.39262924843900077	0.2	0.017241379310344827	1.0	0.7169883280031308	0	0.5
efad8bd05876	0.0	0.11816600049205804	0.2460491115198026	0.1444816272328475	0.3268103199710318	0.16666666666666666	0.03225806451612903	1.0	1.0	0	0.03571428571428571
07de5a904de1	0.15283719984194166	0.16155788157855885	0.32169759753390653	0.3097104962570064	0.2434481513459436	0.16666666666666666	0.018518518518518517	1.0	0.7169883280031308	0	1.0
acef0e51c611	0.0	0.052289288211202906	0.24889923737319897	0.2067064771543332	0.27118744982320253	0.16666666666666666	0.016129032258064516	1.0	1.0	0	0.05263157894736842
dfd884378fc8	0.0	0.052289288211202906	0.16084879876695327	0.11246238877989302	0.18943948337343253	0.5	0.05555555555555555	1.0	1.0	1	0.03571428571428571
a6b6e3cf36a4	0.9011660316653285	1.0	1.0	1.0	0.07328519594407364	0.1111111111111111	0.01639344262295082	1.0	0.20523098471151385	0	1.0
e04b56dad3ce	0.0	0.052289288211202906	0.16803434660440356	0.15303776336186264	0.11615428742935889	0.25	0.015873015873015872	1.0	0.5916741449658187	0	1.0
2bc794b05dce	0.06763153833293722	0.21984644927517105	0.3950483989694681	0.39053089920676354	0.23230857485871778	0.1	0.25	1.0	0.2641201612339208	0	0.5
7a6fa0f8e860	0.4073832343197421	0.4789069051958307	0.49030556541181364	0.422781507587797	0.5837740621496834	0.16666666666666666	0.02	1.0	0.7169883280031308	0	0.14285714285714285
93690409b747	0.18324841676456208	0.2413899532786789	0.3022869412151867	0.2941941407259178	0.18943948337343253	0.5	0.14285714285714285	1.0	1.0	1	0.5
8870deb3cd89	0.7360543015010115	0.7432839736633603	0.733626838882853	0.6902862430604149	0.8358670050303718	0.1	0.0196078431372549	1.0	0.25730251840121854	0	0.08333333333333333
824194a010bc	0.1156168784316249	0.3032362984035436	0.37193510363131554	0.33971231312631994	0.38734173725256144	0.5	0.058823529411764705	1.0	1.0	1	0.03333333333333333
061c6264c16d	0.0	0.052289288211202906	0.16803434660440356	0.0986240537385567	0.2198555878322209	0.25	0.5	1.0	1.0	0	0.06666666666666667
a8450048278f	0.0	0.0	0.03639918008035379	0.036399203817070964	0.0	0.5	0.0625	1.0	1.0	1	0.043478260869565216
a50cdaf71385	0.0	0.17877825722756366	0.2834084229327595	0.2431056809714042	0.3055937708027914	0.2	0.017543859649122806	1.0	0.7169883280031308	0	1.0
e79e3029b1e8	0.1156168784316249	0.3149681328686091	0.47675268136453164	0.47630857807875054	0.11615428742935889	0.2	0.047619047619047616	1.0	0.5916741449658187	0	0.07692307692307693
bc857e7522a0	0.25087995509749933	0.3403361388061225	0.40833428371166935	0.4059276636691618	0.18943948337343253	0.16666666666666666	0.02631578947368421	1.0	0.7169883280031308	0	0.023809523809523808
c8196ea006dc	0.0	0.14167841682498472	0.1746871247840085	0.11246238877989302	0.2198555878322209	0.125	0.02702702702702703	1.0	0.819836637888477	0	0.1
5938d826b292	0.1156168784316249	0.2598444173170428	0.4352223090881957	0.427507413581948	0.3268103199710318	1.0	0.03571428571428571	1.0	1.0	1	0.3333333333333333
a6b285db0902	0.15283719984194166	0.21984644927517105	0.2619324331157728	0.16803445618334878	0.34032591080373986	0.5	0.045454545454545456	1.0	1.0	1	0.14285714285714285
6473db3bcb13	0.06763153833293722	0.16155788157855885	0.2302591559477033	0.1921169119349664	0.2434481513459436	0.5	0.043478260869565216	1.0	1.0	1	0.2
28cd9c7a5fae	0.4624675137264996	0.4937463900961728	0.5337288734802474	0.4891549529453202	0.6030505901212461	0.5	0.07142857142857142	1.0	1.0	1	0.045454545454545456
70e72c3e6d1c	0.18324841676456208	0.38951777658204884	0.4758616425469685	0.40974830334598555	0.5653399943228535	0.5	0.09090909090909091	1.0	1.0	1	0.25
1f74053488c5	0.1156168784316249	0.3403361388061225	0.3916815759881601	0.3417297347099609	0.4461209071232984	0.25	0.05	1.0	0.5916741449658187	0	0.3333333333333333
bbac3d3dec30	0.15283719984194166	0.3492335459308247	0.43731011071919407	0.422781507587797	0.39001854323409085	0.1	0.016666666666666666	1.0	0.2641201612339208	0	0.1111111111111111
313ca82fe335	0.0	0.0	0.0	0.0	0.0	0.0	0.0	0.0	0.0	0	0.0
05402600636e	0.0	0.21984644927517105	0.30072565970853826	0.2643266520013773	0.31673334729001723	0.5	0.08333333333333333	1.0	1.0	1	0.05
973950846d6a	0.28435180646288283	0.2903294102274493	0.33764828980760514	0.29913693854435036	0.3630692473521088	0.5	0.034482758620689655	1.0	1.0	1	0.05263157894736842
315136e13a9f	0.0	0.0	0.14448153301321734	0.1350232575556277	0.07328519594407364	0.125	0.017857142857142856	1.0	0.819836637888477	0	0.125
50aec4be6437	0.0	0.052289288211202906	0.11246231544070878	0.0822567773113617	0.11615428742935889	0.2	0.01818181818181818	1.0	1.0	0	0.14285714285714285
0c30b6632f78	0.0	0.2310675454387666	0.2941939488754821	0.21526261328334842	0.36642597972036817	0.25	0.16666666666666666	1.0	0.5916741449658187	0	0.3333333333333333
fc2f87a798bb	0.1156168784316249	0.14167841682498472	0.26665833602805705	0.23691208862286453	0.26272467931750615	0.125	0.029411764705882353	1.0	0.7169883280031308	0	0.5
bfa8f8e40960	0.1156168784316249	0.14167841682498472	0.16803434660440356	0.1350232575556277	0.17016295540186993	0.5	0.038461538461538464	1.0	1.0	1	0.08333333333333333
4d36a0faa1b4	0.0	0.19396770503618765	0.2460491115198026	0.18088083104991842	0.2995505152351511	0.1	1.0	1.0	0.2641201612339208	0	0.05555555555555555
324ace413314	0.0	0.29694425771962174	0.346583203298102	0.2975193905947101	0.39262924843900077	0.2	0.023809523809523808	1.0	0.7169883280031308	0	0.3333333333333333
e1df49afab12	0.15283719984194166	0.2413899532786789	0.32169759753390653	0.2754236600741	0.35960243877530246	0.5	0.05263157894736842	1.0	1.0	1	0.5
8c31110375c5	0.9350472081371242	0.829080634531919	0.8781007659745617	0.8689093554294399	0.8611835409404869	0.3333333333333333	0.015625	1.0	0.43339347763417224	0	1.0
f2258c95c059	0.0	0.0	0.03639918008035379	0.0	0.07328519594407364	0.1	0.022222222222222223	1.0	0.2641201612339208	0	0.047619047619047616
7a1b3683b834	0.7038134512738744	0.722456260133335	0.5635475551142567	0.5469274119381303	0.5496276753852475	0.5	0.3333333333333333	1.0	1.0	1	0.04
a436501eca32	0.1156168784316249	0.14167841682498472	0.16803434660440356	0.11246238877989302	0.20573755554755108	0.16666666666666666	0.020833333333333332	1.0	0.7169883280031308	0	0.022222222222222223
0b6520765cf5	0.2089607343063329	0.28335683364996944	0.32655128897148417	0.3152366395650962	0.2434481513459436	0.5	0.2	1.0	1.0	1	0.3333333333333333
