revisions	files	functions	lines	addLines	deleteLines	pos	time	rf	ibf	isComponent	distance
f2a0a4315195	0.5558113696012077	0.5269326231991397	0.5256181432578809	0.47008315751417046	0.6108607154140857	0.09090909090909091	0.03333333333333333	1.0	0.819836637888477	1	1.0
da95a1b91da7	0.7738800678488662	0.9333001968632375	0.9488005359155721	0.9488011546495635	0.0	0.0625	0.058823529411764705	1.0	0.7169883280031308	0	1.0
15df29c7d7db	0.18324841676456208	0.3149681328686091	0.485208001769834	0.4615747594784907	0.49104303765542345	0.027777777777777776	0.125	1.0	0.30512359646890397	0	0.5
0407b59ac47a	0.23123375686324976	0.26816738584134553	0.32169759753390653	0.30681439083211687	0.26272467931750615	0.1	0.25	1.0	1.0	0	0.5
8bc8d1cd23df	0.49113211890816166	0.5311961934070335	0.6640621244208003	0.628471309295926	0.7373990228011554	0.16666666666666666	0.03125	1.0	0.819836637888477	1	1.0
bb5436a892c1	0.0	0.0	0.0	0.0	0.0	0.0	0.0	0.0	0.0	0	0.0
c6ae97d234e8	0.0	0.0	0.06222480934329974	0.06222484992148576	0.0	0.1111111111111111	0.029411764705882353	1.0	1.0	1	0.012987012987012988
8a6ca676de56	0.0	0.11816600049205804	0.1866744280298992	0.18088083104991842	0.07328519594407364	0.1111111111111111	0.1111111111111111	1.0	1.0	1	0.012658227848101266
301519a63d0a	0.0	0.0	0.06222480934329974	0.036399203817070964	0.07328519594407364	0.0625	0.09090909090909091	1.0	1.0	0	0.022727272727272728
ea9d34413f1b	0.06763153833293722	0.052289288211202906	0.16084879876695327	0.15303776336186264	0.07328519594407364	0.14285714285714285	0.030303030303030304	1.0	1.0	1	1.0
584f0f36117f	0.15283719984194166	0.3149681328686091	0.3502856424098959	0.29587216121567017	0.40479532025886883	0.1111111111111111	1.0	1.0	1.0	1	0.2
6c63340072aa	0.0	0.19396770503618765	0.24889923737319897	0.21526261328334842	0.25352512402695815	0.1111111111111111	0.02857142857142857	1.0	1.0	1	0.011494252873563218
bb695df58d0a	0.06763153833293722	0.0	0.1746871247840085	0.15303776336186264	0.14657039188814727	0.07142857142857142	0.1	1.0	1.0	0	0.25
d651930d236d	0.298865295196187	0.2759856130067989	0.5071164607072851	0.379449131178624	0.6416036460643713	0.07142857142857142	0.3333333333333333	1.0	1.0	0	0.0625
512c70ac8e6f	0.06763153833293722	0.3356461218611724	0.2619324331157728	0.2067064771543332	0.3055937708027914	0.1111111111111111	0.045454545454545456	1.0	1.0	1	1.0
89cc8dfb1b14	0.1156168784316249	0.2759856130067989	0.3386861212955405	0.29587216121567017	0.3728357111792247	0.027777777777777776	0.5	1.0	0.30512359646890397	0	0.25
e6a8f0bfef87	0.0	0.11816600049205804	0.2733111142076621	0.21925311390470442	0.31673334729001723	1.0	0.043478260869565216	1.0	1.0	1	1.0
313ca82fe335	0.0	0.0	0.0	0.0	0.0	0.0	0.0	0.0	0.0	0	0.0
c54faef3e7dc	0.31221641060425004	0.3653747416205808	0.4413454608120656	0.41474952712313623	0.45068542265940303	0.1111111111111111	0.05555555555555555	1.0	1.0	1	0.04
6be29dd971af	0.25087995509749933	0.3615248661001558	0.5082160369513866	0.479803773110569	0.534587710920228	0.07692307692307693	0.04	1.0	1.0	0	1.0
f1d579860625	0.15283719984194166	0.3653747416205808	0.382032412356413	0.37334909952891454	0.2790227514916247	0.125	0.038461538461538464	1.0	1.0	1	1.0
b59ed1dad51e	0.0	0.2310675454387666	0.37193510363131554	0.3712200317770567	0.07328519594407364	0.1	0.05263157894736842	1.0	1.0	0	1.0
439e09d216d9	0.06763153833293722	0.37274596226375134	0.4219688152624057	0.36830037664521104	0.4868963026918872	0.1111111111111111	0.037037037037037035	1.0	1.0	1	0.3333333333333333
7dc951d9b531	0.18324841676456208	0.37627936829392306	0.45836799534275946	0.43052522656669684	0.4745753933699607	0.14285714285714285	0.07142857142857142	1.0	1.0	1	0.1111111111111111
9b11529e0071	0.1156168784316249	0.11816600049205804	0.1746871247840085	0.1350232575556277	0.18943948337343253	0.1111111111111111	0.05	1.0	1.0	1	0.015384615384615385
57b488e7b3db	0.06763153833293722	0.25094701019234067	0.46790793216413384	0.4312640906750884	0.5096396392402561	0.25	0.03225806451612903	1.0	1.0	0	0.16666666666666666
52a04ae1fc42	0.2089607343063329	0.2903294102274493	0.46131158442569126	0.43272382173837337	0.48035432832803626	0.07142857142857142	0.14285714285714285	1.0	1.0	0	0.3333333333333333
32779c162dc9	0.0	0.08938912861378186	0.23691193412730824	0.18667454976445727	0.27118744982320253	0.1111111111111111	0.07692307692307693	1.0	1.0	1	0.16666666666666666
d5dc607f61dc	0.4144821736278119	0.47732453868615715	0.5814470313174377	0.5622745469056304	0.5841961313279994	0.14285714285714285	0.027777777777777776	1.0	1.0	1	1.0
c098498f5ad2	0.0	0.0	0.09862398942365351	0.0986240537385567	0.0	0.3333333333333333	0.08333333333333333	1.0	1.0	0	1.0
93e0f9e110ea	0.25087995509749933	0.2759856130067989	0.2907407760749784	0.22307375358152826	0.3523079474356983	0.2	0.16666666666666666	1.0	1.0	1	0.25
6e884f89e0b6	0.0	0.08938912861378186	0.20210167028488468	0.18667454976445727	0.14657039188814727	0.1111111111111111	0.047619047619047616	1.0	1.0	1	0.014925373134328358
c723cda8a798	0.06763153833293722	0.2413899532786789	0.2795047025172246	0.2643266520013773	0.2198555878322209	0.1111111111111111	0.03571428571428571	1.0	1.0	1	0.014492753623188406
8d2b4cb409ce	0.0	0.052289288211202906	0.03639918008035379	0.0	0.07328519594407364	0.07142857142857142	0.2	1.0	1.0	0	0.2
97d7fd2a2857	0.3840709567051914	0.3092355778889529	0.41430594008159954	0.1921169119349664	0.5525087307255414	0.1111111111111111	0.041666666666666664	1.0	1.0	1	0.013157894736842105
01c3e53683be	0.06763153833293722	0.052289288211202906	0.1530376635625889	0.1350232575556277	0.11615428742935889	0.1111111111111111	0.034482758620689655	1.0	1.0	1	0.01639344262295082
37b047d7ffa2	0.06763153833293722	0.3830683701036636	0.4620979084942046	0.4319969231724721	0.4858336988856759	0.1111111111111111	0.0625	1.0	1.0	1	0.027777777777777776
