revisions	files	functions	lines	addLines	deleteLines	pos	time	rf	ibf	isComponent	distance
835bcb04ab2b	0.06763153833293722	0.17877825722756366	0.240062131871887	0.22307375358152826	0.18943948337343253	0.5	0.045454545454545456	1.0	1.0	0	1.0
f2a0a4315195	0.5558113696012077	0.5269326231991397	0.5256181432578809	0.47008315751417046	0.6108607154140857	0.05555555555555555	0.02702702702702703	1.0	0.819836637888477	1	1.0
f66af0ea18b8	0.32457761273795777	0.4098458026663303	0.5650521393367227	0.5313478754769301	0.6162838625251683	0.1111111111111111	0.043478260869565216	1.0	0.819836637888477	0	0.5
e84b4b9c4e32	0.47741481257989943	0.4865399761879694	0.6626758797062939	0.6626763118520153	0.0	0.07142857142857142	0.034482758620689655	1.0	0.6457112531348923	0	0.16666666666666666
a6b6e3cf36a4	0.9011660316653285	1.0	1.0	1.0	0.07328519594407364	0.05263157894736842	0.022727272727272728	1.0	0.20523098471151385	0	1.0
2bc794b05dce	0.06763153833293722	0.21984644927517105	0.3950483989694681	0.39053089920676354	0.23230857485871778	0.05	0.25	1.0	0.2641201612339208	0	0.5
a8fad3442db5	0.06763153833293722	0.2310675454387666	0.3529655854182781	0.35028587083897605	0.14657039188814727	0.06666666666666667	0.05263157894736842	1.0	0.819836637888477	0	1.0
b262d0f7fcdd	0.0	0.29694425771962174	0.5192222219741379	0.48001776959426873	0.5754169670038681	1.0	0.03333333333333333	1.0	1.0	0	0.5
ac8b09b99c40	0.0	0.11816600049205804	0.1808807130935711	0.16803445618334878	0.11615428742935889	0.1111111111111111	0.041666666666666664	1.0	0.819836637888477	0	0.06666666666666667
bb5436a892c1	0.0	0.0	0.0	0.0	0.0	0.0	0.0	0.0	0.0	0	0.0
943d4a809b1b	0.06763153833293722	0.11816600049205804	0.3022869412151867	0.28896325446569493	0.23230857485871778	0.07142857142857142	0.16666666666666666	1.0	0.6457112531348923	0	0.3333333333333333
aeab4ec26a3c	0.0	0.11816600049205804	0.3675551411234703	0.3668041506363452	0.07328519594407364	0.1111111111111111	0.03571428571428571	1.0	0.819836637888477	0	0.1
9744ec677e72	0.18324841676456208	0.3092355778889529	0.3972247825032021	0.36604658088821196	0.41361110674781354	0.1111111111111111	0.0625	1.0	0.819836637888477	0	0.3333333333333333
8870deb3cd89	0.7360543015010115	0.7432839736633603	0.733626838882853	0.6902862430604149	0.8358670050303718	0.05	0.024390243902439025	1.0	0.25730251840121854	0	0.08333333333333333
0a5c9092b3c6	0.0	0.052289288211202906	0.346583203298102	0.285298603503014	0.40929507120565345	0.06666666666666667	0.029411764705882353	1.0	0.7169883280031308	0	0.125
a4775e530f17	0.0	0.2310675454387666	0.44676847422840404	0.3826670915662682	0.5290581795753577	0.2	0.07692307692307693	1.0	0.819836637888477	0	1.0
cd25567cede7	0.06763153833293722	0.2903294102274493	0.382032412356413	0.372645005861498	0.28631724283122884	0.1111111111111111	0.1	1.0	0.819836637888477	0	0.058823529411764705
894fe07157c0	0.28435180646288283	0.32045667405254846	0.4693637168858254	0.4572735065108259	0.40929507120565345	0.125	1.0	1.0	0.6457112531348923	0	1.0
862eadc2c83e	0.0	0.0	0.21526247290588865	0.16803445618334878	0.2434481513459436	0.5	0.02631578947368421	1.0	1.0	0	0.5
f4b7c9046468	0.0	0.0	0.2302591559477033	0.22673840454420918	0.07328519594407364	1.0	0.047619047619047616	1.0	1.0	0	1.0
8d590d6084b3	0.32457761273795777	0.4909119627558094	0.6598951265538424	0.6596647075595992	0.23230857485871778	0.25	0.02857142857142857	1.0	1.0	1	0.14285714285714285
bbac3d3dec30	0.15283719984194166	0.3492335459308247	0.43731011071919407	0.422781507587797	0.39001854323409085	0.05	0.023255813953488372	1.0	0.2641201612339208	0	0.1111111111111111
6b47a8a9071b	0.0	0.0	0.08225672366991757	0.06222484992148576	0.07328519594407364	0.1111111111111111	0.5	1.0	0.819836637888477	0	0.05263157894736842
7d7d8997d114	0.33608561660650377	0.43862267454460646	0.5722950552177868	0.546520745410751	0.6009145944685347	0.3333333333333333	0.03125	1.0	1.0	1	1.0
df50a94f159f	0.06763153833293722	0.08938912861378186	0.16803434660440356	0.12444969984297151	0.18943948337343253	1.0	0.2	1.0	1.0	0	0.16666666666666666
7606620a81fa	0.15283719984194166	0.20755512910583993	0.3165664053379244	0.3082741218954018	0.20573755554755108	0.16666666666666666	0.1111111111111111	1.0	0.6457112531348923	0	1.0
526fbc656da7	0.28435180646288283	0.3797185388412312	0.4929350419574071	0.4078583075926847	0.6023433755194313	0.06666666666666667	0.037037037037037035	1.0	0.819836637888477	0	1.0
a6ac76024ffb	0.0	0.052289288211202906	0.14448153301321734	0.12444969984297151	0.11615428742935889	0.06666666666666667	0.03225806451612903	1.0	1.0	0	0.16666666666666666
44300fded884	0.06763153833293722	0.0	0.03639918008035379	0.0	0.07328519594407364	0.07142857142857142	0.09090909090909091	1.0	0.819836637888477	0	0.2
219a0ffbcdf1	0.2089607343063329	0.39862470650273474	0.47894233684149795	0.47336498707623875	0.3444726457672762	0.1111111111111111	0.07142857142857142	1.0	0.6457112531348923	0	0.04
9953d672b34e	0.32457761273795777	0.47245749871744547	0.4138604234160401	0.36215976245247383	0.4745753933699607	0.0625	0.08333333333333333	1.0	0.819836637888477	0	0.5
870bdb7ff9c8	0.1156168784316249	0.2413899532786789	0.35384141113454926	0.346583429312739	0.23230857485871778	0.05263157894736842	0.023809523809523808	1.0	0.2641201612339208	0	1.0
4d36a0faa1b4	0.0	0.19396770503618765	0.2460491115198026	0.18088083104991842	0.2995505152351511	0.05	0.3333333333333333	1.0	0.2641201612339208	0	0.05555555555555555
f8523c99d464	0.0	0.052289288211202906	0.16803434660440356	0.15303776336186264	0.11615428742935889	0.3333333333333333	0.14285714285714285	1.0	1.0	1	1.0
22f1d1dd42a4	0.06763153833293722	0.17877825722756366	0.27748728224918834	0.24006228842175747	0.29314078377629454	0.3333333333333333	0.125	1.0	1.0	1	0.2
ca9f6a9aad09	0.36649683352912416	0.3797185388412312	0.5146902099015025	0.47518782092005174	0.5707379650583536	0.1111111111111111	0.04	1.0	0.819836637888477	0	0.125
bf87780d7374	0.2684540782735666	0.3092355778889529	0.4312638094383395	0.38818379865398855	0.48035432832803626	0.06666666666666667	0.038461538461538464	1.0	0.7169883280031308	0	0.5
f2258c95c059	0.0	0.0	0.03639918008035379	0.0	0.07328519594407364	0.05	0.027777777777777776	1.0	0.2641201612339208	0	0.047619047619047616
63746fdf09ab	0.298865295196187	0.2759856130067989	0.5182502094353023	0.3774614894865819	0.6591529540104535	0.1111111111111111	0.06666666666666667	1.0	0.819836637888477	0	0.03333333333333333
8aac0154970d	0.2089607343063329	0.3032362984035436	0.35892416986625436	0.3111242496074288	0.40479532025886883	0.06666666666666667	0.058823529411764705	1.0	0.7169883280031308	0	0.04
7ba3d6c6a5ba	0.06763153833293722	0.17877825722756366	0.4352223090881957	0.4334448816985424	0.18943948337343253	0.06666666666666667	0.02564102564102564	1.0	1.0	0	0.09090909090909091
2ddbcd35497d	0.0	0.17877825722756366	0.2619324331157728	0.22307375358152826	0.2790227514916247	0.05555555555555555	0.05555555555555555	1.0	0.6457112531348923	0	0.125
221055136cad	0.0	0.19396770503618765	0.25434159599462464	0.22307375358152826	0.25352512402695815	0.06666666666666667	0.030303030303030304	1.0	1.0	0	0.2
52ede9312cc1	0.1156168784316249	0.17877825722756366	0.2795047025172246	0.2733112924399355	0.14657039188814727	1.0	0.05	1.0	1.0	0	0.05555555555555555
