revisions	files	functions	lines	addLines	deleteLines	pos	time	rf	ibf	isComponent	distance
4f31df7b30bb	0.4624675137264996	0.4707934594675118	0.5224771316400801	0.4671713947276991	0.6068579084569787	0.25	0.027777777777777776	0.6666666666666666	0.6457112531348923	0	1.0
44a4cf43ec91	0.5587636572410989	0.5213969556662159	0.5879072357574254	0.4747355706819476	0.730555699240491	0.16666666666666666	0.01639344262295082	1.0	1.0	1	0.14285714285714285
5a272432b638	0.31221641060425004	0.3956599494367154	0.31787696034860546	0.2569440160127405	0.375900510949421	0.25	0.014084507042253521	0.3333333333333333	1.0	0	0.2
fd5345e5622e	0.7350403172406622	0.7878562204754311	0.8445734186103161	0.8440605131437627	0.5224709028375683	0.058823529411764705	0.022222222222222223	0.3333333333333333	1.0	0	1.0
3bd528b8e6da	0.15283719984194166	0.2903294102274493	0.39882312900784195	0.3697720732509864	0.40929507120565345	0.05263157894736842	0.034482758620689655	0.3333333333333333	0.819836637888477	0	0.1111111111111111
9d23f4c45f93	0.0	0.11816600049205804	0.223073608110253	0.1972481074771134	0.20573755554755108	0.07692307692307693	0.125	0.3333333333333333	1.0	0	0.25
b1ddc9cae116	0.15283719984194166	0.3403361388061225	0.5165590179969173	0.4569977106490437	0.6054892396514744	0.07692307692307693	0.017543859649122806	0.3333333333333333	1.0	0	1.0
943d4a809b1b	0.06763153833293722	0.11816600049205804	0.3022869412151867	0.28896325446569493	0.23230857485871778	0.04	0.14285714285714285	0.6666666666666666	0.6457112531348923	0	0.3333333333333333
355e1f63f5f7	0.0	0.20755512910583993	0.2795047025172246	0.23364731129418437	0.3113102001789346	0.05263157894736842	0.06666666666666667	0.3333333333333333	0.819836637888477	0	0.010638297872340425
8704804c47ad	0.0	0.2310675454387666	0.3152364339923866	0.2569440160127405	0.36967941145631705	0.038461538461538464	0.014492753623188406	0.6666666666666666	1.0	0	0.05555555555555555
ba9fd7dd4576	0.7569315008735075	0.747270728626659	0.7823707068483857	0.7575343746537336	0.8446141803890029	0.14285714285714285	0.023255813953488372	1.0	0.819836637888477	1	1.0
a32c31c1d811	0.298865295196187	0.46566849690770495	0.5462141757861175	0.5334939095215405	0.5034960246819203	0.0625	0.023809523809523808	0.3333333333333333	1.0	0	0.041666666666666664
4bee0a9d84a8	0.0	0.14167841682498472	0.21526247290588865	0.18667454976445727	0.20573755554755108	0.1	0.05555555555555555	0.6666666666666666	1.0	0	0.3333333333333333
51dcaa96f4d9	0.0	0.0	0.1866744280298992	0.1350232575556277	0.2198555878322209	0.07142857142857142	0.02	0.6666666666666666	1.0	0	0.5
7fd6ba9bcb96	0.0	0.0	0.23364715892766083	0.18667454976445727	0.26272467931750615	0.1111111111111111	0.05263157894736842	1.0	1.0	0	0.016129032258064516
c1b97f227c17	0.0	0.0	0.1746871247840085	0.16084890366004248	0.11615428742935889	0.1111111111111111	0.015384615384615385	1.0	1.0	0	0.047619047619047616
834f7dce22ba	0.0	0.14167841682498472	0.39053064453301994	0.3344610219376306	0.4536225056569612	0.05263157894736842	0.047619047619047616	0.3333333333333333	0.819836637888477	0	0.03225806451612903
89f71cf3d34d	0.0	0.0	0.16803434660440356	0.16084890366004248	0.07328519594407364	0.1111111111111111	0.03125	1.0	1.0	0	1.0
1a6007bf36d3	0.0	0.0	0.06222480934329974	0.036399203817070964	0.07328519594407364	0.25	0.07142857142857142	0.3333333333333333	1.0	0	0.045454545454545456
e0c1835422e4	0.39996868489450776	0.4585021392981806	0.6154198089924868	0.5789973544209004	0.6821634497376348	0.05263157894736842	0.029411764705882353	0.3333333333333333	0.819836637888477	0	0.018518518518518517
6e1cdc178209	0.06763153833293722	0.052289288211202906	0.21526247290588865	0.1921169119349664	0.18943948337343253	0.125	0.01282051282051282	1.0	1.0	1	0.2
9cfe93113935	0.06763153833293722	0.19396770503618765	0.19724797884730702	0.16803445618334878	0.18943948337343253	0.1	0.020833333333333332	0.6666666666666666	1.0	0	0.2
c9f7c16a0b71	0.06763153833293722	0.16155788157855885	0.223073608110253	0.18088083104991842	0.2434481513459436	0.07142857142857142	0.019230769230769232	0.6666666666666666	1.0	0	1.0
80468262d502	0.0	0.0	0.16803434660440356	0.16084890366004248	0.07328519594407364	0.1111111111111111	0.01694915254237288	0.3333333333333333	1.0	0	0.047619047619047616
20e740a2b4f2	0.0	0.14167841682498472	0.30827392086310235	0.29248415602632033	0.25352512402695815	0.2	0.012048192771084338	1.0	1.0	1	1.0
d6415e5a4bbf	0.15283719984194166	0.2413899532786789	0.30072565970853826	0.29248415602632033	0.18943948337343253	0.05263157894736842	0.02857142857142857	0.3333333333333333	0.819836637888477	0	0.02702702702702703
e2064d75c608	0.0	0.11816600049205804	0.240062131871887	0.18667454976445727	0.2790227514916247	0.25	0.2	0.3333333333333333	1.0	0	0.07692307692307693
f7b1baf0f797	0.0	0.11816600049205804	0.24310552243687084	0.12444969984297151	0.3315101243147952	0.25	0.04	0.3333333333333333	0.819836637888477	0	0.047619047619047616
3941e68ff26d	0.1156168784316249	0.3492335459308247	0.41779264722087933	0.3520813603382579	0.49697327537290176	0.05263157894736842	0.058823529411764705	0.3333333333333333	0.819836637888477	0	0.03125
6354c32197a1	0.0	0.14167841682498472	0.24310552243687084	0.16084890366004248	0.3113102001789346	0.07142857142857142	0.024390243902439025	0.3333333333333333	1.0	0	1.0
1d5b3b1802d4	0.2089607343063329	0.3149681328686091	0.2941939488754821	0.22673840454420918	0.35601808912051	0.0625	0.015151515151515152	0.3333333333333333	1.0	0	0.05263157894736842
0b557deb93a8	0.0	0.0	0.03639918008035379	0.0	0.07328519594407364	0.0625	0.07692307692307693	0.3333333333333333	1.0	0	0.16666666666666666
a140d038b478	0.2089607343063329	0.21984644927517105	0.32655128897148417	0.29248415602632033	0.34032591080373986	0.1	0.1111111111111111	0.3333333333333333	1.0	0	0.5
eaf0e76adf73	0.1156168784316249	0.2759856130067989	0.2619324331157728	0.2431056809714042	0.2198555878322209	0.05555555555555555	0.02702702702702703	0.3333333333333333	0.7169883280031308	0	0.5
fecf2d4ca23b	0.1156168784316249	0.052289288211202906	0.19724797884730702	0.0986240537385567	0.27118744982320253	0.0625	0.018518518518518517	0.3333333333333333	1.0	0	0.07142857142857142
baf63f6cd06c	0.0	0.11816600049205804	0.21526247290588865	0.2067064771543332	0.11615428742935889	0.14285714285714285	0.03333333333333333	1.0	1.0	1	0.02631578947368421
219a0ffbcdf1	0.2089607343063329	0.39862470650273474	0.47894233684149795	0.47336498707623875	0.3444726457672762	0.04477611940298508	0.037037037037037035	1.0	0.6457112531348923	0	1.0
870bdb7ff9c8	0.1156168784316249	0.2413899532786789	0.35384141113454926	0.346583429312739	0.23230857485871778	0.03571428571428571	0.013157894736842105	0.6666666666666666	0.2641201612339208	0	1.0
45ab295fbbcd	0.18324841676456208	0.29694425771962174	0.3712197896963522	0.35384164188242545	0.3315101243147952	0.07142857142857142	0.022727272727272728	0.3333333333333333	1.0	0	0.14285714285714285
2e2856bbae1b	0.0	0.0	0.25947278819060676	0.1972481074771134	0.3113102001789346	0.1111111111111111	0.021739130434782608	1.0	1.0	0	0.125
ff195c275de6	0.0	0.052289288211202906	0.1746871247840085	0.06222484992148576	0.25352512402695815	0.05263157894736842	0.09090909090909091	0.3333333333333333	0.819836637888477	0	0.012048192771084338
fe5d08b521b6	0.0	0.11816600049205804	0.37264476285153675	0.3712200317770567	0.11615428742935889	0.1111111111111111	0.014925373134328358	1.0	1.0	0	0.5
441936d7f4a9	0.1156168784316249	0.26816738584134553	0.3851606530447835	0.3580970111371559	0.38734173725256144	0.0625	0.017241379310344827	0.3333333333333333	1.0	0	0.16666666666666666
4a9ffa2b3792	0.06763153833293722	0.052289288211202906	0.21526247290588865	0.2021018020798915	0.14657039188814727	0.038461538461538464	0.043478260869565216	0.6666666666666666	1.0	0	0.16666666666666666
1610e23ca92b	0.1156168784316249	0.16155788157855885	0.4369654983042203	0.4177929196727829	0.41570480266450993	0.14285714285714285	0.011764705882352941	1.0	1.0	1	0.07692307692307693
460d7785656e	0.23123375686324976	0.3149681328686091	0.3845436648851043	0.3022871383432432	0.4733807118591791	0.125	0.16666666666666666	1.0	1.0	0	0.2
75d08ab52891	0.0	0.0	0.08225672366991757	0.036399203817070964	0.11615428742935889	0.05263157894736842	0.3333333333333333	0.3333333333333333	0.819836637888477	0	0.02631578947368421
e84b4b9c4e32	0.47741481257989943	0.4865399761879694	0.6626758797062939	0.6626763118520153	0.0	0.05263157894736842	0.025	0.3333333333333333	0.6457112531348923	0	0.030303030303030304
93ecb234ad40	0.5673193734697535	0.6572913873004699	0.7475267129334384	0.7462037101757296	0.5079204438202034	0.037037037037037035	0.012658227848101266	0.6666666666666666	1.0	0	1.0
a6b6e3cf36a4	0.9011660316653285	1.0	1.0	1.0	0.07328519594407364	0.25	0.012345679012345678	1.0	0.20523098471151385	0	1.0
794bb4ee379b	0.06763153833293722	0.28335683364996944	0.37611127167284186	0.33227136503274113	0.41775784171134983	0.06666666666666667	0.038461538461538464	0.6666666666666666	1.0	0	1.0
4b38c4442186	0.0	0.0	0.06222480934329974	0.036399203817070964	0.07328519594407364	0.1111111111111111	0.08333333333333333	1.0	1.0	0	0.022727272727272728
2bc794b05dce	0.06763153833293722	0.21984644927517105	0.3950483989694681	0.39053089920676354	0.23230857485871778	0.034482758620689655	0.25	0.6666666666666666	0.2641201612339208	0	0.5
bb5436a892c1	0.0	0.0	0.0	0.0	0.0	0.0	0.0	0.0	0.0	0	0.0
9c3c8a505d57	0.06763153833293722	0.20755512910583993	0.439013604412193	0.4366198426291333	0.2198555878322209	0.1	0.030303030303030304	0.3333333333333333	1.0	0	1.0
b15380c816e0	0.06763153833293722	0.14167841682498472	0.240062131871887	0.21526261328334842	0.2198555878322209	0.07692307692307693	0.015625	0.6666666666666666	1.0	0	0.045454545454545456
8870deb3cd89	0.7360543015010115	0.7432839736633603	0.733626838882853	0.6902862430604149	0.8358670050303718	0.034482758620689655	0.013513513513513514	0.6666666666666666	0.25730251840121854	0	0.08333333333333333
6c563c769572	0.18324841676456208	0.25094701019234067	0.31388646232954215	0.285298603503014	0.3113102001789346	0.05555555555555555	0.02631578947368421	0.3333333333333333	0.7169883280031308	0	1.0
9da102f75bcb	0.0	0.0	0.30533033178017055	0.24604927197391604	0.35960243877530246	0.05263157894736842	0.03571428571428571	0.3333333333333333	0.819836637888477	0	0.5
745dbf28ecc1	0.06763153833293722	0.14167841682498472	0.3311559610431165	0.3082741218954018	0.3113102001789346	0.1111111111111111	0.016666666666666666	1.0	1.0	0	0.07142857142857142
7620cf8ef36f	0.3755152404765367	0.43862267454460646	0.4841936246057054	0.4120561806379748	0.581205639764277	0.125	0.0136986301369863	1.0	0.819836637888477	0	0.5
894fe07157c0	0.28435180646288283	0.32045667405254846	0.4693637168858254	0.4572735065108259	0.40929507120565345	0.05555555555555555	1.0	0.6666666666666666	0.6457112531348923	0	1.0
08351eaddc86	0.0	0.0	0.03639918008035379	0.0	0.07328519594407364	0.06666666666666667	0.017857142857142856	0.3333333333333333	1.0	0	0.25
5f4434682020	0.4212912781155082	0.4707934594675118	0.6353949478831278	0.6068404221089561	0.6843094507391945	0.1	0.018867924528301886	0.6666666666666666	1.0	0	1.0
c48142fbb8bd	0.0	0.0	0.1921167866513249	0.18088083104991842	0.11615428742935889	0.07692307692307693	0.015873015873015872	0.6666666666666666	1.0	0	1.0
8310b178c98f	0.0	0.3032362984035436	0.3857734296483708	0.3300269610717857	0.4476644117441541	0.1	0.05	0.6666666666666666	1.0	0	0.14285714285714285
eaf43055f658	0.8352165233556171	0.7015815654631168	0.7270539814176639	0.653475242730424	0.8681852157819551	0.25	0.013888888888888888	0.6666666666666666	0.5916741449658187	0	0.25
bbac3d3dec30	0.15283719984194166	0.3492335459308247	0.43731011071919407	0.422781507587797	0.39001854323409085	0.034482758620689655	0.012987012987012988	0.6666666666666666	0.2641201612339208	0	0.1111111111111111
1521cdc53e31	0.0	0.16155788157855885	0.33971209159248816	0.32044224164478247	0.3055937708027914	0.1	0.02127659574468085	0.6666666666666666	1.0	0	1.0
017a876778bd	0.34685063529487464	0.48354074211263887	0.6138452498990427	0.5849018884592277	0.6601844567166438	0.07142857142857142	0.014705882352941176	0.3333333333333333	1.0	0	0.3333333333333333
cec9cc7b00cc	0.1156168784316249	0.11816600049205804	0.3675551411234703	0.2619326039277545	0.4684622348650572	0.05263157894736842	0.02564102564102564	0.3333333333333333	0.819836637888477	0	0.041666666666666664
58f2988b6311	0.0	0.17877825722756366	0.16803434660440356	0.12444969984297151	0.18943948337343253	0.07142857142857142	0.0196078431372549	0.6666666666666666	1.0	0	0.09090909090909091
7606620a81fa	0.15283719984194166	0.20755512910583993	0.3165664053379244	0.3082741218954018	0.20573755554755108	0.0625	0.0625	0.6666666666666666	0.6457112531348923	0	1.0
b612a6628984	0.1156168784316249	0.11816600049205804	0.3529655854182781	0.31656661177793793	0.375900510949421	0.125	0.012195121951219513	1.0	1.0	0	1.0
5fc35794c2d4	0.0	0.0	0.06222480934329974	0.06222484992148576	0.0	0.25	0.013333333333333334	0.3333333333333333	1.0	0	0.058823529411764705
82ace56021b8	0.0	0.11816600049205804	0.1866744280298992	0.18088083104991842	0.07328519594407364	0.07692307692307693	0.03225806451612903	0.6666666666666666	1.0	0	0.07142857142857142
9280ba0cf471	0.15283719984194166	0.20755512910583993	0.43089513777496785	0.36136178846583605	0.5162498033444642	0.14285714285714285	0.011627906976744186	1.0	1.0	1	0.25
791a7b76cbe5	0.0	0.0	0.11246231544070878	0.06222484992148576	0.14657039188814727	0.1111111111111111	0.02040816326530612	1.0	1.0	0	0.02564102564102564
4d36a0faa1b4	0.0	0.19396770503618765	0.2460491115198026	0.18088083104991842	0.2995505152351511	0.034482758620689655	0.5	0.6666666666666666	0.2641201612339208	0	0.05555555555555555
ddd0c6956a1d	0.7840396415996993	0.42262468958867977	0.5523395746325763	0.5236682685098301	0.5871043591661964	0.25	0.0125	0.3333333333333333	1.0	1	0.1
4eff597b3dc6	0.1156168784316249	0.08938912861378186	0.24889923737319897	0.2021018020798915	0.2790227514916247	0.06666666666666667	0.1	0.6666666666666666	1.0	0	0.3333333333333333
63323195bc5c	0.0	0.0	0.03639918008035379	0.036399203817070964	0.0	0.14285714285714285	0.011904761904761904	1.0	1.0	1	0.022222222222222223
8c31110375c5	0.9350472081371242	0.829080634531919	0.8781007659745617	0.8689093554294399	0.8611835409404869	0.14285714285714285	0.011494252873563218	1.0	0.43339347763417224	1	0.5
0f355f91abee	0.5369081565471331	0.49651985725929115	0.588675064448563	0.5355898369977246	0.6814942817522125	0.05263157894736842	0.045454545454545456	0.3333333333333333	0.819836637888477	0	1.0
f2258c95c059	0.0	0.0	0.03639918008035379	0.0	0.07328519594407364	0.034482758620689655	0.016129032258064516	0.6666666666666666	0.2641201612339208	0	0.047619047619047616
49f825449580	0.15283719984194166	0.28335683364996944	0.38818354551084056	0.33971231312631994	0.4397111756644418	0.05263157894736842	0.041666666666666664	0.3333333333333333	0.819836637888477	0	0.02631578947368421
2dc507e6288b	0.06763153833293722	0.11816600049205804	0.24310552243687084	0.2067064771543332	0.25352512402695815	0.07142857142857142	0.01818181818181818	0.3333333333333333	1.0	0	0.08333333333333333
