revisions	files	functions	lines	addLines	deleteLines	pos	time	rf	ibf	isComponent	distance
9daf949d30d1	0.33608561660650377	0.3956599494367154	0.4567207670379138	0.38758730820425163	0.546063466351291	0.3333333333333333	0.03125	1.0	0.6820309068111979	1	0.5
50f9bf178643	0.1156168784316249	0.16155788157855885	0.240062131871887	0.21526261328334842	0.2198555878322209	0.3333333333333333	0.03225806451612903	1.0	1.0	1	0.5
91150cff1620	0.33608561660650377	0.40435726148239093	0.5337288734802474	0.50357059854477	0.5697767930863201	0.125	0.08333333333333333	1.0	1.0	0	0.5
3bd528b8e6da	0.15283719984194166	0.2903294102274493	0.39882312900784195	0.3697720732509864	0.40929507120565345	0.07142857142857142	0.024390243902439025	1.0	0.6820309068111979	0	0.019230769230769232
2901c57213c1	0.0	0.14167841682498472	0.2569438484539261	0.1921169119349664	0.3113102001789346	0.1	0.25	1.0	1.0	0	1.0
6fa63ead1e0d	0.1156168784316249	0.32572112959789795	0.5123354145916137	0.5118872640885628	0.14657039188814727	1.0	0.02	1.0	1.0	1	0.3333333333333333
bc63c6bcadbe	0.2089607343063329	0.26816738584134553	0.4683958215381809	0.45836829425475256	0.39001854323409085	1.0	0.02127659574468085	1.0	1.0	1	0.07142857142857142
dc7c438c0a96	0.3840709567051914	0.43645520751459366	0.5161311946747595	0.48023125716789555	0.5643282335994971	0.125	0.045454545454545456	1.0	1.0	0	0.25
c3b14c00ac13	0.06763153833293722	0.16155788157855885	0.24889923737319897	0.2021018020798915	0.2790227514916247	0.2	0.0196078431372549	1.0	1.0	0	0.3333333333333333
355e1f63f5f7	0.0	0.20755512910583993	0.2795047025172246	0.23364731129418437	0.3113102001789346	0.07142857142857142	0.037037037037037035	1.0	0.6820309068111979	0	0.07142857142857142
541cf4e37da6	0.0	0.052289288211202906	0.23691193412730824	0.1972481074771134	0.25352512402695815	1.0	0.020833333333333332	1.0	1.0	1	0.3333333333333333
fcd9e70bc63d	0.0	0.0	0.09862398942365351	0.0986240537385567	0.0	0.1	0.047619047619047616	1.0	1.0	0	0.1
c1d546c6f26e	0.25087995509749933	0.41250489177089955	0.41341268471303405	0.38010201756474693	0.43804613040626883	0.16666666666666666	0.0625	1.0	1.0	0	1.0
7e3d71910fb3	0.15283719984194166	0.2759856130067989	0.2889630660264346	0.23025930610483455	0.34032591080373986	0.125	0.07142857142857142	1.0	1.0	0	1.0
834f7dce22ba	0.0	0.14167841682498472	0.39053064453301994	0.3344610219376306	0.4536225056569612	0.07142857142857142	0.02857142857142857	1.0	0.6820309068111979	0	0.034482758620689655
c02ee4af3206	0.0	0.08938912861378186	0.1350231695040073	0.11246238877989302	0.11615428742935889	0.125	0.125	1.0	1.0	0	0.022727272727272728
e0c1835422e4	0.39996868489450776	0.4585021392981806	0.6154198089924868	0.5789973544209004	0.6821634497376348	0.07142857142857142	0.023255813953488372	1.0	0.6820309068111979	0	0.1
d6415e5a4bbf	0.15283719984194166	0.2413899532786789	0.30072565970853826	0.29248415602632033	0.18943948337343253	0.07142857142857142	0.022727272727272728	1.0	0.6820309068111979	0	0.008547008547008548
aed2605512e5	0.28435180646288283	0.43645520751459366	0.48601133083395287	0.46416201296929144	0.48476030703917583	0.1	0.16666666666666666	1.0	1.0	0	0.043478260869565216
654a2b2bc59b	0.5700764593352821	0.6642016787994338	0.7323244856143979	0.7259704611582218	0.6523017680949704	0.125	0.03571428571428571	1.0	1.0	0	1.0
3941e68ff26d	0.1156168784316249	0.3492335459308247	0.41779264722087933	0.3520813603382579	0.49697327537290176	0.07142857142857142	0.034482758620689655	1.0	0.6820309068111979	0	0.03333333333333333
a32daa7ddc1e	0.15283719984194166	0.25094701019234067	0.3605564225394263	0.28896325446569493	0.43635444329618245	1.0	0.030303030303030304	1.0	1.0	1	0.05263157894736842
0e47e3a7683a	0.2089607343063329	0.32045667405254846	0.48357945055313634	0.4835797659060817	0.0	0.2	0.018518518518518517	1.0	1.0	0	0.125
68d798b04913	0.31221641060425004	0.4015228341420275	0.43833608101614163	0.41114013715475295	0.44918570689349474	1.0	0.03333333333333333	1.0	1.0	1	0.04
b203bce68aee	0.0	0.19396770503618765	0.38010176969190523	0.34752345342449975	0.3976648757927639	0.1	0.058823529411764705	1.0	1.0	0	0.03125
44b34eeb3225	0.6254168942525663	0.2413899532786789	0.3547087746343028	0.33971231312631994	0.2995505152351511	1.0	0.023809523809523808	1.0	1.0	1	1.0
b1a16d1468e8	0.0	0.17877825722756366	0.28147778026825165	0.24604927197391604	0.29314078377629454	0.08333333333333333	0.043478260869565216	1.0	1.0	0	1.0
219a0ffbcdf1	0.2089607343063329	0.39862470650273474	0.47894233684149795	0.47336498707623875	0.3444726457672762	0.07142857142857142	0.02631578947368421	1.0	0.3747181988202349	0	0.5
fe24cebec2fe	0.1156168784316249	0.25094701019234067	0.425959313281469	0.3417297347099609	0.5232234198133215	0.1	0.041666666666666664	1.0	1.0	0	0.5
ff195c275de6	0.0	0.052289288211202906	0.1746871247840085	0.06222484992148576	0.25352512402695815	0.07142857142857142	0.05263157894736842	1.0	0.6820309068111979	0	0.3333333333333333
3a58f853fb6d	0.0	0.0	0.1350231695040073	0.0822567773113617	0.17016295540186993	0.1	0.5	1.0	1.0	0	0.02702702702702703
901a8b637462	0.1156168784316249	0.2759856130067989	0.49162993077340733	0.4173644153632399	0.5919110136340202	1.0	0.02040816326530612	1.0	1.0	1	1.0
c37588a33bc0	0.0	0.052289288211202906	0.1866744280298992	0.16803445618334878	0.14657039188814727	0.1	0.06666666666666667	1.0	1.0	0	0.019230769230769232
75d08ab52891	0.0	0.0	0.08225672366991757	0.036399203817070964	0.11615428742935889	0.07142857142857142	1.0	1.0	0.6820309068111979	0	0.024390243902439025
e84b4b9c4e32	0.47741481257989943	0.4865399761879694	0.6626758797062939	0.6626763118520153	0.0	0.07142857142857142	0.021739130434782608	1.0	0.3747181988202349	0	0.14285714285714285
ba7ca0da2fb3	0.0	0.0	0.16803434660440356	0.16803445618334878	0.0	0.08333333333333333	0.09090909090909091	1.0	1.0	0	0.16666666666666666
9317379e8b5f	0.06763153833293722	0.2598444173170428	0.3520811307382998	0.3417297347099609	0.26272467931750615	0.1111111111111111	0.14285714285714285	1.0	1.0	0	1.0
26d2a0f4d858	0.15283719984194166	0.40435726148239093	0.48023094399858596	0.46131188525726446	0.46461714971743556	0.1	0.05	1.0	1.0	0	0.07692307692307693
9da102f75bcb	0.0	0.0	0.30533033178017055	0.24604927197391604	0.35960243877530246	0.07142857142857142	0.02564102564102564	1.0	0.6820309068111979	0	0.014492753623188406
7620cf8ef36f	0.3755152404765367	0.43862267454460646	0.4841936246057054	0.4120561806379748	0.581205639764277	0.2	0.019230769230769232	1.0	0.6820309068111979	0	0.5
9600fa4ed20b	0.0	0.0	0.21526247290588865	0.2067064771543332	0.11615428742935889	0.1	0.2	1.0	1.0	0	0.03125
63187e3a759a	0.0	0.2310675454387666	0.26665833602805705	0.24006228842175747	0.25352512402695815	0.08333333333333333	0.05555555555555555	1.0	1.0	0	0.09090909090909091
2728c916dd81	0.0	0.08938912861378186	0.29913674347060804	0.285298603503014	0.23230857485871778	0.1	0.1	1.0	1.0	0	0.013513513513513514
3018afabdb9e	0.0	0.052289288211202906	0.14448153301321734	0.1444816272328475	0.0	0.1	0.3333333333333333	1.0	1.0	0	0.058823529411764705
2e1b34f71648	0.32457761273795777	0.32572112959789795	0.4406853738390777	0.4177929196727829	0.43635444329618245	1.0	0.029411764705882353	1.0	1.0	1	0.2
7699c41aeffb	0.18324841676456208	0.2598444173170428	0.4267365599017862	0.3826670915662682	0.4769250053707536	0.1	0.07692307692307693	1.0	1.0	0	0.03225806451612903
cec9cc7b00cc	0.1156168784316249	0.11816600049205804	0.3675551411234703	0.2619326039277545	0.4684622348650572	0.07142857142857142	0.022222222222222223	1.0	0.6820309068111979	0	0.017241379310344827
a440c5cbbd19	0.1156168784316249	0.4469456430689092	0.4954896857526342	0.47290343602146634	0.49887833932384557	0.09090909090909091	0.04	1.0	1.0	0	1.0
16449c8e4b82	0.23123375686324976	0.14167841682498472	0.4931199471182676	0.0986240537385567	0.652963260484834	0.3333333333333333	0.038461538461538464	1.0	1.0	1	0.2
8c31110375c5	0.9350472081371242	0.829080634531919	0.8781007659745617	0.8689093554294399	0.8611835409404869	0.2	0.018867924528301886	1.0	0.0	0	1.0
0deb8273e105	0.06763153833293722	0.29694425771962174	0.4729031276307893	0.4160664918039112	0.5507895353054887	0.1	0.1111111111111111	1.0	1.0	0	0.038461538461538464
0f355f91abee	0.5369081565471331	0.49651985725929115	0.588675064448563	0.5355898369977246	0.6814942817522125	0.07142857142857142	0.027777777777777776	1.0	0.6820309068111979	0	1.0
49f825449580	0.15283719984194166	0.28335683364996944	0.38818354551084056	0.33971231312631994	0.4397111756644418	0.07142857142857142	0.02702702702702703	1.0	0.6820309068111979	0	0.00847457627118644
e4c589c3b55b	0.8973663252823618	0.8533885767370973	0.8907530481100673	0.8898617603616132	0.6345187250386937	0.25	0.025	1.0	1.0	0	1.0
