revisions	files	functions	lines	addLines	deleteLines	pos	time	rf	ibf	isComponent	distance
2cf8af195faf	0.0	0.0	0.09862398942365351	0.0822567773113617	0.07328519594407364	0.05	0.05555555555555555	1.0	1.0	0	0.25
6c08609a8a8b	0.23123375686324976	0.3797185388412312	0.471972845483452	0.41906629538333917	0.5442352676809111	1.0	0.16666666666666666	1.0	1.0	1	1.0
a6b6e3cf36a4	0.9011660316653285	1.0	1.0	1.0	0.07328519594407364	0.06666666666666667	0.03125	1.0	0.20523098471151385	0	1.0
95ef737376d2	0.06763153833293722	0.16155788157855885	0.22673825668313485	0.2067064771543332	0.18943948337343253	0.07692307692307693	0.1	1.0	0.819836637888477	0	0.3333333333333333
2bc794b05dce	0.06763153833293722	0.21984644927517105	0.3950483989694681	0.39053089920676354	0.23230857485871778	0.03333333333333333	0.3333333333333333	1.0	0.2641201612339208	0	0.5
26eb0ac12e3c	0.32457761273795777	0.43645520751459366	0.5636318079818768	0.56363217553875	0.0	0.05263157894736842	0.037037037037037035	1.0	1.0	1	1.0
7ee2469bbf78	0.1156168784316249	0.21984644927517105	0.2460491115198026	0.23025930610483455	0.18943948337343253	0.07692307692307693	0.07142857142857142	1.0	0.819836637888477	0	1.0
bb5436a892c1	0.0	0.0	0.0	0.0	0.0	0.0	0.0	0.0	0.0	0	0.0
18c67f102f36	0.06763153833293722	0.19396770503618765	0.3022869412151867	0.2754236600741	0.29314078377629454	0.03571428571428571	0.045454545454545456	1.0	0.819836637888477	0	0.5
b3dcb286377d	0.1156168784316249	0.26816738584134553	0.4097480361401522	0.3572619215579765	0.4709500717368375	0.045454545454545456	0.030303030303030304	1.0	0.6457112531348923	0	1.0
943d4a809b1b	0.06763153833293722	0.11816600049205804	0.3022869412151867	0.28896325446569493	0.23230857485871778	0.08333333333333333	0.2	1.0	0.6457112531348923	0	0.3333333333333333
8870deb3cd89	0.7360543015010115	0.7432839736633603	0.733626838882853	0.6902862430604149	0.8358670050303718	0.03571428571428571	0.038461538461538464	1.0	0.25730251840121854	0	0.16666666666666666
bb276c9cffeb	0.28435180646288283	0.46910766745501303	0.5121861686322841	0.5093026398385373	0.31673334729001723	0.05	0.04	1.0	0.819836637888477	0	1.0
0a5c9092b3c6	0.0	0.052289288211202906	0.346583203298102	0.285298603503014	0.40929507120565345	0.07692307692307693	0.05	1.0	0.7169883280031308	0	0.125
6c563c769572	0.18324841676456208	0.25094701019234067	0.31388646232954215	0.285298603503014	0.3113102001789346	0.3333333333333333	0.07692307692307693	1.0	0.7169883280031308	0	0.3333333333333333
f523a1101c52	0.15283719984194166	0.2759856130067989	0.4639063148753641	0.34272169488472753	0.5883266639792277	0.3333333333333333	0.058823529411764705	1.0	0.819836637888477	0	1.0
894fe07157c0	0.28435180646288283	0.32045667405254846	0.4693637168858254	0.4572735065108259	0.40929507120565345	0.16666666666666666	1.0	1.0	0.6457112531348923	0	1.0
73f4d6b234a5	0.0	0.052289288211202906	0.20670634235651703	0.1921169119349664	0.14657039188814727	1.0	0.25	1.0	1.0	1	0.1111111111111111
72b9554c41af	0.1156168784316249	0.052289288211202906	0.3300267458539839	0.036399203817070964	0.4592626795745093	0.07692307692307693	0.125	1.0	0.819836637888477	0	0.037037037037037035
90e7fafc040b	0.2684540782735666	0.3575565144551274	0.4305249458117773	0.4138606933036529	0.3951770389209836	0.07692307692307693	0.06666666666666667	1.0	0.819836637888477	0	0.06666666666666667
0001c5cf49d5	0.0	0.0	0.08225672366991757	0.0	0.14657039188814727	0.05555555555555555	0.05263157894736842	1.0	1.0	1	0.5
9133807c4acb	0.15283719984194166	0.3149681328686091	0.36977183211452735	0.35641899064740357	0.3055937708027914	0.05555555555555555	0.03333333333333333	1.0	1.0	1	1.0
14230dc08955	0.0	0.08938912861378186	0.14448153301321734	0.0986240537385567	0.17016295540186993	0.3333333333333333	0.09090909090909091	1.0	0.819836637888477	0	0.14285714285714285
b4085d2e2003	0.33608561660650377	0.4621350908775332	0.4700828509626587	0.4247809551034229	0.5297653941771724	0.04	0.043478260869565216	1.0	0.6457112531348923	0	1.0
bbac3d3dec30	0.15283719984194166	0.3492335459308247	0.43731011071919407	0.422781507587797	0.39001854323409085	0.03333333333333333	0.03225806451612903	1.0	0.2641201612339208	0	0.1111111111111111
b8c63a046f4e	0.2089607343063329	0.38951777658204884	0.48759673934798464	0.4705593999170489	0.4633037391781645	0.03571428571428571	0.03571428571428571	1.0	0.819836637888477	0	1.0
7606620a81fa	0.15283719984194166	0.20755512910583993	0.3165664053379244	0.3082741218954018	0.20573755554755108	0.25	0.14285714285714285	1.0	0.6457112531348923	0	1.0
eaf0e76adf73	0.1156168784316249	0.2759856130067989	0.2619324331157728	0.2431056809714042	0.2198555878322209	0.3333333333333333	0.08333333333333333	1.0	0.7169883280031308	0	0.5
870bdb7ff9c8	0.1156168784316249	0.2413899532786789	0.35384141113454926	0.346583429312739	0.23230857485871778	0.034482758620689655	0.034482758620689655	1.0	0.2641201612339208	0	1.0
4d36a0faa1b4	0.0	0.19396770503618765	0.2460491115198026	0.18088083104991842	0.2995505152351511	0.03333333333333333	0.5	1.0	0.2641201612339208	0	0.05555555555555555
bf87780d7374	0.2684540782735666	0.3092355778889529	0.4312638094383395	0.38818379865398855	0.48035432832803626	0.07692307692307693	0.0625	1.0	0.7169883280031308	0	0.2
493703d05279	0.6949993308151405	0.8309406848429126	0.8581113098000227	0.8580960291375812	0.18943948337343253	0.047619047619047616	0.029411764705882353	1.0	0.5127778372010168	0	1.0
f2258c95c059	0.0	0.0	0.03639918008035379	0.0	0.07328519594407364	0.03333333333333333	0.047619047619047616	1.0	0.2641201612339208	0	0.047619047619047616
8aac0154970d	0.2089607343063329	0.3032362984035436	0.35892416986625436	0.3111242496074288	0.40479532025886883	0.07692307692307693	0.1111111111111111	1.0	0.7169883280031308	0	0.07692307692307693
