revisions	files	functions	lines	addLines	deleteLines	pos	time	rf	ibf	isComponent	distance
8ee726b771ea	0.1156168784316249	0.08938912861378186	0.30827392086310235	0.30072585581844824	0.18943948337343253	0.041666666666666664	0.034482758620689655	0.2	0.7169883280031308	0	1.0
abafffb7abb6	0.0	0.14167841682498472	0.25434159599462464	0.25166181710041935	0.07328519594407364	0.03125	0.03333333333333333	0.2	0.7169883280031308	0	0.125
faef053a120b	0.0	0.11816600049205804	0.23691193412730824	0.18667454976445727	0.27118744982320253	0.09090909090909091	0.045454545454545456	0.4	1.0	0	0.2
05bbc6538b65	0.2089607343063329	0.2759856130067989	0.32415724245907257	0.31251608341619624	0.2434481513459436	0.030303030303030304	0.038461538461538464	0.2	0.7169883280031308	0	0.125
60d57bf5df89	0.06763153833293722	0.2598444173170428	0.3386861212955405	0.33764850999558577	0.07328519594407364	0.03225806451612903	0.03571428571428571	0.2	0.5484966740038834	0	0.16666666666666666
57157b6e2100	0.4624675137264996	0.5958085695553254	0.5829535283987878	0.5155579096078485	0.6924827099810168	0.3333333333333333	0.030303030303030304	1.0	0.7169883280031308	0	1.0
f9df73321192	0.5402112327435618	0.46033140759385666	0.5463163629614769	0.5207290586343	0.5697767930863201	0.14285714285714285	0.08333333333333333	0.6	1.0	0	1.0
3024c07c9bff	0.18324841676456208	0.20755512910583993	0.4445749969832488	0.42156010803370686	0.44135040522507246	0.0625	0.018867924528301886	0.2	0.819836637888477	0	0.07142857142857142
622b14c530f6	0.4144821736278119	0.4741003394381032	0.5900031618668092	0.589436765824515	0.2434481513459436	0.03333333333333333	0.01818181818181818	0.4	0.5484966740038834	0	1.0
aea28a7dd94d	0.0	0.0	0.06222480934329974	0.06222484992148576	0.0	0.0625	0.1	0.2	1.0	0	0.03333333333333333
cd1c20933a2c	0.0	0.08938912861378186	0.1866744280298992	0.11246238877989302	0.2434481513459436	0.043478260869565216	0.02857142857142857	0.6	0.7169883280031308	0	1.0
eca730dbac88	0.7098357623350096	0.7133377230615174	0.8061967406098578	0.750032613693588	0.9418572488126936	0.125	1.0	0.4	1.0	0	1.0
b618ed379f55	0.06763153833293722	0.28335683364996944	0.3437025896115514	0.32415745384924033	0.3113102001789346	0.07692307692307693	0.018518518518518517	0.4	1.0	0	1.0
efe0d828766c	0.0	0.14167841682498472	0.37193510363131554	0.3111242496074288	0.43804613040626883	0.03225806451612903	0.025	0.6	0.7169883280031308	0	1.0
2f9556adf482	0.0	0.20755512910583993	0.29913674347060804	0.29587216121567017	0.11615428742935889	0.03125	0.05	0.2	0.7169883280031308	0	0.16666666666666666
8e0f33f0ae33	0.0	0.11816600049205804	0.1350231695040073	0.1350232575556277	0.0	0.03225806451612903	0.02564102564102564	0.2	0.5916741449658187	0	0.25
f390253677ba	0.0	0.2310675454387666	0.43089513777496785	0.3826670915662682	0.48898999860858355	0.5	0.020833333333333332	1.0	0.819836637888477	0	0.5
66d104bcb094	0.06763153833293722	0.33077908189246075	0.42712267414803223	0.4223762180398009	0.27118744982320253	0.041666666666666664	0.07142857142857142	0.2	1.0	0	1.0
180776201731	0.298865295196187	0.4741003394381032	0.5813088150871166	0.5764055357755102	0.44918570689349474	0.030303030303030304	0.05555555555555555	0.2	0.5916741449658187	0	0.0136986301369863
870bdb7ff9c8	0.1156168784316249	0.2413899532786789	0.35384141113454926	0.346583429312739	0.23230857485871778	0.027777777777777776	0.022222222222222223	0.2	0.2641201612339208	0	1.0
a73bda53b112	0.31221641060425004	0.40435726148239093	0.5247133120310459	0.5240617161041363	0.18943948337343253	0.08333333333333333	0.04	0.2	1.0	0	1.0
334514863909	0.25087995509749933	0.25094701019234067	0.4348695721948365	0.41948677147946223	0.39262924843900077	0.03278688524590164	0.022727272727272728	0.6	0.7169883280031308	0	1.0
07de5a904de1	0.15283719984194166	0.16155788157855885	0.32169759753390653	0.3097104962570064	0.2434481513459436	0.03125	0.024390243902439025	0.6	0.7169883280031308	0	1.0
730bce4598f8	0.18324841676456208	0.2413899532786789	0.43199664145782707	0.41159932732424326	0.41570480266450993	0.09090909090909091	0.041666666666666664	0.2	1.0	0	1.0
a6b6e3cf36a4	0.9011660316653285	1.0	1.0	1.0	0.07328519594407364	0.25	0.02127659574468085	1.0	0.20523098471151385	0	1.0
15df29c7d7db	0.18324841676456208	0.3149681328686091	0.485208001769834	0.4615747594784907	0.49104303765542345	0.027272727272727275	0.14285714285714285	0.8	0.30512359646890397	0	0.5
75e1557189bb	0.0	0.11816600049205804	0.16084879876695327	0.15303776336186264	0.07328519594407364	0.034482758620689655	0.03125	0.4	1.0	0	0.022727272727272728
e04b56dad3ce	0.0	0.052289288211202906	0.16803434660440356	0.15303776336186264	0.11615428742935889	0.03225806451612903	0.019230769230769232	0.2	0.5916741449658187	0	1.0
2bc794b05dce	0.06763153833293722	0.21984644927517105	0.3950483989694681	0.39053089920676354	0.23230857485871778	0.02702702702702703	0.25	0.2	0.2641201612339208	0	0.5
7a6fa0f8e860	0.4073832343197421	0.4789069051958307	0.49030556541181364	0.422781507587797	0.5837740621496834	0.030303030303030304	0.027777777777777776	0.2	0.7169883280031308	0	0.14285714285714285
b516dee066b2	0.0	0.052289288211202906	0.24889923737319897	0.1921169119349664	0.29314078377629454	0.07142857142857142	0.03225806451612903	0.4	1.0	0	1.0
8870deb3cd89	0.7360543015010115	0.7432839736633603	0.733626838882853	0.6902862430604149	0.8358670050303718	0.02702702702702703	0.02702702702702703	0.2	0.25730251840121854	0	0.08333333333333333
76bcf372d6c4	0.9401799176380695	0.7980462924878657	0.841892805893336	0.824147051993886	0.8831752085979107	0.05555555555555555	0.06666666666666667	0.4	1.0	0	1.0
a8bcd0e69be4	0.3755152404765367	0.2310675454387666	0.3386861212955405	0.3300269610717857	0.23230857485871778	0.034482758620689655	0.043478260869565216	0.2	1.0	0	1.0
44728f9b507e	0.6870549771419744	0.6184711557779058	0.6727607037051548	0.579209999168733	0.8196857811150714	1.0	0.3333333333333333	1.0	0.819836637888477	1	1.0
a50cdaf71385	0.0	0.17877825722756366	0.2834084229327595	0.2431056809714042	0.3055937708027914	0.045454545454545456	0.023255813953488372	0.6	0.7169883280031308	0	1.0
e79e3029b1e8	0.1156168784316249	0.3149681328686091	0.47675268136453164	0.47630857807875054	0.11615428742935889	0.03125	0.1111111111111111	0.2	0.5916741449658187	0	0.07692307692307693
bc857e7522a0	0.25087995509749933	0.3403361388061225	0.40833428371166935	0.4059276636691618	0.18943948337343253	0.030303030303030304	0.058823529411764705	0.2	0.7169883280031308	0	0.023809523809523808
6de4c7fa2d4d	0.2089607343063329	0.33077908189246075	0.5005608903594414	0.48857390572328385	0.4445545349369248	0.09090909090909091	0.02	0.4	1.0	0	1.0
f15277be8b1c	0.427833289035875	0.37274596226375134	0.5071164607072851	0.4413457486232843	0.6016313984938524	0.25	0.02631578947368421	1.0	0.5484966740038834	0	0.0625
c8196ea006dc	0.0	0.14167841682498472	0.1746871247840085	0.11246238877989302	0.2198555878322209	0.034482758620689655	0.0625	0.4	0.819836637888477	0	0.07692307692307693
89cc8dfb1b14	0.1156168784316249	0.2759856130067989	0.3386861212955405	0.29587216121567017	0.3728357111792247	0.027272727272727275	0.2	0.8	0.30512359646890397	0	0.25
4c60665da485	0.32457761273795777	0.42016821050624265	0.49884436724308107	0.47103312915571055	0.521712991428856	0.037037037037037035	0.0196078431372549	0.2	1.0	0	1.0
1f74053488c5	0.1156168784316249	0.3403361388061225	0.3916815759881601	0.3417297347099609	0.4461209071232984	0.03225806451612903	0.125	0.2	0.5916741449658187	0	0.3333333333333333
bbac3d3dec30	0.15283719984194166	0.3492335459308247	0.43731011071919407	0.422781507587797	0.39001854323409085	0.02702702702702703	0.021739130434782608	0.2	0.2641201612339208	0	0.1111111111111111
313ca82fe335	0.0	0.0	0.0	0.0	0.0	0.0	0.0	0.0	0.0	0	0.0
315136e13a9f	0.0	0.0	0.14448153301321734	0.1350232575556277	0.07328519594407364	0.034482758620689655	0.023809523809523808	0.4	0.819836637888477	0	0.125
0c30b6632f78	0.0	0.2310675454387666	0.2941939488754821	0.21526261328334842	0.36642597972036817	0.03225806451612903	0.16666666666666666	0.2	0.5916741449658187	0	0.3333333333333333
fc2f87a798bb	0.1156168784316249	0.14167841682498472	0.26665833602805705	0.23691208862286453	0.26272467931750615	0.034482758620689655	0.09090909090909091	0.4	0.7169883280031308	0	0.25
4d36a0faa1b4	0.0	0.19396770503618765	0.2460491115198026	0.18088083104991842	0.2995505152351511	0.02702702702702703	0.5	0.2	0.2641201612339208	0	0.05555555555555555
7012373d248c	0.15283719984194166	0.38951777658204884	0.4696040689005133	0.4676632944921593	0.23230857485871778	0.25	0.05263157894736842	1.0	0.37843416819369485	0	0.14285714285714285
324ace413314	0.0	0.29694425771962174	0.346583203298102	0.2975193905947101	0.39262924843900077	0.03125	0.047619047619047616	0.2	0.7169883280031308	0	0.3333333333333333
8c31110375c5	0.9350472081371242	0.829080634531919	0.8781007659745617	0.8689093554294399	0.8611835409404869	0.16666666666666666	0.017857142857142856	1.0	0.43339347763417224	0	1.0
f2258c95c059	0.0	0.0	0.03639918008035379	0.0	0.07328519594407364	0.02702702702702703	0.037037037037037035	0.2	0.2641201612339208	0	0.047619047619047616
a436501eca32	0.1156168784316249	0.14167841682498472	0.16803434660440356	0.11246238877989302	0.20573755554755108	0.030303030303030304	0.029411764705882353	0.2	0.7169883280031308	0	0.022222222222222223
e6af3b069eac	0.392209151070895	0.49923493128011215	0.5716812311246705	0.5423494267650008	0.6118381786666287	0.14285714285714285	0.02040816326530612	0.4	1.0	0	1.0
