revisions	files	functions	lines	addLines	deleteLines	pos	time	rf	ibf	isComponent	distance
d3354600ed81	0.0	0.08938912861378186	0.4423265790352049	0.38010201756474693	0.44975438522753747	0.034482758620689655	0.02702702702702703	0.44444444444444436	0.7169883280031308	1	0.16666666666666666
fdd8889b219f	0.06763153833293722	0.08938912861378186	0.3165664053379244	0.31656661177793793	0.0	0.08333333333333333	0.0078125	0.11111111111111109	1.0	0	0.04
d097bbf224ec	0.32457761273795777	0.42262468958867977	0.448606861145672	0.43522259290637055	0.34067122942285855	1.0	0.011494252873563218	1.0	0.819836637888477	0	0.3333333333333333
9e464ec455df	0.15283719984194166	0.19396770503618765	0.3022869412151867	0.28340860774971316	0.22648770218837871	0.125	0.08333333333333333	1.0	1.0	0	0.25
3ae59f888cd5	0.0	0.08938912861378186	0.29248396529100307	0.2431056809714042	0.2857857377665804	0.07142857142857142	0.006993006993006993	0.11111111111111109	1.0	0	1.0
290633c53ebc	0.18324841676456208	0.3575565144551274	0.42278123188272604	0.4211492538501967	0.14669279211481012	0.05	0.009009009009009009	0.3333333333333333	1.0	0	0.5
bbc11b5b414b	0.4073832343197421	0.42016821050624265	0.4138604234160401	0.3520813603382579	0.4206468042857854	0.058823529411764705	0.01020408163265306	0.3333333333333333	1.0	0	0.16666666666666666
b7b9418c5943	0.0	0.11816600049205804	0.16803434660440356	0.16084890366004248	0.0631771468021822	0.047619047619047616	0.014925373134328358	0.11111111111111109	0.7169883280031308	0	1.0
8475b20f280d	0.39996868489450776	0.5845297079920807	0.6530403878304294	0.6528539843173897	0.17736067403666203	0.5	0.007352941176470588	1.0	0.7169883280031308	0	0.5
bc646136f4d9	0.18324841676456208	0.2598444173170428	0.2460491115198026	0.21526261328334842	0.20986993891699235	0.5	0.125	1.0	0.819836637888477	0	0.043478260869565216
5b47d761d33c	0.18324841676456208	0.20755512910583993	0.3547087746343028	0.35028587083897605	0.1633105553861965	0.09090909090909091	0.025	0.5555555555555556	0.819836637888477	1	0.1111111111111111
e168bc7e578d	0.1156168784316249	0.3403361388061225	0.4512957237649573	0.42827143080969776	0.3872306129536544	0.05555555555555555	0.0625	0.3333333333333333	1.0	0	0.2
daaac468f78b	0.0	0.32045667405254846	0.22673825668313485	0.21108644251844974	0.14669279211481012	0.034482758620689655	0.06666666666666667	0.44444444444444436	0.7169883280031308	1	0.06666666666666667
93de7d3d0ec5	0.18324841676456208	0.32045667405254846	0.3950483989694681	0.3826670915662682	0.28173416602494156	0.09090909090909091	0.009900990099009901	0.11111111111111109	1.0	0	0.125
6740d85a98b3	0.0	0.11816600049205804	0.16803434660440356	0.11246238877989302	0.17736067403666203	0.08333333333333333	0.02564102564102564	0.5555555555555556	0.819836637888477	1	0.5
5628706a2c7e	0.2684540782735666	0.42972526741990447	0.56455340792142	0.5527211306526693	0.4464153541028635	0.025	0.014492753623188406	0.22222222222222218	0.819836637888477	0	1.0
65f966007b3a	0.1156168784316249	0.29694425771962174	0.3712197896963522	0.35118810438718073	0.29696037010780774	0.08333333333333333	0.009615384615384616	0.11111111111111109	1.0	0	0.2
48cdcb685705	0.1156168784316249	0.2413899532786789	0.3300267458539839	0.3229360542951501	0.17736067403666203	0.07142857142857142	0.017857142857142856	0.5555555555555556	0.819836637888477	1	1.0
4b68f2320bdd	0.6349509118026908	0.5167907069947928	0.5836300306496793	0.5649695780380372	0.5036193773479372	0.0625	0.023255813953488372	0.22222222222222218	0.819836637888477	1	0.5
8e0f33f0ae33	0.0	0.11816600049205804	0.1350231695040073	0.1350232575556277	0.0	0.05263157894736842	0.008	0.11111111111111109	0.5916741449658187	0	0.25
180776201731	0.298865295196187	0.4741003394381032	0.5813088150871166	0.5764055357755102	0.3872306129536544	0.047619047619047616	0.010416666666666666	0.11111111111111109	0.5916741449658187	0	0.3333333333333333
22e0033985af	0.0	0.0	0.0	0.0	0.0	0.0	0.0	0.0	0.0	0	0.0
87e7cad3b187	0.06763153833293722	0.19396770503618765	0.3547087746343028	0.34752345342449975	0.2002668171680286	0.09090909090909091	0.02631578947368421	0.5555555555555556	0.819836637888477	1	0.045454545454545456
38e5ee5223ce	0.0	0.3149681328686091	0.2689311516998168	0.22307375358152826	0.25823423997013745	0.05	0.5	0.44444444444444436	0.45632498584531683	0	0.058823529411764705
dbe505926331	0.15283719984194166	0.20755512910583993	0.31388646232954215	0.29913693854435036	0.21855701922275933	0.07692307692307693	0.009708737864077669	0.11111111111111109	1.0	0	0.3333333333333333
4d5f202d5e23	0.2684540782735666	0.3653747416205808	0.37678879506889323	0.3580970111371559	0.29696037010780774	0.05555555555555555	0.02857142857142857	0.3333333333333333	1.0	0	1.0
493703d05279	0.6949993308151405	0.8309406848429126	0.8581113098000227	0.8580960291375812	0.1633105553861965	0.03296703296703297	0.00684931506849315	0.3333333333333333	0.5127778372010168	0	0.5
ef4c23fd35a9	0.06763153833293722	0.08938912861378186	0.14448153301321734	0.11246238877989302	0.1263542936043644	0.125	0.09090909090909091	1.0	1.0	0	0.1111111111111111
4c4037c22995	0.8954335122633199	0.7452927565302928	0.8010655484138757	0.6951053328077178	0.8430633051014147	0.0625	0.012658227848101266	0.3333333333333333	1.0	0	0.16666666666666666
a6b6e3cf36a4	0.9011660316653285	1.0	1.0	1.0	0.0631771468021822	0.14285714285714285	0.007518796992481203	1.0	0.20523098471151385	0	1.0
15df29c7d7db	0.18324841676456208	0.3149681328686091	0.485208001769834	0.4615747594784907	0.4233146637121721	0.0392156862745098	0.02040816326530612	0.44444444444444436	0.30512359646890397	0	0.5
e04b56dad3ce	0.0	0.052289288211202906	0.16803434660440356	0.15303776336186264	0.1001334085840143	0.05263157894736842	0.0072992700729927005	0.11111111111111109	0.5916741449658187	0	1.0
b659692588df	0.0	0.0	0.06222480934329974	0.036399203817070964	0.0631771468021822	0.047619047619047616	0.2	0.11111111111111109	0.7169883280031308	0	0.02702702702702703
4bcbfd0e4386	0.15283719984194166	0.3403361388061225	0.4578222707207731	0.45419212348985394	0.2405378208388442	0.047619047619047616	0.01818181818181818	0.11111111111111109	0.7169883280031308	0	0.2
771232b89f38	0.06763153833293722	0.28335683364996944	0.37611127167284186	0.36604658088821196	0.24682620069882444	1.0	0.008620689655172414	1.0	0.819836637888477	0	0.16666666666666666
2728bff12ca2	0.15283719984194166	0.26816738584134553	0.40833428371166935	0.4059276636691618	0.1633105553861965	0.03225806451612903	0.03225806451612903	0.22222222222222218	0.7169883280031308	0	0.1
5be5523c8c96	0.15283719984194166	0.21984644927517105	0.29248396529100307	0.2795048847884751	0.1895314404065466	0.125	0.1	1.0	1.0	0	0.16666666666666666
e3b5eb90906b	0.0	0.052289288211202906	0.24310552243687084	0.1921169119349664	0.2405378208388442	0.04	0.010101010101010102	0.11111111111111109	1.0	0	1.0
3bba4cd96313	0.18324841676456208	0.19396770503618765	0.382032412356413	0.3668041506363452	0.2857857377665804	0.06666666666666667	0.043478260869565216	0.22222222222222218	0.819836637888477	1	1.0
25901b86d2de	0.0	0.052289288211202906	0.2733111142076621	0.23025930610483455	0.25823423997013745	0.047619047619047616	0.007194244604316547	0.11111111111111109	0.7169883280031308	0	0.06666666666666667
061c6264c16d	0.0	0.052289288211202906	0.16803434660440356	0.0986240537385567	0.1895314404065466	0.05263157894736842	0.25	0.11111111111111109	0.5916741449658187	0	0.06666666666666667
2e832ebf0235	0.0	0.0	0.09862398942365351	0.06222484992148576	0.1001334085840143	0.045454545454545456	0.03333333333333333	0.11111111111111109	0.7169883280031308	0	0.16666666666666666
e79e3029b1e8	0.1156168784316249	0.3149681328686091	0.47675268136453164	0.47630857807875054	0.1001334085840143	0.045454545454545456	0.017543859649122806	0.11111111111111109	0.5916741449658187	0	0.2
7ab00d2ec62b	0.23123375686324976	0.39862470650273474	0.5417063155164193	0.5417066687751898	0.0	0.025	0.007407407407407408	0.11111111111111109	0.6457112531348923	0	0.018518518518518517
89cc8dfb1b14	0.1156168784316249	0.2759856130067989	0.3386861212955405	0.29587216121567017	0.3214113867723197	0.0392156862745098	0.058823529411764705	0.44444444444444436	0.30512359646890397	0	0.25
8f492e69aa21	0.0	0.0	0.16084879876695327	0.12444969984297151	0.14669279211481012	0.047619047619047616	0.04	0.11111111111111109	0.7169883280031308	0	0.25
fc2a43593c27	0.34685063529487464	0.32045667405254846	0.5442501860512816	0.5351282859429521	0.4038483762250407	0.058823529411764705	0.015151515151515152	0.22222222222222218	0.819836637888477	1	0.125
ff4dcd4e7cbf	0.18324841676456208	0.2598444173170428	0.35384141113454926	0.343702813747676	0.22648770218837871	0.0574712643678161	0.01639344262295082	0.5555555555555556	0.7169883280031308	1	1.0
f7d5709ee3bd	0.0	0.0	0.06222480934329974	0.036399203817070964	0.0631771468021822	0.058823529411764705	0.045454545454545456	0.22222222222222218	0.819836637888477	1	1.0
5147c17e9683	0.06763153833293722	0.14167841682498472	0.19724797884730702	0.18088083104991842	0.1263542936043644	0.5	0.007751937984496124	1.0	0.819836637888477	0	0.125
e40326dfa9b6	0.650848639992007	0.6978926532612499	0.7844671428377498	0.7844676544062703	0.0	0.024390243902439025	0.010869565217391304	0.22222222222222218	0.819836637888477	0	1.0
6825565854d6	0.31221641060425004	0.3403361388061225	0.5148353537065401	0.514835689442157	0.0	0.1	0.024390243902439025	0.5555555555555556	0.819836637888477	1	1.0
32b89f63cf8e	0.2684540782735666	0.3403361388061225	0.39110795471465654	0.37542884078350797	0.29696037010780774	0.03225806451612903	0.029411764705882353	0.22222222222222218	0.7169883280031308	0	1.0
6ab499d9f28e	0.06763153833293722	0.16155788157855885	0.2302591559477033	0.2067064771543332	0.17736067403666203	0.04	0.01098901098901099	0.11111111111111109	1.0	0	0.25
b0af6b72f007	0.1156168784316249	0.11816600049205804	0.1746871247840085	0.11246238877989302	0.1895314404065466	0.5	0.011111111111111112	1.0	0.819836637888477	0	0.045454545454545456
92915ddbc36f	0.0	0.19396770503618765	0.11246231544070878	0.11246238877989302	0.0	0.09090909090909091	0.1111111111111111	0.5555555555555556	0.819836637888477	1	0.02564102564102564
30b89717bac5	0.0	0.0	0.03639918008035379	0.0	0.0631771468021822	0.034482758620689655	0.0196078431372549	0.44444444444444436	0.7169883280031308	1	1.0
0c30b6632f78	0.0	0.2310675454387666	0.2941939488754821	0.21526261328334842	0.315885734010911	0.05263157894736842	0.05263157894736842	0.11111111111111109	0.5916741449658187	0	0.3333333333333333
8559551465d2	1.0	0.9192997660272638	0.9469898526770555	0.9469904702302598	0.0	0.06451612903225806	0.0136986301369863	0.44444444444444436	0.43339347763417224	1	1.0
4d36a0faa1b4	0.0	0.19396770503618765	0.2460491115198026	0.18088083104991842	0.25823423997013745	0.025	0.3333333333333333	0.5555555555555556	0.2641201612339208	0	0.05555555555555555
6d1de89ec39b	0.1156168784316249	0.17877825722756366	0.16803434660440356	0.1444816272328475	0.1263542936043644	0.05555555555555555	0.018867924528301886	0.44444444444444436	0.7169883280031308	1	0.1
87231505d3b5	0.1156168784316249	0.19396770503618765	0.30072565970853826	0.2543417618564522	0.28966484899056094	0.034482758620689655	0.023809523809523808	0.44444444444444436	0.7169883280031308	1	0.14285714285714285
7012373d248c	0.15283719984194166	0.38951777658204884	0.4696040689005133	0.4676632944921593	0.2002668171680286	0.05	0.010309278350515464	0.44444444444444436	0.349874180651983	0	1.0
78e10891a932	0.9624157703013159	0.7652006926941957	0.6945972537553731	0.6102611881517791	0.7232593244353094	0.058823529411764705	0.015625	0.44444444444444436	0.6457112531348923	1	1.0
f8c46025e279	0.0	0.052289288211202906	0.03639918008035379	0.0	0.0631771468021822	0.034482758620689655	1.0	0.44444444444444436	0.7169883280031308	1	0.0625
d4c17b46ab3c	0.1156168784316249	0.3149681328686091	0.3529655854182781	0.3407266909519464	0.2405378208388442	0.058823529411764705	0.02127659574468085	0.22222222222222218	0.819836637888477	1	0.1
11707f6c16f9	0.06763153833293722	0.3448615593629846	0.3966856131715804	0.34752345342449975	0.38852347656524444	0.047619047619047616	0.007246376811594203	0.11111111111111109	0.7169883280031308	0	0.05263157894736842
885fb0553609	0.1156168784316249	0.2759856130067989	0.3437025896115514	0.3386863421603142	0.1633105553861965	0.029411764705882353	0.011627906976744186	0.22222222222222218	0.7169883280031308	0	0.08333333333333333
ebd3b0ceb37a	0.9015412846855929	0.7961791889997339	0.8423923572835764	0.8376743442782604	0.6476594091957418	0.02127659574468085	0.007575757575757576	0.22222222222222218	1.0	0	1.0
60d57bf5df89	0.06763153833293722	0.2598444173170428	0.3386861212955405	0.33764850999558577	0.0631771468021822	0.05263157894736842	0.009174311926605505	0.11111111111111109	0.5484966740038834	0	0.16666666666666666
db5695982144	0.06763153833293722	0.16155788157855885	0.19724797884730702	0.16084890366004248	0.17736067403666203	0.038461538461538464	0.014285714285714285	0.44444444444444436	0.7169883280031308	1	0.5
479e8e84888c	0.4624675137264996	0.4151102582116798	0.604145889134063	0.5304992528484446	0.6237760281395255	0.023255813953488372	0.05555555555555555	0.22222222222222218	0.5916741449658187	0	1.0
691741b825d7	0.1156168784316249	0.21984644927517105	0.38329681951029215	0.3555680697512972	0.3339166318896398	0.05555555555555555	0.008928571428571428	0.3333333333333333	1.0	0	0.3333333333333333
ca389cecc6e1	0.44604771970518375	0.5925924115389224	0.6627317424485197	0.6547355376217033	0.5119426034523796	1.0	0.010638297872340425	1.0	0.819836637888477	0	0.5
9de8383ec493	0.23123375686324976	0.20755512910583993	0.40039351465970996	0.38075018992863535	0.3240534661514722	0.05714285714285714	0.019230769230769232	0.44444444444444436	0.7169883280031308	1	1.0
2c51582762ea	0.06763153833293722	0.20755512910583993	0.27748728224918834	0.2431056809714042	0.24682620069882444	0.0625	0.022727272727272728	0.11111111111111109	0.819836637888477	1	1.0
1d2c3fca8353	0.15283719984194166	0.17877825722756366	0.2907407760749784	0.2733112924399355	0.20986993891699235	0.034482758620689655	0.014705882352941176	0.44444444444444436	0.7169883280031308	1	1.0
0d16742315f5	0.15283719984194166	0.32572112959789795	0.42114897920955413	0.41948677147946223	0.14669279211481012	0.020833333333333332	0.007042253521126761	0.22222222222222218	1.0	0	1.0
57f73b705615	0.8698507480462417	0.7503737054521155	0.749247348718922	0.7028953792291754	0.7411512646063043	0.07692307692307693	0.01282051282051282	0.3333333333333333	0.7169883280031308	0	1.0
790e43fe9d91	0.0	0.19396770503618765	0.1921167866513249	0.1350232575556277	0.2002668171680286	0.07142857142857142	0.047619047619047616	0.11111111111111109	1.0	0	0.3333333333333333
1356398a7395	0.1156168784316249	0.20755512910583993	0.35809677761426034	0.3446733257124728	0.2527085872087288	0.029411764705882353	0.008547008547008548	0.22222222222222218	0.7169883280031308	0	0.02702702702702703
da9f032a4037	0.49113211890816166	0.5005713292762338	0.6110587636533681	0.6098091909218705	0.29696037010780774	0.09090909090909091	0.00909090909090909	0.11111111111111109	1.0	0	1.0
87070923a1ec	0.0	0.052289288211202906	0.06222480934329974	0.0	0.1001334085840143	0.05	0.009345794392523364	0.3333333333333333	1.0	0	1.0
525251d47bfd	0.2089607343063329	0.4923369634710196	0.5567195371404215	0.5274012407164037	0.512273439954959	0.5	0.012048192771084338	1.0	0.7169883280031308	0	1.0
de2af481dc41	0.43412837186206144	0.39262542701732545	0.5950087117415686	0.5244534468307523	0.6119654658052696	0.047619047619047616	0.012987012987012988	0.11111111111111109	1.0	0	1.0
fbb4d5aa821d	0.06763153833293722	0.052289288211202906	0.12444961868659946	0.11246238877989302	0.0631771468021822	0.09090909090909091	0.07692307692307693	0.5555555555555556	0.819836637888477	1	0.25
cdba21b47239	0.15283719984194166	0.20755512910583993	0.32655128897148417	0.3265515019228631	0.0	0.02564102564102564	0.010526315789473684	0.11111111111111109	0.7169883280031308	0	1.0
6fd6d300eaa8	0.0	0.0	0.14448153301321734	0.1444816272328475	0.0	0.047619047619047616	0.013888888888888888	0.11111111111111109	1.0	0	0.02564102564102564
1a5057bb8750	0.06763153833293722	0.08938912861378186	0.1808807130935711	0.15303776336186264	0.14669279211481012	0.0625	0.021739130434782608	0.3333333333333333	1.0	0	0.3333333333333333
d6323cdb74c5	0.2089607343063329	0.29694425771962174	0.4092792547936479	0.4083345499955632	0.1001334085840143	0.058823529411764705	0.016129032258064516	0.22222222222222218	0.819836637888477	1	0.16666666666666666
ac501262f4a1	0.15283719984194166	0.2413899532786789	0.3152364339923866	0.3038217309667262	0.2002668171680286	0.025	0.008771929824561403	0.11111111111111109	0.819836637888477	0	0.02127659574468085
59539dbe627a	0.15283719984194166	0.3403361388061225	0.42712267414803223	0.4251755556614198	0.1633105553861965	0.047619047619047616	0.013157894736842105	0.11111111111111109	0.5916741449658187	0	0.047619047619047616
fcb697bbaa80	0.49968783513681636	0.5412764204197901	0.5034057028794717	0.4416739811001098	0.5109428271788663	0.02857142857142857	0.008264462809917356	0.22222222222222218	0.7169883280031308	0	0.2
e3593bb995f4	0.0	0.08938912861378186	0.20210167028488468	0.2021018020798915	0.0	0.05263157894736842	0.009259259259259259	0.3333333333333333	1.0	0	1.0
2d9d6d6bdcf8	0.06763153833293722	0.19396770503618765	0.3813934671405255	0.29587216121567017	0.4070467870754001	0.034482758620689655	0.034482758620689655	0.44444444444444436	0.7169883280031308	1	0.3333333333333333
f8558605dddb	0.1156168784316249	0.11816600049205804	0.223073608110253	0.1444816272328475	0.24682620069882444	0.09090909090909091	0.01	0.11111111111111109	1.0	0	0.125
030c3057aeeb	0.06763153833293722	0.28335683364996944	0.35641875821878183	0.2975193905947101	0.3601375169099899	0.03333333333333333	0.016666666666666666	0.22222222222222218	0.819836637888477	1	0.5
e88ab0dea2d0	0.0	0.14167841682498472	0.25434159599462464	0.22673840454420918	0.20986993891699235	1.0	0.008064516129032258	1.0	0.819836637888477	0	1.0
138bfa21f3a6	0.1156168784316249	0.25094701019234067	0.3893647654986319	0.37611151694339084	0.28173416602494156	0.08333333333333333	0.013513513513513514	0.11111111111111109	1.0	0	1.0
870bdb7ff9c8	0.1156168784316249	0.2413899532786789	0.35384141113454926	0.346583429312739	0.2002668171680286	0.02564102564102564	0.007874015748031496	0.5555555555555556	0.2641201612339208	0	1.0
e109df9be1af	0.7133474688239989	0.6032150785425553	0.7183681874565422	0.657943609364512	0.7275290592131368	0.021739130434782608	0.07142857142857142	0.22222222222222218	0.819836637888477	0	1.0
d0fe1cca56aa	0.0	0.052289288211202906	0.08225672366991757	0.036399203817070964	0.1001334085840143	0.020833333333333332	0.0070921985815602835	0.22222222222222218	1.0	0	0.25
b8c02c64be7c	0.1156168784316249	0.3092355778889529	0.4626183240030097	0.46261862568673695	0.0	0.058823529411764705	0.015873015873015872	0.22222222222222218	0.819836637888477	1	0.14285714285714285
31c0548d0187	0.28435180646288283	0.3956599494367154	0.4933044722065871	0.4489099245775328	0.47872033345190196	0.058823529411764705	0.009433962264150943	0.3333333333333333	1.0	0	0.2
d8a48cf04822	0.15283719984194166	0.25094701019234067	0.342721471388412	0.3038217309667262	0.31869042780677365	0.5	0.007936507936507936	1.0	0.819836637888477	0	0.5
c8e6d9debe86	0.1156168784316249	0.20755512910583993	0.3916815759881601	0.38877635184434883	0.1633105553861965	0.06666666666666667	0.030303030303030304	0.22222222222222218	0.819836637888477	1	1.0
417fbcaf20e4	0.34685063529487464	0.4151102582116798	0.5272747247012909	0.5197733075887534	0.370090525293568	0.025	0.010752688172043012	0.11111111111111109	0.7169883280031308	0	1.0
55d77d72a67a	0.0	0.0	0.16803434660440356	0.0822567773113617	0.2002668171680286	0.047619047619047616	0.038461538461538464	0.11111111111111109	1.0	0	0.025
ea523606754e	0.23123375686324976	0.32045667405254846	0.37404746988795895	0.36451198826472897	0.2405378208388442	0.058823529411764705	0.006896551724137931	0.11111111111111109	1.0	0	0.5
2bc794b05dce	0.06763153833293722	0.21984644927517105	0.3950483989694681	0.39053089920676354	0.2002668171680286	0.025	0.14285714285714285	0.5555555555555556	0.2641201612339208	0	0.5
8d3383935a74	0.2089607343063329	0.3448615593629846	0.41736414319077336	0.3972250415423424	0.34281592499532165	0.03225806451612903	0.0125	0.22222222222222218	0.7169883280031308	0	1.0
9bfca09c3c53	0.597730590392374	0.6113504670300618	0.5451858549904106	0.47290343602146634	0.5629016233450879	0.029411764705882353	0.008403361344537815	0.22222222222222218	0.7169883280031308	0	0.5
f9e8471002d7	0.06763153833293722	0.3149681328686091	0.35726168857966106	0.343702813747676	0.2527085872087288	0.0625	0.022222222222222223	0.11111111111111109	0.819836637888477	1	1.0
778b318bf89a	0.06763153833293722	0.11816600049205804	0.23691193412730824	0.22673840454420918	0.1263542936043644	0.05555555555555555	0.006944444444444444	0.11111111111111109	1.0	0	0.14285714285714285
0e7f2128fb6f	0.15283719984194166	0.16155788157855885	0.3322711483513144	0.33227136503274113	0.0	0.058823529411764705	0.16666666666666666	0.22222222222222218	0.819836637888477	1	0.3333333333333333
e45756bc40c9	0.06763153833293722	0.16155788157855885	0.2711478426908739	0.2643266520013773	0.1263542936043644	0.08333333333333333	0.014084507042253521	0.11111111111111109	1.0	0	0.038461538461538464
ca4b3f058b14	0.06763153833293722	0.14167841682498472	0.2889630660264346	0.28714962748127176	0.0631771468021822	0.029411764705882353	0.008130081300813009	0.22222222222222218	0.7169883280031308	0	0.07692307692307693
1482584928f5	0.298865295196187	0.2310675454387666	0.4278899559459768	0.4235866383873218	0.22648770218837871	0.024390243902439025	0.011363636363636364	0.22222222222222218	0.819836637888477	0	0.2
8870deb3cd89	0.7360543015010115	0.7432839736633603	0.733626838882853	0.6902862430604149	0.720577898491306	0.025	0.00819672131147541	0.5555555555555556	0.2508523295824108	0	0.08333333333333333
1fe7e086684b	0.06763153833293722	0.14167841682498472	0.2852984174535528	0.2666585099219055	0.20986993891699235	0.0625	0.027777777777777776	0.3333333333333333	1.0	0	1.0
00556bae2d6c	0.33608561660650377	0.21984644927517105	0.30827392086310235	0.2666585099219055	0.28966484899056094	0.0625	0.03571428571428571	0.3333333333333333	1.0	0	0.14285714285714285
84a1d576b4ec	0.1156168784316249	0.3448615593629846	0.458095547716768	0.44200101782755763	0.3652498113375695	0.05555555555555555	0.007633587786259542	0.11111111111111109	1.0	0	1.0
d1864e8d273a	0.0	0.08938912861378186	0.08225672366991757	0.06222484992148576	0.0631771468021822	0.1	0.05	0.5555555555555556	1.0	1	0.3333333333333333
dd2c4de0cdb1	0.15283719984194166	0.16155788157855885	0.38329681951029215	0.3832970694666971	0.0	0.058823529411764705	0.01694915254237288	0.22222222222222218	0.819836637888477	1	0.2
a91e68adf9db	0.06763153833293722	0.2310675454387666	0.3916815759881601	0.3899498519847272	0.1263542936043644	0.045454545454545456	0.011904761904761904	0.11111111111111109	0.7169883280031308	0	0.1
2e51dc92f442	0.06763153833293722	0.052289288211202906	0.2871494402247173	0.2431056809714042	0.2730470857191745	0.041666666666666664	0.037037037037037035	0.11111111111111109	1.0	0	1.0
a90ae029cad6	0.06763153833293722	0.11816600049205804	0.1746871247840085	0.16084890366004248	0.1001334085840143	0.09090909090909091	0.041666666666666664	0.5555555555555556	0.819836637888477	1	0.024390243902439025
eaf43055f658	0.8352165233556171	0.7015815654631168	0.7270539814176639	0.653475242730424	0.7484385369017538	0.022727272727272728	0.00847457627118644	0.22222222222222218	0.5484966740038834	0	0.14285714285714285
1f74053488c5	0.1156168784316249	0.3403361388061225	0.3916815759881601	0.3417297347099609	0.3845885335745019	0.05263157894736842	0.018518518518518517	0.11111111111111109	0.5916741449658187	0	0.5
317ac07da1e6	0.32457761273795777	0.4909119627558094	0.5192222219741379	0.4533330596863628	0.5310128561096733	0.5	0.012195121951219513	1.0	0.7169883280031308	0	1.0
bbac3d3dec30	0.15283719984194166	0.3492335459308247	0.43731011071919407	0.422781507587797	0.33622423252135675	0.025	0.007692307692307693	0.5555555555555556	0.25730251840121854	0	0.1111111111111111
313ca82fe335	0.0	0.0	0.0	0.0	0.0	0.0	0.0	0.0	0.0	0	0.0
13374d0158f9	0.06763153833293722	0.2413899532786789	0.3845436648851043	0.3832970694666971	0.1001334085840143	0.022727272727272728	0.007462686567164179	0.22222222222222218	1.0	0	1.0
8b0df7e542dd	0.23123375686324976	0.2598444173170428	0.3621595262801692	0.35296581559500884	0.22648770218837871	0.04	0.00980392156862745	0.11111111111111109	1.0	0	0.3333333333333333
c86f3671c7c7	0.15283719984194166	0.11816600049205804	0.25434159599462464	0.25166181710041935	0.0631771468021822	0.07692307692307693	0.020833333333333332	0.3333333333333333	1.0	0	0.5
a6ebacc9d306	0.06763153833293722	0.08938912861378186	0.16803434660440356	0.16803445618334878	0.0	0.058823529411764705	0.02	0.22222222222222218	0.819836637888477	1	0.0625
21e5630a726a	0.0	0.052289288211202906	0.08225672366991757	0.036399203817070964	0.1001334085840143	1.0	0.011235955056179775	1.0	0.819836637888477	0	1.0
1d4b118142c3	0.06763153833293722	0.2413899532786789	0.3813934671405255	0.34937447740275757	0.34281592499532165	0.029411764705882353	0.011764705882352941	0.22222222222222218	0.7169883280031308	0	0.05
1c6ed0c751b3	0.0	0.052289288211202906	0.240062131871887	0.1972481074771134	0.22648770218837871	0.09090909090909091	0.03125	0.5555555555555556	0.819836637888477	1	0.027777777777777776
124b4010279f	0.06763153833293722	0.052289288211202906	0.11246231544070878	0.06222484992148576	0.1263542936043644	1.0	0.008333333333333333	1.0	0.819836637888477	0	0.16666666666666666
0bfbad79b7bd	0.06763153833293722	0.20755512910583993	0.2733111142076621	0.23025930610483455	0.25823423997013745	0.05555555555555555	0.015384615384615385	0.44444444444444436	0.7169883280031308	1	1.0
805d879dc0cf	0.06763153833293722	0.25094701019234067	0.29248396529100307	0.22673840454420918	0.3037149676410264	0.029411764705882353	0.008849557522123894	0.22222222222222218	0.7169883280031308	0	0.07142857142857142
8c31110375c5	0.9350472081371242	0.829080634531919	0.8781007659745617	0.8689093554294399	0.7424025860712729	0.05555555555555555	0.007142857142857143	0.11111111111111109	0.41306061451697523	0	1.0
5aeede317f15	0.5369081565471331	0.4469456430689092	0.5926627923004109	0.4995352458203567	0.6251263544133461	0.024390243902439025	0.013333333333333334	0.22222222222222218	0.819836637888477	0	0.125
f2258c95c059	0.0	0.0	0.03639918008035379	0.0	0.0631771468021822	0.025	0.009523809523809525	0.5555555555555556	0.2641201612339208	0	0.047619047619047616
a53b695cf57b	0.2089607343063329	0.25094701019234067	0.44799823899167057	0.4386757679587653	0.31000334750100667	0.058823529411764705	0.017241379310344827	0.22222222222222218	0.819836637888477	1	0.25
