revisions	files	functions	lines	addLines	deleteLines	pos	time	rf	ibf	isComponent	distance
4f31df7b30bb	0.4624675137264996	0.4707934594675118	0.5224771316400801	0.4671713947276991	0.5231554705797604	0.03225806451612903	0.02702702702702703	1.0	0.5542242588099543	0	0.02631578947368421
885fb0553609	0.1156168784316249	0.2759856130067989	0.3437025896115514	0.3386863421603142	0.1633105553861965	0.058823529411764705	0.023809523809523808	1.0	0.6439070137955224	0	0.05555555555555555
d097bbf224ec	0.32457761273795777	0.42262468958867977	0.448606861145672	0.43522259290637055	0.34067122942285855	0.3333333333333333	0.023255813953488372	1.0	0.7733135557050786	0	0.25
9519a4901110	0.18324841676456208	0.20755512910583993	0.29913674347060804	0.268931327075819	0.25823423997013745	0.041666666666666664	1.0	1.0	0.7733135557050786	0	1.0
af7860c80102	0.06763153833293722	0.14167841682498472	0.1921167866513249	0.1350232575556277	0.2002668171680286	0.07692307692307693	0.03333333333333333	1.0	1.0	1	0.06666666666666667
3faa124feb6f	0.1156168784316249	0.3575565144551274	0.39394009570896044	0.3333728694339155	0.3994013793235389	0.037037037037037035	0.045454545454545456	1.0	0.7733135557050786	0	0.5
40f4a43d0a51	0.2089607343063329	0.29694425771962174	0.44981186479338786	0.4400206842355211	0.315885734010911	0.030303030303030304	0.06666666666666667	1.0	0.7733135557050786	0	1.0
8939454932dc	0.18324841676456208	0.3575565144551274	0.4620979084942046	0.45644356393634367	0.28173416602494156	0.041666666666666664	0.05555555555555555	1.0	0.7733135557050786	0	0.25
ca389cecc6e1	0.44604771970518375	0.5925924115389224	0.6627317424485197	0.6547355376217033	0.5119426034523796	0.3333333333333333	0.020833333333333332	1.0	0.7733135557050786	0	0.5
8475b20f280d	0.39996868489450776	0.5845297079920807	0.6530403878304294	0.6528539843173897	0.17736067403666203	0.25	0.015384615384615385	1.0	0.6439070137955224	0	0.5
bc646136f4d9	0.18324841676456208	0.2598444173170428	0.2460491115198026	0.21526261328334842	0.20986993891699235	0.25	0.047619047619047616	1.0	0.7733135557050786	0	0.043478260869565216
d58c9315a741	0.1156168784316249	0.29694425771962174	0.504062169599047	0.4334448816985424	0.519873286417999	0.1	0.030303030303030304	1.0	1.0	1	1.0
1356398a7395	0.1156168784316249	0.20755512910583993	0.35809677761426034	0.3446733257124728	0.2527085872087288	0.058823529411764705	0.018867924528301886	1.0	0.6439070137955224	0	0.5
525251d47bfd	0.2089607343063329	0.4923369634710196	0.5567195371404215	0.5274012407164037	0.512273439954959	0.25	0.025	1.0	0.6439070137955224	0	1.0
a9b41094a261	0.0	0.0	0.12444961868659946	0.0822567773113617	0.1263542936043644	0.03225806451612903	0.034482758620689655	1.0	0.7733135557050786	0	0.14285714285714285
427b8d140369	0.15283719984194166	0.25094701019234067	0.4312638094383395	0.42978023073586147	0.14669279211481012	0.04	0.09090909090909091	1.0	0.7733135557050786	0	0.14285714285714285
cdba21b47239	0.15283719984194166	0.20755512910583993	0.32655128897148417	0.3265515019228631	0.0	0.044444444444444446	0.02040816326530612	1.0	0.6439070137955224	0	1.0
d1d2b300b5ac	0.0	0.052289288211202906	0.06222480934329974	0.06222484992148576	0.0	0.030303030303030304	0.029411764705882353	1.0	0.7733135557050786	0	0.010309278350515464
f7b1baf0f797	0.0	0.11816600049205804	0.24310552243687084	0.12444969984297151	0.2857857377665804	0.1111111111111111	0.02857142857142857	1.0	0.7733135557050786	0	0.025
fcb697bbaa80	0.49968783513681636	0.5412764204197901	0.5034057028794717	0.4416739811001098	0.5109428271788663	0.05555555555555555	0.017857142857142856	1.0	0.6439070137955224	0	0.2
72c8d3154eb4	0.0	0.052289288211202906	0.26665833602805705	0.23364731129418437	0.2337832233056255	0.034482758620689655	0.07142857142857142	1.0	0.7733135557050786	0	0.0625
bfa249f716ca	0.2684540782735666	0.41766402983178363	0.49030556541181364	0.44707778991705155	0.4738188646019981	0.034482758620689655	0.022727272727272728	1.0	0.7733135557050786	0	1.0
bb2cae300f3b	0.1156168784316249	0.19396770503618765	0.23691193412730824	0.21526261328334842	0.17736067403666203	0.04	0.16666666666666666	1.0	0.7733135557050786	0	0.25
e88ab0dea2d0	0.0	0.14167841682498472	0.25434159599462464	0.22673840454420918	0.20986993891699235	0.3333333333333333	0.01694915254237288	1.0	0.7733135557050786	0	1.0
870bdb7ff9c8	0.1156168784316249	0.2413899532786789	0.35384141113454926	0.346583429312739	0.2002668171680286	0.029411764705882353	0.01639344262295082	1.0	0.07409596422305327	0	1.0
b19acc296647	0.0	0.0	0.19724797884730702	0.1444816272328475	0.2002668171680286	0.030303030303030304	0.14285714285714285	1.0	0.7733135557050786	0	0.0625
76fa796a79cb	0.06763153833293722	0.2413899532786789	0.43272353954970183	0.42902900055783094	0.21855701922275933	0.034482758620689655	0.1	1.0	0.7733135557050786	0	1.0
d8a48cf04822	0.15283719984194166	0.25094701019234067	0.342721471388412	0.3038217309667262	0.31869042780677365	0.25	0.016666666666666666	1.0	0.7733135557050786	0	0.5
82baad1f07c0	0.0	0.14167841682498472	0.2907407760749784	0.23364731129418437	0.29338558422962024	0.04	0.08333333333333333	1.0	0.7733135557050786	0	1.0
a6b6e3cf36a4	0.9011660316653285	1.0	1.0	1.0	0.0631771468021822	0.1111111111111111	0.015625	1.0	0.0	0	1.0
ad1c26c40efe	0.6089294192008406	0.9132660095325432	0.8911639020256505	0.8584344020125955	0.8599129960917997	0.030303030303030304	0.041666666666666664	1.0	0.7733135557050786	0	0.07692307692307693
2bc794b05dce	0.06763153833293722	0.21984644927517105	0.3950483989694681	0.39053089920676354	0.2002668171680286	0.02857142857142857	0.05	1.0	0.07409596422305327	0	0.5
8d3383935a74	0.2089607343063329	0.3448615593629846	0.41736414319077336	0.3972250415423424	0.34281592499532165	0.07142857142857142	0.02631578947368421	1.0	0.6439070137955224	0	1.0
9bfca09c3c53	0.597730590392374	0.6113504670300618	0.5451858549904106	0.47290343602146634	0.5629016233450879	0.058823529411764705	0.018518518518518517	1.0	0.6439070137955224	0	0.5
f285f9922f57	0.25087995509749933	0.26816738584134553	0.38392240687720625	0.354709005947806	0.33847484949608225	0.030303030303030304	0.2	1.0	0.7733135557050786	0	0.01
ca4b3f058b14	0.06763153833293722	0.14167841682498472	0.2889630660264346	0.28714962748127176	0.0631771468021822	0.058823529411764705	0.017241379310344827	1.0	0.6439070137955224	0	0.06666666666666667
8870deb3cd89	0.7360543015010115	0.7432839736633603	0.733626838882853	0.6902862430604149	0.720577898491306	0.02857142857142857	0.017543859649122806	1.0	0.05740201743312459	0	0.08333333333333333
771232b89f38	0.06763153833293722	0.28335683364996944	0.37611127167284186	0.36604658088821196	0.24682620069882444	0.3333333333333333	0.019230769230769232	1.0	0.7733135557050786	0	0.2
2728bff12ca2	0.15283719984194166	0.26816738584134553	0.40833428371166935	0.4059276636691618	0.1633105553861965	0.07142857142857142	0.043478260869565216	1.0	0.6439070137955224	0	0.25
ba6746cffef4	0.06763153833293722	0.2310675454387666	0.2110863048643623	0.18088083104991842	0.17736067403666203	0.037037037037037035	0.07692307692307693	1.0	0.7733135557050786	0	0.5
caf028883cab	0.06763153833293722	0.052289288211202906	0.27748728224918834	0.268931327075819	0.14669279211481012	0.030303030303030304	0.04	1.0	0.7733135557050786	0	0.010416666666666666
5dd28ba9855c	0.2089607343063329	0.33077908189246075	0.42478067809446846	0.4156296467452772	0.2857857377665804	0.04	0.02127659574468085	1.0	0.7733135557050786	0	0.3333333333333333
3609c4fce914	0.1156168784316249	0.0	0.06222480934329974	0.036399203817070964	0.0631771468021822	0.030303030303030304	0.3333333333333333	1.0	0.7733135557050786	0	0.010752688172043012
160e1727d7c0	0.15283719984194166	0.2413899532786789	0.3869865754596095	0.36373474113755194	0.3240534661514722	0.09090909090909091	0.03125	1.0	1.0	1	1.0
21da480a2dc7	0.18324841676456208	0.25094701019234067	0.31251587961762084	0.2975193905947101	0.21855701922275933	0.030303030303030304	0.0625	1.0	0.7733135557050786	0	0.047619047619047616
f0a5dd51552e	0.0	0.052289288211202906	0.09862398942365351	0.0822567773113617	0.0631771468021822	0.030303030303030304	0.038461538461538464	1.0	0.7733135557050786	0	0.017543859649122806
317ac07da1e6	0.32457761273795777	0.4909119627558094	0.5192222219741379	0.4533330596863628	0.5310128561096733	0.25	0.02564102564102564	1.0	0.6439070137955224	0	1.0
bbac3d3dec30	0.15283719984194166	0.3492335459308247	0.43731011071919407	0.422781507587797	0.33622423252135675	0.02857142857142857	0.015873015873015872	1.0	0.06551782050889805	0	0.1111111111111111
5147c17e9683	0.06763153833293722	0.14167841682498472	0.19724797884730702	0.18088083104991842	0.1263542936043644	0.25	0.016129032258064516	1.0	0.7733135557050786	0	0.125
b7033ed58948	0.0	0.0	0.1866744280298992	0.17468723870137876	0.1001334085840143	0.030303030303030304	0.5	1.0	0.7733135557050786	0	0.03571428571428571
a7e11c8e76c9	0.0	0.0	0.08225672366991757	0.06222484992148576	0.0631771468021822	0.030303030303030304	0.25	1.0	0.7733135557050786	0	0.015625
32b89f63cf8e	0.2684540782735666	0.3403361388061225	0.39110795471465654	0.37542884078350797	0.29696037010780774	0.07142857142857142	0.03571428571428571	1.0	0.6439070137955224	0	1.0
86f8caa14a5f	0.06763153833293722	0.14167841682498472	0.33659831966454223	0.32772500206324146	0.2002668171680286	0.07692307692307693	0.03225806451612903	1.0	1.0	1	0.14285714285714285
b0af6b72f007	0.1156168784316249	0.11816600049205804	0.1746871247840085	0.11246238877989302	0.1895314404065466	0.25	0.021739130434782608	1.0	0.7733135557050786	0	0.045454545454545456
25bd88d965e8	0.25087995509749933	0.3403361388061225	0.46517608744321615	0.45971826679794364	0.28173416602494156	0.04	0.037037037037037035	1.0	0.7733135557050786	0	1.0
21e5630a726a	0.0	0.052289288211202906	0.08225672366991757	0.036399203817070964	0.1001334085840143	0.3333333333333333	0.022222222222222223	1.0	0.7733135557050786	0	0.5
089c4eae387a	0.0	0.16155788157855885	0.1746871247840085	0.1444816272328475	0.14669279211481012	0.07692307692307693	0.125	1.0	1.0	1	0.07692307692307693
1d4b118142c3	0.06763153833293722	0.2413899532786789	0.3813934671405255	0.34937447740275757	0.34281592499532165	0.058823529411764705	0.024390243902439025	1.0	0.6439070137955224	0	0.05263157894736842
bde560f59f66	0.06763153833293722	0.08938912861378186	0.24889923737319897	0.22307375358152826	0.2002668171680286	0.030303030303030304	0.027777777777777776	1.0	0.7733135557050786	0	0.07142857142857142
4d36a0faa1b4	0.0	0.19396770503618765	0.2460491115198026	0.18088083104991842	0.25823423997013745	0.02857142857142857	0.058823529411764705	1.0	0.07409596422305327	0	0.05555555555555555
2827f3168d5e	0.0	0.052289288211202906	0.1350231695040073	0.12444969984297151	0.0631771468021822	0.030303030303030304	0.05263157894736842	1.0	0.7733135557050786	0	0.047619047619047616
124b4010279f	0.06763153833293722	0.052289288211202906	0.11246231544070878	0.06222484992148576	0.1263542936043644	0.3333333333333333	0.01818181818181818	1.0	0.7733135557050786	0	0.14285714285714285
b660de30f8bd	0.0	0.0	0.03639918008035379	0.0	0.0631771468021822	0.04	0.1111111111111111	1.0	0.7733135557050786	0	0.0625
805d879dc0cf	0.06763153833293722	0.25094701019234067	0.29248396529100307	0.22673840454420918	0.3037149676410264	0.058823529411764705	0.0196078431372549	1.0	0.6439070137955224	0	0.04
f2258c95c059	0.0	0.0	0.03639918008035379	0.0	0.0631771468021822	0.02857142857142857	0.02	1.0	0.07409596422305327	0	0.047619047619047616
