revisions	files	functions	lines	addLines	deleteLines	pos	time	rf	ibf	isComponent	distance
d3354600ed81	0.0	0.08938912861378186	0.4423265790352049	0.38010201756474693	0.44975438522753747	0.032407407407407406	0.015151515151515152	0.22727272727272724	0.7169883280031308	1	0.16666666666666666
ba4fbe6e95a4	0.2089607343063329	0.26816738584134553	0.3826668420206856	0.38139371585571197	0.1001334085840143	0.01639344262295082	0.0038461538461538464	0.022727272727272724	1.0	0	0.3333333333333333
da95a1b91da7	0.7738800678488662	0.9333001968632375	0.9488005359155721	0.9488011546495635	0.0	0.05	0.006134969325153374	0.022727272727272724	0.7169883280031308	0	1.0
9f2c608e08a1	0.0	0.29694425771962174	0.3288831453713568	0.2814779638261902	0.31869042780677365	0.015873015873015872	0.004830917874396135	0.022727272727272724	1.0	0	0.07142857142857142
b66588347f43	0.0	0.0	0.14448153301321734	0.1444816272328475	0.0	0.014925373134328358	0.00392156862745098	0.022727272727272724	1.0	0	0.011627906976744186
05bbc6538b65	0.2089607343063329	0.2759856130067989	0.32415724245907257	0.31251608341619624	0.20986993891699235	0.05172413793103449	0.0055248618784530384	0.0909090909090909	0.7169883280031308	0	0.125
2c0d196953de	0.06763153833293722	0.08938912861378186	0.1808807130935711	0.12444969984297151	0.1895314404065466	0.015873015873015872	0.00510204081632653	0.022727272727272724	1.0	0	0.14285714285714285
294be26b772d	0.06763153833293722	0.20755512910583993	0.25434159599462464	0.2431056809714042	0.14669279211481012	0.014925373134328358	0.003968253968253968	0.022727272727272724	1.0	0	0.027777777777777776
8939454932dc	0.18324841676456208	0.3575565144551274	0.4620979084942046	0.45644356393634367	0.28173416602494156	0.018518518518518517	0.045454545454545456	0.022727272727272724	0.819836637888477	0	0.25
197b8d811943	0.0	0.11816600049205804	0.2110863048643623	0.1972481074771134	0.1263542936043644	0.05555555555555555	0.007633587786259542	0.022727272727272724	1.0	0	1.0
b7b9418c5943	0.0	0.11816600049205804	0.16803434660440356	0.16084890366004248	0.0631771468021822	0.048	0.009009009009009009	0.4545454545454545	0.7169883280031308	0	1.0
cd1c20933a2c	0.0	0.08938912861378186	0.1866744280298992	0.11246238877989302	0.20986993891699235	0.05454545454545455	0.004901960784313725	0.0909090909090909	0.7169883280031308	0	0.3333333333333333
0085a5c5f382	0.15283719984194166	0.26816738584134553	0.3621595262801692	0.36136178846583605	0.0631771468021822	0.05172413793103449	0.005555555555555556	0.0909090909090909	0.7169883280031308	0	0.038461538461538464
aea3cdf0b818	0.06763153833293722	0.08938912861378186	0.19724797884730702	0.1444816272328475	0.2002668171680286	0.029411764705882353	0.005025125628140704	0.022727272727272724	0.819836637888477	0	0.5
405bc54f9208	0.4073832343197421	0.4673995464228827	0.49867089583864815	0.4745085883046332	0.43860825808009646	0.025	0.00819672131147541	0.022727272727272724	1.0	0	0.05555555555555555
a9b41094a261	0.0	0.0	0.12444961868659946	0.0822567773113617	0.1263542936043644	0.020833333333333332	0.015384615384615385	0.0909090909090909	0.819836637888477	0	0.14285714285714285
549ead57a1fe	0.5528058847364494	0.43645520751459366	0.6073071814129027	0.6040926401561434	0.37616913439032323	0.05555555555555555	0.005917159763313609	0.022727272727272724	1.0	0	0.5
f7f27b79a710	0.25087995509749933	0.16155788157855885	0.30072565970853826	0.0986240537385567	0.3601375169099899	0.014925373134328358	0.005434782608695652	0.022727272727272724	1.0	0	0.03571428571428571
8e0f33f0ae33	0.0	0.11816600049205804	0.1350231695040073	0.1350232575556277	0.0	0.05454545454545455	0.004672897196261682	0.5454545454545454	0.5916741449658187	0	0.25
4b68f2320bdd	0.6349509118026908	0.5167907069947928	0.5836300306496793	0.5649695780380372	0.5036193773479372	0.05084745762711864	0.0136986301369863	0.1818181818181818	0.819836637888477	1	0.5
6f40e478320f	0.23123375686324976	0.3032362984035436	0.39449595769461404	0.38454391565460494	0.2634439639702108	0.05	0.008130081300813009	0.022727272727272724	1.0	0	1.0
95d21f09c9a1	0.298865295196187	0.3863333863334036	0.5136675788804628	0.4515898693335656	0.5216782039403483	0.02702702702702703	0.010869565217391304	0.022727272727272724	1.0	1	0.05555555555555555
bfa249f716ca	0.2684540782735666	0.41766402983178363	0.49030556541181364	0.44707778991705155	0.4738188646019981	0.02127659574468085	0.0064516129032258064	0.0909090909090909	0.819836637888477	0	0.3333333333333333
87e7cad3b187	0.06763153833293722	0.19396770503618765	0.3547087746343028	0.34752345342449975	0.2002668171680286	0.09417040358744395	0.014925373134328358	1.0	0.819836637888477	1	1.0
38e5ee5223ce	0.0	0.3149681328686091	0.2689311516998168	0.22307375358152826	0.25823423997013745	0.04895104895104895	0.07692307692307693	0.22727272727272724	0.45632498584531683	0	0.1
f64ab851da28	0.46760022322744493	0.4865399761879694	0.6278553215660712	0.6278145419776997	0.0631771468021822	0.1	0.005	0.022727272727272724	1.0	0	1.0
334514863909	0.25087995509749933	0.25094701019234067	0.4348695721948365	0.41948677147946223	0.33847484949608225	0.05454545454545455	0.004484304932735426	0.0909090909090909	0.7169883280031308	0	0.5
63e25a9ed0fb	0.0	0.19396770503618765	0.1921167866513249	0.16084890366004248	0.1633105553861965	0.08333333333333333	0.005847953216374269	0.022727272727272724	1.0	0	1.0
85c760ec6331	0.39996868489450776	0.522523261974449	0.5266411904991696	0.45971826679794364	0.5394796897765197	0.043478260869565216	0.005494505494505495	0.1818181818181818	1.0	0	1.0
5eedf786a5ef	0.4212912781155082	0.44285129116709593	0.5524350253846414	0.5142537004838339	0.5277279832546746	0.06666666666666667	0.008264462809917356	0.022727272727272724	1.0	0	0.16666666666666666
d5b9c38679c2	0.0	0.14167841682498472	0.2192529709249519	0.21526261328334842	0.0631771468021822	0.023255813953488372	0.005747126436781609	0.022727272727272724	1.0	0	1.0
f285f9922f57	0.25087995509749933	0.26816738584134553	0.38392240687720625	0.354709005947806	0.33847484949608225	0.015873015873015872	0.16666666666666666	0.022727272727272724	0.819836637888477	0	0.01
e72fcf80c591	0.06763153833293722	0.3032362984035436	0.34563323227605924	0.2795048847884751	0.35656273103180247	0.030303030303030304	0.006896551724137931	0.022727272727272724	1.0	0	0.02702702702702703
ba21ebdb445a	0.1156168784316249	0.19396770503618765	0.31916865779722586	0.3178771676432612	0.0631771468021822	0.02564102564102564	0.004032258064516129	0.022727272727272724	1.0	0	1.0
2bace1ffcc84	0.15283719984194166	0.33077908189246075	0.39281793829913564	0.379449131178624	0.2857857377665804	0.023255813953488372	0.004784688995215311	0.022727272727272724	1.0	0	0.3333333333333333
061c6264c16d	0.0	0.052289288211202906	0.16803434660440356	0.0986240537385567	0.1895314404065466	0.05454545454545455	0.05263157894736842	0.5454545454545454	0.5916741449658187	0	0.06666666666666667
e79e3029b1e8	0.1156168784316249	0.3149681328686091	0.47675268136453164	0.47630857807875054	0.1001334085840143	0.04838709677419355	0.010416666666666666	0.5454545454545454	0.5916741449658187	0	0.2
bc857e7522a0	0.25087995509749933	0.3403361388061225	0.40833428371166935	0.4059276636691618	0.1633105553861965	0.05172413793103449	0.006666666666666667	0.0909090909090909	0.7169883280031308	0	0.023809523809523808
d89a3e66feda	0.0	0.2598444173170428	0.366046342181228	0.3053305308928899	0.37164860351436985	0.015625	0.00558659217877095	0.022727272727272724	1.0	0	0.3333333333333333
89cc8dfb1b14	0.1156168784316249	0.2759856130067989	0.3386861212955405	0.29587216121567017	0.3214113867723197	0.01818181818181818	0.02857142857142857	0.04545454545454545	0.30512359646890397	0	0.25
713c2c5506cd	0.0	0.052289288211202906	0.1746871247840085	0.15303776336186264	0.1263542936043644	0.03333333333333333	0.03571428571428571	0.022727272727272724	1.0	0	0.05555555555555555
a55a6e022b57	0.49546482736881214	0.4707934594675118	0.543831182145409	0.49049628073118345	0.5423734361992897	0.02702702702702703	0.043478260869565216	0.022727272727272724	1.0	1	1.0
fc2a43593c27	0.34685063529487464	0.32045667405254846	0.5442501860512816	0.5351282859429521	0.4038483762250407	0.04	0.009174311926605505	0.20454545454545453	0.819836637888477	1	0.125
29313eb2c393	0.0	0.0	0.14448153301321734	0.11246238877989302	0.1263542936043644	0.05263157894736842	0.004975124378109453	0.022727272727272724	1.0	0	1.0
a99f19922716	0.0	0.16155788157855885	0.31251587961762084	0.28340860774971316	0.26837194012185417	0.03225806451612903	0.022727272727272728	0.022727272727272724	1.0	0	1.0
411c8b45e11c	0.4821137119607491	0.6572913873004699	0.7215126860696363	0.7190869513271387	0.4659339488260871	0.025	0.003875968992248062	0.022727272727272724	1.0	0	0.5
ff4dcd4e7cbf	0.18324841676456208	0.2598444173170428	0.35384141113454926	0.343702813747676	0.22648770218837871	0.06324110671936758	0.00980392156862745	0.7727272727272727	0.7169883280031308	1	1.0
e40326dfa9b6	0.650848639992007	0.6978926532612499	0.7844671428377498	0.7844676544062703	0.0	0.029411764705882353	0.006289308176100629	0.022727272727272724	0.819836637888477	0	1.0
a7e11c8e76c9	0.0	0.0	0.08225672366991757	0.06222484992148576	0.0631771468021822	0.015873015873015872	0.2	0.022727272727272724	0.819836637888477	0	0.015625
6825565854d6	0.31221641060425004	0.3403361388061225	0.5148353537065401	0.514835689442157	0.0	0.09417040358744395	0.014084507042253521	1.0	0.819836637888477	1	1.0
32b89f63cf8e	0.2684540782735666	0.3403361388061225	0.39110795471465654	0.37542884078350797	0.29696037010780774	0.03007518796992481	0.015625	0.11363636363636362	0.7169883280031308	0	1.0
315136e13a9f	0.0	0.0	0.14448153301321734	0.1350232575556277	0.0631771468021822	0.047619047619047616	0.004524886877828055	0.0909090909090909	0.7169883280031308	0	0.125
3a77553061f9	0.0	0.11816600049205804	0.1530376635625889	0.11246238877989302	0.14669279211481012	0.058823529411764705	0.008547008547008548	0.022727272727272724	1.0	0	0.09090909090909091
0c30b6632f78	0.0	0.2310675454387666	0.2941939488754821	0.21526261328334842	0.315885734010911	0.05454545454545455	0.024390243902439025	0.5454545454545454	0.5916741449658187	0	0.3333333333333333
67ebaf1a10cb	0.06763153833293722	0.19396770503618765	0.3747406889609206	0.3740477138126567	0.0631771468021822	0.025	0.0056179775280898875	0.022727272727272724	1.0	0	0.08333333333333333
e8451ed3f7b0	0.23123375686324976	0.17877825722756366	0.2569438484539261	0.2431056809714042	0.1633105553861965	0.058823529411764705	0.01282051282051282	0.04545454545454545	1.0	0	1.0
4d36a0faa1b4	0.0	0.19396770503618765	0.2460491115198026	0.18088083104991842	0.25823423997013745	0.031198686371100164	0.05555555555555555	0.9545454545454545	0.2641201612339208	0	0.05555555555555555
87231505d3b5	0.1156168784316249	0.19396770503618765	0.30072565970853826	0.2543417618564522	0.28966484899056094	0.032407407407407406	0.013888888888888888	0.22727272727272724	0.7169883280031308	1	0.14285714285714285
7012373d248c	0.15283719984194166	0.38951777658204884	0.4696040689005133	0.4676632944921593	0.2002668171680286	0.05128205128205128	0.006172839506172839	0.25	0.349874180651983	0	1.0
78494d510c1b	0.06763153833293722	0.17877825722756366	0.3311559610431165	0.2569440160127405	0.34896288456876257	0.014492753623188406	0.007194244604316547	0.022727272727272724	1.0	0	1.0
b7ae67e1f58b	0.0	0.11816600049205804	0.1350231695040073	0.0822567773113617	0.14669279211481012	0.022988505747126436	0.007042253521126761	0.06818181818181818	1.0	0	0.14285714285714285
5de6516ba790	0.06763153833293722	0.35346216255331403	0.31388646232954215	0.3022871383432432	0.2002668171680286	0.023809523809523808	0.003952569169960474	0.022727272727272724	1.0	0	0.5
78e10891a932	0.9624157703013159	0.7652006926941957	0.6945972537553731	0.6102611881517791	0.7232593244353094	0.014925373134328358	0.009523809523809525	0.022727272727272724	0.6457112531348923	1	0.043478260869565216
ec9db3d2acf6	0.0	0.08938912861378186	0.16084879876695327	0.15303776336186264	0.0631771468021822	0.02631578947368421	0.012048192771084338	0.022727272727272724	1.0	1	1.0
a436501eca32	0.1156168784316249	0.14167841682498472	0.16803434660440356	0.11246238877989302	0.17736067403666203	0.05172413793103449	0.0049504950495049506	0.0909090909090909	0.7169883280031308	0	0.022222222222222223
53a34a54de36	0.28435180646288283	0.45476387023436265	0.43308479325193416	0.3712200317770567	0.4400783763444305	0.016129032258064516	0.005128205128205128	0.022727272727272724	1.0	0	0.1111111111111111
33e01910f0e5	0.18324841676456208	0.052289288211202906	0.223073608110253	0.21526261328334842	0.1001334085840143	0.09417040358744395	0.038461538461538464	1.0	1.0	1	0.2
885fb0553609	0.1156168784316249	0.2759856130067989	0.3437025896115514	0.3386863421603142	0.1633105553861965	0.027586206896551724	0.006493506493506494	0.11363636363636362	0.7169883280031308	0	0.08333333333333333
abafffb7abb6	0.0	0.14167841682498472	0.25434159599462464	0.25166181710041935	0.0631771468021822	0.05454545454545455	0.005319148936170213	0.0909090909090909	0.7169883280031308	0	0.125
54f743752992	0.06763153833293722	0.14167841682498472	0.20670634235651703	0.1921169119349664	0.1263542936043644	0.014925373134328358	0.004048582995951417	0.022727272727272724	1.0	0	0.011764705882352941
db5695982144	0.06763153833293722	0.16155788157855885	0.19724797884730702	0.16084890366004248	0.17736067403666203	0.035897435897435895	0.00847457627118644	0.22727272727272724	0.7169883280031308	1	0.5
14100b900c82	0.5700764593352821	0.6055923118016743	0.6130717702719106	0.6036623386377155	0.4758111921542724	0.014925373134328358	0.0051813471502590676	0.022727272727272724	1.0	0	0.03225806451612903
3faa124feb6f	0.1156168784316249	0.3575565144551274	0.39394009570896044	0.3333728694339155	0.3994013793235389	0.017543859649122806	0.018518518518518517	0.022727272727272724	0.819836637888477	0	0.5
9de8383ec493	0.23123375686324976	0.20755512910583993	0.40039351465970996	0.38075018992863535	0.3240534661514722	0.061946902654867256	0.011764705882352941	0.6818181818181818	0.7169883280031308	1	1.0
fb93d060725d	0.18324841676456208	0.2413899532786789	0.32772478834659746	0.31251608341619624	0.2337832233056255	0.05555555555555555	0.004347826086956522	0.04545454545454545	1.0	0	0.5
28bcba73b7d4	0.32457761273795777	0.49923493128011215	0.5338462985118493	0.5019111893295535	0.49565567668357274	0.014925373134328358	0.004	0.022727272727272724	1.0	0	0.030303030303030304
1356398a7395	0.1156168784316249	0.20755512910583993	0.35809677761426034	0.3446733257124728	0.2527085872087288	0.027586206896551724	0.005050505050505051	0.11363636363636362	0.7169883280031308	0	0.02702702702702703
d8fef01722d7	0.2089607343063329	0.3032362984035436	0.3982935025521068	0.3668041506363452	0.35836764855415176	0.05263157894736842	0.004310344827586207	0.022727272727272724	1.0	0	0.3333333333333333
b26522d1611c	0.0	0.0	0.09862398942365351	0.0822567773113617	0.0631771468021822	0.038461538461538464	0.009259259259259259	0.022727272727272724	1.0	0	0.3333333333333333
525251d47bfd	0.2089607343063329	0.4923369634710196	0.5567195371404215	0.5274012407164037	0.512273439954959	0.021582733812949638	0.006944444444444444	0.0909090909090909	0.7169883280031308	0	1.0
8c785f3c3beb	0.0	0.052289288211202906	0.1866744280298992	0.16803445618334878	0.1263542936043644	0.014925373134328358	0.0125	0.022727272727272724	1.0	0	0.125
fbb4d5aa821d	0.06763153833293722	0.052289288211202906	0.12444961868659946	0.11246238877989302	0.0631771468021822	0.0860655737704918	0.030303030303030304	1.0	0.819836637888477	1	0.015625
2f9556adf482	0.0	0.20755512910583993	0.29913674347060804	0.29587216121567017	0.1001334085840143	0.05454545454545455	0.005714285714285714	0.0909090909090909	0.7169883280031308	0	0.16666666666666666
2d9d6d6bdcf8	0.06763153833293722	0.19396770503618765	0.3813934671405255	0.29587216121567017	0.4070467870754001	0.032407407407407406	0.01818181818181818	0.22727272727272724	0.7169883280031308	1	0.3333333333333333
fcc8d5c5b79a	0.23123375686324976	0.16155788157855885	0.23691193412730824	0.18667454976445727	0.2337832233056255	0.02702702702702703	0.008620689655172414	0.022727272727272724	1.0	1	0.024390243902439025
bb2cae300f3b	0.1156168784316249	0.19396770503618765	0.23691193412730824	0.21526261328334842	0.17736067403666203	0.021739130434782608	0.14285714285714285	0.0909090909090909	0.819836637888477	0	0.25
030c3057aeeb	0.06763153833293722	0.28335683364996944	0.35641875821878183	0.2975193905947101	0.3601375169099899	0.031007751937984496	0.010101010101010102	0.11363636363636362	0.819836637888477	1	0.5
3ed00e38a873	0.0	0.14167841682498472	0.1808807130935711	0.18088083104991842	0.0	0.058823529411764705	0.010526315789473684	0.022727272727272724	1.0	0	0.3333333333333333
129b5aed937e	0.0	0.0	0.06222480934329974	0.06222484992148576	0.0	0.05263157894736842	0.02	0.04545454545454545	0.819836637888477	0	0.07142857142857142
efad8bd05876	0.0	0.11816600049205804	0.2460491115198026	0.1444816272328475	0.28173416602494156	0.05172413793103449	0.007874015748031496	0.0909090909090909	0.7169883280031308	0	0.03571428571428571
5cfc039fcf35	0.15283719984194166	0.14167841682498472	0.30827392086310235	0.2754236600741	0.2730470857191745	0.041666666666666664	0.004219409282700422	0.022727272727272724	1.0	0	0.25
b8c02c64be7c	0.1156168784316249	0.3092355778889529	0.4626183240030097	0.46261862568673695	0.0	0.04838709677419355	0.009615384615384616	0.1818181818181818	0.819836637888477	1	0.14285714285714285
acef0e51c611	0.0	0.052289288211202906	0.24889923737319897	0.2067064771543332	0.2337832233056255	0.05172413793103449	0.0043859649122807015	0.0909090909090909	0.7169883280031308	0	0.05263157894736842
b19acc296647	0.0	0.0	0.19724797884730702	0.1444816272328475	0.2002668171680286	0.015873015873015872	0.125	0.022727272727272724	0.819836637888477	0	0.0625
f55451afeac8	0.15283719984194166	0.26816738584134553	0.32293584370148376	0.28714962748127176	0.29338558422962024	0.015873015873015872	0.004629629629629629	0.022727272727272724	1.0	0	0.3333333333333333
c8e6d9debe86	0.1156168784316249	0.20755512910583993	0.3916815759881601	0.38877635184434883	0.1633105553861965	0.05357142857142857	0.016129032258064516	0.1818181818181818	0.819836637888477	1	1.0
82baad1f07c0	0.0	0.14167841682498472	0.2907407760749784	0.23364731129418437	0.29338558422962024	0.01818181818181818	0.08333333333333333	0.022727272727272724	0.819836637888477	0	1.0
a2f859f65852	0.5466274044296261	0.6495717166950754	0.5951273785451796	0.5314684550550342	0.6057876321764136	0.014925373134328358	0.005076142131979695	0.022727272727272724	0.5484966740038834	0	0.3333333333333333
2bc794b05dce	0.06763153833293722	0.21984644927517105	0.3950483989694681	0.39053089920676354	0.2002668171680286	0.031198686371100164	0.04	0.9545454545454545	0.2641201612339208	0	0.5
74877d4e1c6f	0.2684540782735666	0.32045667405254846	0.41474925665589546	0.3893650194120798	0.35836764855415176	0.02702702702702703	0.009900990099009901	0.022727272727272724	1.0	1	0.3333333333333333
4e4ed1e9b02b	0.392209151070895	0.35346216255331403	0.5043886115000714	0.43731039589887094	0.5170970710964781	0.014492753623188406	0.027777777777777776	0.022727272727272724	1.0	0	0.125
1c3b774c2681	0.0	0.0	0.03639918008035379	0.0	0.0631771468021822	0.05263157894736842	0.0196078431372549	0.04545454545454545	0.819836637888477	0	1.0
ae1fc297c6fb	0.2684540782735666	0.32572112959789795	0.4106783182874895	0.38877635184434883	0.34281592499532165	0.01639344262295082	0.0038314176245210726	0.022727272727272724	1.0	0	0.16666666666666666
c8196ea006dc	0.0	0.14167841682498472	0.1746871247840085	0.11246238877989302	0.1895314404065466	0.047619047619047616	0.00684931506849315	0.0909090909090909	0.7169883280031308	0	0.1
3609c4fce914	0.1156168784316249	0.0	0.06222480934329974	0.036399203817070964	0.0631771468021822	0.015873015873015872	0.3333333333333333	0.022727272727272724	0.819836637888477	0	0.010752688172043012
21da480a2dc7	0.18324841676456208	0.25094701019234067	0.31251587961762084	0.2975193905947101	0.21855701922275933	0.015873015873015872	0.058823529411764705	0.022727272727272724	0.819836637888477	0	0.047619047619047616
f13033d66683	0.5906316510843043	0.6671579401144331	0.6733332116066469	0.6691433002686458	0.4659339488260871	0.014925373134328358	0.0041841004184100415	0.022727272727272724	1.0	0	0.027777777777777776
1f74053488c5	0.1156168784316249	0.3403361388061225	0.3916815759881601	0.3417297347099609	0.3845885335745019	0.05454545454545455	0.011111111111111112	0.5454545454545454	0.5916741449658187	0	0.5
f0a5dd51552e	0.0	0.052289288211202906	0.09862398942365351	0.0822567773113617	0.0631771468021822	0.015873015873015872	0.01639344262295082	0.022727272727272724	0.819836637888477	0	0.017543859649122806
313ca82fe335	0.0	0.0	0.0	0.0	0.0	0.0	0.0	0.0	0.0	0	0.0
656a27790c32	0.4821137119607491	0.6349567074868508	0.7356448225268482	0.7344098095155478	0.4197398778339847	0.03333333333333333	0.03333333333333333	0.022727272727272724	1.0	0	0.3333333333333333
3d8c257c8ac6	0.33608561660650377	0.4850490780504972	0.45419182730123314	0.3928181944644745	0.46085332591897055	0.0196078431372549	0.005208333333333333	0.022727272727272724	1.0	0	1.0
2084edd78093	0.18324841676456208	0.37274596226375134	0.42114897920955413	0.3933810269187905	0.37164860351436985	0.015625	0.005235602094240838	0.022727272727272724	1.0	0	0.2
a6ebacc9d306	0.06763153833293722	0.08938912861378186	0.16803434660440356	0.16803445618334878	0.0	0.04838709677419355	0.012658227848101266	0.1818181818181818	0.819836637888477	1	0.0625
6ff62eb1cb80	0.25087995509749933	0.3956599494367154	0.48857358711355064	0.48023125716789555	0.34067122942285855	0.036036036036036036	0.004651162790697674	0.20454545454545453	0.819836637888477	0	1.0
1d4b118142c3	0.06763153833293722	0.2413899532786789	0.3813934671405255	0.34937447740275757	0.34281592499532165	0.027586206896551724	0.006578947368421052	0.11363636363636362	0.7169883280031308	0	0.05
a9037c382b1f	0.298865295196187	0.3092355778889529	0.41948649792296083	0.401425643245588	0.33622423252135675	0.05555555555555555	0.007462686567164179	0.022727272727272724	1.0	0	1.0
324ace413314	0.0	0.29694425771962174	0.346583203298102	0.2975193905947101	0.33847484949608225	0.05454545454545455	0.005649717514124294	0.0909090909090909	0.7169883280031308	0	0.3333333333333333
c4a8bea2a07e	0.36649683352912416	0.3615248661001558	0.4156293757040912	0.4034544636588299	0.3004002257520429	0.014925373134328358	0.004166666666666667	0.022727272727272724	1.0	0	0.16666666666666666
0bfbad79b7bd	0.06763153833293722	0.20755512910583993	0.2733111142076621	0.23025930610483455	0.25823423997013745	0.0590717299578059	0.009345794392523364	0.6818181818181818	0.7169883280031308	1	1.0
b660de30f8bd	0.0	0.0	0.03639918008035379	0.0	0.0631771468021822	0.01818181818181818	0.1111111111111111	0.022727272727272724	0.819836637888477	0	0.0625
f897bded373c	0.06763153833293722	0.3092355778889529	0.35809677761426034	0.3417297347099609	0.26837194012185417	0.030303030303030304	0.005952380952380952	0.022727272727272724	1.0	0	0.022222222222222223
805d879dc0cf	0.06763153833293722	0.25094701019234067	0.29248396529100307	0.22673840454420918	0.3037149676410264	0.027586206896551724	0.005291005291005291	0.11363636363636362	0.7169883280031308	0	0.07142857142857142
f2258c95c059	0.0	0.0	0.03639918008035379	0.0	0.0631771468021822	0.031198686371100164	0.00546448087431694	0.9545454545454545	0.2641201612339208	0	0.047619047619047616
8bcee4facc8b	0.06763153833293722	0.16155788157855885	0.20210167028488468	0.1350232575556277	0.21855701922275933	0.03225806451612903	0.00909090909090909	0.022727272727272724	1.0	0	0.012658227848101266
2e4b2bb8609f	0.0	0.0	0.12444961868659946	0.0986240537385567	0.1001334085840143	0.03225806451612903	0.023255813953488372	0.022727272727272724	1.0	0	0.022727272727272728
ee1fab423035	0.1156168784316249	0.14167841682498472	0.16803434660440356	0.1444816272328475	0.1263542936043644	0.014925373134328358	0.004016064257028112	0.022727272727272724	1.0	0	0.006756756756756757
f9500015840d	0.5155855633261326	0.6600228926460963	0.6162671596095013	0.5574445982314135	0.6222078973068437	0.030303030303030304	0.004739336492890996	0.022727272727272724	0.819836637888477	0	0.05263157894736842
970c4549165a	0.0	0.14167841682498472	0.1921167866513249	0.1444816272328475	0.1895314404065466	0.014492753623188406	0.03225806451612903	0.022727272727272724	1.0	0	0.07692307692307693
2ac68f59b417	0.0	0.2413899532786789	0.29913674347060804	0.2543417618564522	0.2857857377665804	0.1	0.005813953488372093	0.022727272727272724	1.0	0	1.0
953051fb655a	0.0	0.11816600049205804	0.1350231695040073	0.0822567773113617	0.14669279211481012	0.047619047619047616	0.02564102564102564	0.022727272727272724	1.0	0	0.07692307692307693
a239f9ec0c0e	0.8374331659063003	0.8409074680823564	0.9499762973278433	0.9499769168285749	0.0	0.06465517241379311	0.0044444444444444444	0.75	1.0	0	1.0
c2037d594c2e	0.15283719984194166	0.2598444173170428	0.33764828980760514	0.31251608341619624	0.28173416602494156	0.038461538461538464	0.012345679012345678	0.1818181818181818	1.0	0	0.16666666666666666
acb14eef2d73	0.1156168784316249	0.32045667405254846	0.3893647654986319	0.3407266909519464	0.38047601542043563	0.041666666666666664	0.006024096385542169	0.022727272727272724	0.5916741449658187	0	1.0
fae49fe4100a	0.0	0.052289288211202906	0.1866744280298992	0.16084890366004248	0.14669279211481012	0.025	0.005376344086021506	0.022727272727272724	1.0	0	0.3333333333333333
08d37c9166a8	0.0	0.17877825722756366	0.2110863048643623	0.18667454976445727	0.1633105553861965	0.015625	0.006097560975609756	0.022727272727272724	1.0	0	0.2
8475b20f280d	0.39996868489450776	0.5845297079920807	0.6530403878304294	0.6528539843173897	0.17736067403666203	0.02142857142857143	0.004366812227074236	0.0909090909090909	0.7169883280031308	0	0.3333333333333333
25fb75d5ed7b	0.0	0.08938912861378186	0.24310552243687084	0.21526261328334842	0.2002668171680286	0.1	0.011363636363636364	0.022727272727272724	1.0	0	0.3333333333333333
5b47d761d33c	0.18324841676456208	0.20755512910583993	0.3547087746343028	0.35028587083897605	0.1633105553861965	0.0860655737704918	0.014285714285714285	1.0	0.819836637888477	1	0.01818181818181818
f1fdee5a67f3	0.8661846686659406	0.6832776440530254	0.8165654700218236	0.7476465557578882	0.8353975207855459	0.05	0.025	0.022727272727272724	1.0	1	1.0
e1e0b0777b3b	0.06763153833293722	0.08938912861378186	0.1866744280298992	0.16803445618334878	0.1263542936043644	0.014925373134328358	0.004098360655737705	0.022727272727272724	1.0	0	0.010752688172043012
daaac468f78b	0.0	0.32045667405254846	0.22673825668313485	0.21108644251844974	0.14669279211481012	0.032407407407407406	0.029411764705882353	0.22727272727272724	0.7169883280031308	1	0.06666666666666667
6740d85a98b3	0.0	0.11816600049205804	0.16803434660440356	0.11246238877989302	0.17736067403666203	0.07924528301886792	0.014705882352941176	1.0	0.819836637888477	1	0.5
5628706a2c7e	0.2684540782735666	0.42972526741990447	0.56455340792142	0.5527211306526693	0.4464153541028635	0.030303030303030304	0.008695652173913044	0.022727272727272724	0.819836637888477	0	1.0
1a2675ebc8be	0.0	0.11816600049205804	0.1350231695040073	0.0822567773113617	0.14669279211481012	0.05172413793103449	0.0078125	0.0909090909090909	0.7169883280031308	0	0.034482758620689655
48cdcb685705	0.1156168784316249	0.2413899532786789	0.3300267458539839	0.3229360542951501	0.17736067403666203	0.06840390879478828	0.010752688172043012	1.0	0.819836637888477	1	1.0
d1d2b300b5ac	0.0	0.052289288211202906	0.06222480934329974	0.06222484992148576	0.0	0.015873015873015872	0.012195121951219513	0.022727272727272724	0.819836637888477	0	0.010309278350515464
1d591fee2606	0.0	0.19396770503618765	0.30072565970853826	0.2543417618564522	0.28966484899056094	0.015625	0.0045871559633027525	0.022727272727272724	1.0	0	0.0196078431372549
180776201731	0.298865295196187	0.4741003394381032	0.5813088150871166	0.5764055357755102	0.3872306129536544	0.049180327868852465	0.006211180124223602	0.5454545454545454	0.5916741449658187	0	0.3333333333333333
eb4c6f795afc	0.0	0.28335683364996944	0.19724797884730702	0.1972481074771134	0.0	0.02702702702702703	0.03125	0.022727272727272724	1.0	1	0.023809523809523808
d14e12f80210	0.2089607343063329	0.28335683364996944	0.3813934671405255	0.3191688659342263	0.38852347656524444	0.023529411764705882	0.006622516556291391	0.06818181818181818	0.819836637888477	0	1.0
eb0d59e141ba	0.0	0.052289288211202906	0.1350231695040073	0.11246238877989302	0.1001334085840143	0.05263157894736842	0.02040816326530612	0.04545454545454545	0.819836637888477	0	0.2
493703d05279	0.6949993308151405	0.8309406848429126	0.8581113098000227	0.8580960291375812	0.1633105553861965	0.02564102564102564	0.003861003861003861	0.04545454545454545	0.5127778372010168	0	1.0
a6b6e3cf36a4	0.9011660316653285	1.0	1.0	1.0	0.0631771468021822	0.04565217391304348	0.004405286343612335	1.0	0.20523098471151385	0	1.0
15df29c7d7db	0.18324841676456208	0.3149681328686091	0.485208001769834	0.4615747594784907	0.4233146637121721	0.01818181818181818	0.012987012987012988	0.04545454545454545	0.30512359646890397	0	0.5
11221360b995	0.0	0.32045667405254846	0.3253622461067884	0.1921169119349664	0.37164860351436985	0.023529411764705882	0.006329113924050633	0.06818181818181818	1.0	0	0.25
e04b56dad3ce	0.0	0.052289288211202906	0.16803434660440356	0.15303776336186264	0.1001334085840143	0.05454545454545455	0.004291845493562232	0.5454545454545454	0.5916741449658187	0	1.0
c0777eb25f14	0.06763153833293722	0.20755512910583993	0.32772478834659746	0.31251608341619624	0.2337832233056255	0.015625	0.006060606060606061	0.022727272727272724	1.0	0	0.16666666666666666
a89f90129c0d	0.0	0.0	0.12444961868659946	0.11246238877989302	0.0631771468021822	0.041666666666666664	0.004201680672268907	0.022727272727272724	1.0	0	1.0
a3bcc6676c47	0.06763153833293722	0.20755512910583993	0.3475232267968525	0.3407266909519464	0.1895314404065466	0.03125	0.007692307692307693	0.022727272727272724	1.0	0	1.0
b659692588df	0.0	0.0	0.06222480934329974	0.036399203817070964	0.0631771468021822	0.048	0.05	0.4545454545454545	0.7169883280031308	0	0.02702702702702703
7a6fa0f8e860	0.4073832343197421	0.4789069051958307	0.49030556541181364	0.422781507587797	0.5032555231466126	0.05172413793103449	0.004878048780487805	0.0909090909090909	0.6457112531348923	0	0.14285714285714285
4bcbfd0e4386	0.15283719984194166	0.3403361388061225	0.4578222707207731	0.45419212348985394	0.2405378208388442	0.048	0.01098901098901099	0.4545454545454545	0.7169883280031308	0	0.2
2728bff12ca2	0.15283719984194166	0.26816738584134553	0.40833428371166935	0.4059276636691618	0.1633105553861965	0.03007518796992481	0.017543859649122806	0.11363636363636362	0.7169883280031308	0	0.1
3bba4cd96313	0.18324841676456208	0.19396770503618765	0.382032412356413	0.3668041506363452	0.2857857377665804	0.05357142857142857	0.021739130434782608	0.1818181818181818	0.819836637888477	1	1.0
25901b86d2de	0.0	0.052289288211202906	0.2733111142076621	0.23025930610483455	0.25823423997013745	0.048	0.004149377593360996	0.4545454545454545	0.7169883280031308	0	0.06666666666666667
2e832ebf0235	0.0	0.0	0.09862398942365351	0.06222484992148576	0.1001334085840143	0.04580152671755725	0.017857142857142856	0.4545454545454545	0.7169883280031308	0	0.16666666666666666
ba6746cffef4	0.06763153833293722	0.2310675454387666	0.2110863048643623	0.18088083104991842	0.17736067403666203	0.021739130434782608	0.07142857142857142	0.0909090909090909	0.819836637888477	0	0.3333333333333333
caf028883cab	0.06763153833293722	0.052289288211202906	0.27748728224918834	0.268931327075819	0.14669279211481012	0.015873015873015872	0.016666666666666666	0.022727272727272724	0.819836637888477	0	0.010416666666666666
afa073274618	0.7840396415996993	0.8441891019595081	0.8869796960717886	0.8733079103306942	0.7853700477380463	0.02564102564102564	0.00390625	0.022727272727272724	0.5127778372010168	0	1.0
066ef6da3eae	0.0	0.0	0.08225672366991757	0.0822567773113617	0.0	0.05	0.008064516129032258	0.04545454545454545	0.819836637888477	0	0.2
1635bfd3831c	0.0	0.17877825722756366	0.3253622461067884	0.3053305308928899	0.2527085872087288	0.058823529411764705	0.008403361344537815	0.022727272727272724	1.0	0	1.0
8f492e69aa21	0.0	0.0	0.16084879876695327	0.12444969984297151	0.14669279211481012	0.048	0.020833333333333332	0.4545454545454545	0.7169883280031308	0	0.25
f7d5709ee3bd	0.0	0.0	0.06222480934329974	0.036399203817070964	0.0631771468021822	0.04838709677419355	0.022222222222222223	0.1818181818181818	0.819836637888477	1	1.0
42043a5811a3	0.06763153833293722	0.32572112959789795	0.34937424956801705	0.3038217309667262	0.33622423252135675	0.030303030303030304	0.006535947712418301	0.022727272727272724	1.0	0	0.025
227528c6f76c	0.06763153833293722	0.16155788157855885	0.2711478426908739	0.22673840454420918	0.25823423997013745	0.043010752688172046	0.023809523809523808	0.20454545454545453	1.0	1	0.3333333333333333
92915ddbc36f	0.0	0.19396770503618765	0.11246231544070878	0.11246238877989302	0.0	0.0860655737704918	0.037037037037037035	1.0	0.819836637888477	1	0.03333333333333333
30b89717bac5	0.0	0.0	0.03639918008035379	0.0	0.0631771468021822	0.032407407407407406	0.011904761904761904	0.22727272727272724	0.7169883280031308	1	1.0
25bd88d965e8	0.25087995509749933	0.3403361388061225	0.46517608744321615	0.45971826679794364	0.28173416602494156	0.022058823529411763	0.015873015873015872	0.0909090909090909	0.819836637888477	0	1.0
fc2f87a798bb	0.1156168784316249	0.14167841682498472	0.26665833602805705	0.23691208862286453	0.22648770218837871	0.047619047619047616	0.007575757575757576	0.0909090909090909	0.6457112531348923	0	1.0
45942c5c979a	0.47257969441062464	0.4757225149471854	0.5290251978983216	0.5205931441762384	0.3818675746089558	0.022222222222222223	0.0038910505836575876	0.022727272727272724	1.0	0	0.25
bde560f59f66	0.06763153833293722	0.08938912861378186	0.24889923737319897	0.22307375358152826	0.2002668171680286	0.015873015873015872	0.008771929824561403	0.022727272727272724	0.819836637888477	0	0.07142857142857142
04b13382be1d	0.15283719984194166	0.2598444173170428	0.2733111142076621	0.2643266520013773	0.14669279211481012	0.014705882352941176	0.003937007874015748	0.022727272727272724	1.0	0	0.5
8559551465d2	1.0	0.9192997660272638	0.9469898526770555	0.9469904702302598	0.0	0.05864197530864197	0.008333333333333333	0.909090909090909	0.43339347763417224	1	1.0
6d1de89ec39b	0.1156168784316249	0.17877825722756366	0.16803434660440356	0.1444816272328475	0.1263542936043644	0.0590717299578059	0.011627906976744186	0.6818181818181818	0.7169883280031308	1	0.1
2827f3168d5e	0.0	0.052289288211202906	0.1350231695040073	0.12444969984297151	0.0631771468021822	0.015873015873015872	0.041666666666666664	0.022727272727272724	0.819836637888477	0	0.047619047619047616
f6bb03e86f90	0.06763153833293722	0.25094701019234067	0.30971029428801583	0.2543417618564522	0.31000334750100667	0.015625	0.005681818181818182	0.022727272727272724	1.0	0	0.25
35b7b196ea28	0.4144821736278119	0.4850490780504972	0.6132173062516808	0.61238986453018	0.2634439639702108	0.05263157894736842	0.005154639175257732	0.04545454545454545	0.819836637888477	0	1.0
f8c46025e279	0.0	0.052289288211202906	0.03639918008035379	0.0	0.0631771468021822	0.032407407407407406	0.25	0.22727272727272724	0.7169883280031308	1	0.0625
11707f6c16f9	0.06763153833293722	0.3448615593629846	0.3966856131715804	0.34752345342449975	0.38852347656524444	0.048	0.00423728813559322	0.4545454545454545	0.7169883280031308	0	0.05263157894736842
4f31df7b30bb	0.4624675137264996	0.4707934594675118	0.5224771316400801	0.4671713947276991	0.5231554705797604	0.020833333333333332	0.0072992700729927005	0.0909090909090909	0.6457112531348923	0	0.02631578947368421
d4c17b46ab3c	0.1156168784316249	0.3149681328686091	0.3529655854182781	0.3407266909519464	0.2405378208388442	0.04838709677419355	0.013157894736842105	0.1818181818181818	0.819836637888477	1	0.1
60d57bf5df89	0.06763153833293722	0.2598444173170428	0.3386861212955405	0.33764850999558577	0.0631771468021822	0.05454545454545455	0.005405405405405406	0.5454545454545454	0.5484966740038834	0	0.16666666666666666
9519a4901110	0.18324841676456208	0.20755512910583993	0.29913674347060804	0.268931327075819	0.25823423997013745	0.018518518518518517	1.0	0.022727272727272724	0.819836637888477	0	1.0
479e8e84888c	0.4624675137264996	0.4151102582116798	0.604145889134063	0.5304992528484446	0.6237760281395255	0.027777777777777776	0.02702702702702703	0.022727272727272724	0.5916741449658187	0	1.0
40f4a43d0a51	0.2089607343063329	0.29694425771962174	0.44981186479338786	0.4400206842355211	0.315885734010911	0.015873015873015872	0.0625	0.022727272727272724	0.819836637888477	0	1.0
a5aa40c05edd	0.5117509140505785	0.6395629561582741	0.7075388559908385	0.7074545233159374	0.1633105553861965	0.01639344262295082	0.003816793893129771	0.022727272727272724	1.0	0	1.0
2c51582762ea	0.06763153833293722	0.20755512910583993	0.27748728224918834	0.2431056809714042	0.24682620069882444	0.1111111111111111	0.013513513513513514	0.06818181818181818	0.819836637888477	1	1.0
19bcb5a6573d	0.1156168784316249	0.28335683364996944	0.32772478834659746	0.28714962748127176	0.30691337849138584	0.015625	0.0058823529411764705	0.022727272727272724	1.0	0	1.0
1d2c3fca8353	0.15283719984194166	0.17877825722756366	0.2907407760749784	0.2733112924399355	0.20986993891699235	0.032407407407407406	0.008849557522123894	0.22727272727272724	0.7169883280031308	1	1.0
a1df45a038cc	0.0	0.0	0.16084879876695327	0.1444816272328475	0.1001334085840143	0.02702702702702703	0.01	0.022727272727272724	1.0	1	0.02040816326530612
3bede0725dfe	0.0	0.052289288211202906	0.1530376635625889	0.15303776336186264	0.0	0.09417040358744395	0.014492753623188406	1.0	1.0	1	0.3333333333333333
07c8046b28eb	0.18324841676456208	0.25094701019234067	0.2689311516998168	0.21925311390470442	0.2634439639702108	0.05	0.02631578947368421	0.022727272727272724	1.0	0	0.02857142857142857
427b8d140369	0.15283719984194166	0.25094701019234067	0.4312638094383395	0.42978023073586147	0.14669279211481012	0.01818181818181818	0.09090909090909091	0.022727272727272724	0.819836637888477	0	0.14285714285714285
cdba21b47239	0.15283719984194166	0.20755512910583993	0.32655128897148417	0.3265515019228631	0.0	0.019230769230769232	0.00625	0.022727272727272724	0.7169883280031308	0	1.0
efe0d828766c	0.0	0.14167841682498472	0.37193510363131554	0.3111242496074288	0.37762749120469064	0.05172413793103449	0.004608294930875576	0.0909090909090909	0.7169883280031308	0	1.0
d6323cdb74c5	0.2089607343063329	0.29694425771962174	0.4092792547936479	0.4083345499955632	0.1001334085840143	0.04838709677419355	0.009708737864077669	0.1818181818181818	0.819836637888477	1	0.16666666666666666
59539dbe627a	0.15283719984194166	0.3403361388061225	0.42712267414803223	0.4251755556614198	0.1633105553861965	0.049180327868852465	0.007751937984496124	0.5454545454545454	0.5916741449658187	0	0.047619047619047616
fcb697bbaa80	0.49968783513681636	0.5412764204197901	0.5034057028794717	0.4416739811001098	0.5109428271788663	0.026845637583892617	0.004807692307692308	0.11363636363636362	0.7169883280031308	0	0.2
74a7ac1e7541	0.392209151070895	0.4585021392981806	0.5868731402467455	0.5866782967522381	0.1263542936043644	0.125	0.007352941176470588	0.022727272727272724	1.0	0	1.0
72c8d3154eb4	0.0	0.052289288211202906	0.26665833602805705	0.23364731129418437	0.2337832233056255	0.02127659574468085	0.06666666666666667	0.0909090909090909	0.819836637888477	0	0.0625
870bdb7ff9c8	0.1156168784316249	0.2413899532786789	0.35384141113454926	0.346583429312739	0.2002668171680286	0.03220338983050847	0.004464285714285714	0.9545454545454545	0.2641201612339208	0	1.0
46e62ca0de5b	0.06763153833293722	0.25094701019234067	0.3529655854182781	0.34752345342449975	0.17736067403666203	0.030303030303030304	0.005988023952095809	0.022727272727272724	1.0	0	0.041666666666666664
f4b47e8b4237	0.0	0.0	0.1350231695040073	0.0822567773113617	0.14669279211481012	0.015151515151515152	0.00425531914893617	0.022727272727272724	1.0	0	0.5
035422b7b174	0.18324841676456208	0.08938912861378186	0.2569438484539261	0.24006228842175747	0.17736067403666203	0.014925373134328358	0.00398406374501992	0.022727272727272724	1.0	0	0.008695652173913044
d6ea0db8559d	0.0	0.2310675454387666	0.3484535089441898	0.3265515019228631	0.28173416602494156	0.06666666666666667	0.008928571428571428	0.022727272727272724	1.0	0	1.0
cb24d12576b4	0.18324841676456208	0.25094701019234067	0.3511878753697344	0.32888335984339123	0.2857857377665804	0.05555555555555555	0.004329004329004329	0.022727272727272724	1.0	0	0.2
07de5a904de1	0.15283719984194166	0.16155788157855885	0.32169759753390653	0.3097104962570064	0.20986993891699235	0.05172413793103449	0.0045662100456621	0.0909090909090909	0.7169883280031308	0	1.0
76fa796a79cb	0.06763153833293722	0.2413899532786789	0.43272353954970183	0.42902900055783094	0.21855701922275933	0.02127659574468085	0.1	0.0909090909090909	0.819836637888477	0	1.0
99eb1a5de1b6	0.4401944911695827	0.35346216255331403	0.49849708857455843	0.4366198426291333	0.5061264803815181	0.015625	0.011494252873563218	0.022727272727272724	1.0	0	0.05
fe684ba75284	0.1156168784316249	0.19396770503618765	0.25166165298624243	0.23025930610483455	0.1895314404065466	0.014925373134328358	0.005780346820809248	0.022727272727272724	1.0	0	0.018518518518518517
75e1557189bb	0.0	0.11816600049205804	0.16084879876695327	0.15303776336186264	0.0631771468021822	0.06666666666666667	0.005263157894736842	0.04545454545454545	0.819836637888477	0	0.021739130434782608
ad1c26c40efe	0.6089294192008406	0.9132660095325432	0.8911639020256505	0.8584344020125955	0.8599129960917997	0.015873015873015872	0.01694915254237288	0.022727272727272724	0.819836637888477	0	0.07692307692307693
a31abe20eaad	0.1156168784316249	0.3956599494367154	0.4286507352776374	0.4134129543086664	0.3315490869240364	0.023809523809523808	0.007936507936507936	0.022727272727272724	1.0	0	0.3333333333333333
4f5433c85e8c	0.1156168784316249	0.16155788157855885	0.2754234804643054	0.24006228842175747	0.24682620069882444	0.02702702702702703	0.009433962264150943	0.022727272727272724	1.0	1	0.020833333333333332
8d3383935a74	0.2089607343063329	0.3448615593629846	0.41736414319077336	0.3972250415423424	0.34281592499532165	0.03007518796992481	0.007142857142857143	0.11363636363636362	0.7169883280031308	0	1.0
9bfca09c3c53	0.597730590392374	0.6113504670300618	0.5451858549904106	0.47290343602146634	0.5629016233450879	0.027586206896551724	0.0048543689320388345	0.11363636363636362	0.7169883280031308	0	0.5
f9e8471002d7	0.06763153833293722	0.3149681328686091	0.35726168857966106	0.343702813747676	0.2527085872087288	0.1111111111111111	0.013333333333333334	0.06818181818181818	0.819836637888477	1	1.0
0e7f2128fb6f	0.15283719984194166	0.16155788157855885	0.3322711483513144	0.33227136503274113	0.0	0.04838709677419355	0.047619047619047616	0.1818181818181818	0.819836637888477	1	0.3333333333333333
8870deb3cd89	0.7360543015010115	0.7432839736633603	0.733626838882853	0.6902862430604149	0.720577898491306	0.02976190476190476	0.004761904761904762	0.9772727272727272	0.2508523295824108	0	0.14285714285714285
ca4b3f058b14	0.06763153833293722	0.14167841682498472	0.2889630660264346	0.28714962748127176	0.0631771468021822	0.027586206896551724	0.004694835680751174	0.11363636363636362	0.7169883280031308	0	0.07692307692307693
1482584928f5	0.298865295196187	0.2310675454387666	0.4278899559459768	0.4235866383873218	0.22648770218837871	0.029411764705882353	0.00641025641025641	0.022727272727272724	0.819836637888477	0	0.2
3b2a90971455	0.0	0.2759856130067989	0.223073608110253	0.2067064771543332	0.14669279211481012	0.0196078431372549	0.0053475935828877	0.022727272727272724	1.0	0	0.02631578947368421
a50cdaf71385	0.0	0.17877825722756366	0.2834084229327595	0.2431056809714042	0.2634439639702108	0.05454545454545455	0.0045045045045045045	0.0909090909090909	0.7169883280031308	0	1.0
5dd28ba9855c	0.2089607343063329	0.33077908189246075	0.42478067809446846	0.4156296467452772	0.2857857377665804	0.02112676056338028	0.006369426751592357	0.0909090909090909	0.819836637888477	0	0.3333333333333333
f15277be8b1c	0.427833289035875	0.37274596226375134	0.5071164607072851	0.4413457486232843	0.5186498404460089	0.07692307692307693	0.0047169811320754715	0.022727272727272724	0.43339347763417224	0	0.0625
a91e68adf9db	0.06763153833293722	0.2310675454387666	0.3916815759881601	0.3899498519847272	0.1263542936043644	0.04580152671755725	0.006802721088435374	0.4545454545454545	0.7169883280031308	0	0.1
dd2c4de0cdb1	0.15283719984194166	0.16155788157855885	0.38329681951029215	0.3832970694666971	0.0	0.04838709677419355	0.01020408163265306	0.1818181818181818	0.819836637888477	1	0.2
a90ae029cad6	0.06763153833293722	0.11816600049205804	0.1746871247840085	0.16084890366004248	0.1001334085840143	0.0860655737704918	0.02127659574468085	1.0	0.819836637888477	1	0.06666666666666667
b1e23474d7a8	0.06763153833293722	0.052289288211202906	0.11246231544070878	0.036399203817070964	0.14669279211481012	0.015625	0.007407407407407408	0.022727272727272724	1.0	0	0.14285714285714285
87627c299529	0.06763153833293722	0.2310675454387666	0.31916865779722586	0.30072585581844824	0.2405378208388442	0.014925373134328358	0.010638297872340425	0.022727272727272724	1.0	0	0.01694915254237288
eaf43055f658	0.8352165233556171	0.7015815654631168	0.7270539814176639	0.653475242730424	0.7484385369017538	0.01639344262295082	0.0049261083743842365	0.022727272727272724	0.5484966740038834	0	0.14285714285714285
bbac3d3dec30	0.15283719984194166	0.3492335459308247	0.43731011071919407	0.422781507587797	0.33622423252135675	0.031198686371100164	0.004424778761061947	0.9545454545454545	0.25730251840121854	0	0.1111111111111111
317ac07da1e6	0.32457761273795777	0.4909119627558094	0.5192222219741379	0.4533330596863628	0.5310128561096733	0.01694915254237288	0.006993006993006993	0.022727272727272724	0.7169883280031308	0	1.0
b7033ed58948	0.0	0.0	0.1866744280298992	0.17468723870137876	0.1001334085840143	0.015873015873015872	0.5	0.022727272727272724	0.819836637888477	0	0.03571428571428571
373b81870403	0.06763153833293722	0.17877825722756366	0.2852984174535528	0.2666585099219055	0.20986993891699235	0.030303030303030304	0.006756756756756757	0.022727272727272724	1.0	0	0.03125
0890318f266f	0.0	0.20755512910583993	0.2871494402247173	0.285298603503014	0.0631771468021822	0.043478260869565216	0.004273504273504274	0.1818181818181818	1.0	0	1.0
50aec4be6437	0.0	0.052289288211202906	0.11246231544070878	0.0822567773113617	0.1001334085840143	0.05454545454545455	0.004545454545454545	0.0909090909090909	0.7169883280031308	0	0.14285714285714285
05e86ba380c9	0.1156168784316249	0.21984644927517105	0.3437025896115514	0.3355361423614212	0.2002668171680286	0.02247191011235955	0.018867924528301886	0.06818181818181818	1.0	0	1.0
1c6ed0c751b3	0.0	0.052289288211202906	0.240062131871887	0.1972481074771134	0.22648770218837871	0.0860655737704918	0.017241379310344827	1.0	0.819836637888477	1	0.125
0efab465dc69	0.298865295196187	0.3356461218611724	0.43089513777496785	0.40927952169377846	0.36187367142916144	0.04	0.004081632653061225	0.1818181818181818	1.0	0	0.5
8c31110375c5	0.9350472081371242	0.829080634531919	0.8781007659745617	0.8689093554294399	0.7424025860712729	0.057692307692307696	0.0040650406504065045	0.5454545454545454	0.41306061451697523	0	1.0
5aeede317f15	0.5369081565471331	0.4469456430689092	0.5926627923004109	0.4995352458203567	0.6251263544133461	0.029411764705882353	0.008	0.022727272727272724	0.819836637888477	0	0.125
6ac8cc588638	0.18324841676456208	0.3032362984035436	0.5074320020650553	0.5072747008297303	0.0631771468021822	0.02631578947368421	0.019230769230769232	0.022727272727272724	1.0	1	0.019230769230769232
2d86a6e2f1e0	0.0	0.4250352504749542	0.37812869194087817	0.3229360542951501	0.37762749120469064	0.03125	0.034482758620689655	0.022727272727272724	1.0	0	0.3333333333333333
ded6a85f493b	0.31221641060425004	0.29694425771962174	0.43236082623258804	0.42073651067529483	0.31299198758814106	0.014925373134328358	0.007246376811594203	0.022727272727272724	1.0	0	0.014084507042253521
a53b695cf57b	0.2089607343063329	0.25094701019234067	0.44799823899167057	0.4386757679587653	0.31000334750100667	0.04838709677419355	0.010309278350515464	0.1818181818181818	0.819836637888477	1	0.25
d5e354ff2378	0.0	0.28335683364996944	0.38392240687720625	0.3826670915662682	0.1001334085840143	0.09090909090909091	0.007518796992481203	0.022727272727272724	1.0	0	1.0
be3686c05545	0.18324841676456208	0.19396770503618765	0.29913674347060804	0.2941941407259178	0.1263542936043644	0.1111111111111111	0.011235955056179775	0.022727272727272724	1.0	1	1.0
5bafad827a5e	0.3755152404765367	0.43645520751459366	0.5194980176560676	0.5061634569731308	0.4111438973422875	0.05555555555555555	0.004132231404958678	0.022727272727272724	0.5484966740038834	0	0.5
473e0412d9f3	0.06763153833293722	0.3492335459308247	0.4567207670379138	0.40927952169377846	0.4464153541028635	0.030303030303030304	0.006711409395973154	0.022727272727272724	1.0	0	0.029411764705882353
d5c9f012fb45	0.0	0.0	0.09862398942365351	0.0822567773113617	0.0631771468021822	0.015625	0.00411522633744856	0.022727272727272724	1.0	0	0.027777777777777776
