revisions	files	functions	lines	addLines	deleteLines	pos	time	rf	ibf	isComponent	distance
5a272432b638	0.31221641060425004	0.3956599494367154	0.31787696034860546	0.2569440160127405	0.3240534661514722	0.25	0.011111111111111112	0.3333333333333333	1.0	0	0.2
44a4cf43ec91	0.5587636572410989	0.5213969556662159	0.5879072357574254	0.4747355706819476	0.6297919254157326	0.16666666666666666	0.012987012987012988	1.0	1.0	1	0.14285714285714285
ade58c61d69a	0.0	0.0	0.23364715892766083	0.18088083104991842	0.2337832233056255	0.038461538461538464	0.012345679012345678	0.6666666666666666	1.0	0	0.14285714285714285
3bd528b8e6da	0.15283719984194166	0.2903294102274493	0.39882312900784195	0.3697720732509864	0.3528419957927431	0.05263157894736842	0.03125	0.3333333333333333	0.819836637888477	0	0.1111111111111111
9d23f4c45f93	0.0	0.11816600049205804	0.223073608110253	0.1972481074771134	0.17736067403666203	0.07692307692307693	0.1111111111111111	0.3333333333333333	1.0	0	0.25
ac8b09b99c40	0.0	0.11816600049205804	0.1808807130935711	0.16803445618334878	0.1001334085840143	0.05263157894736842	0.022727272727272728	0.6666666666666666	0.6457112531348923	0	0.06666666666666667
355e1f63f5f7	0.0	0.20755512910583993	0.2795047025172246	0.23364731129418437	0.26837194012185417	0.05263157894736842	0.0625	0.3333333333333333	0.819836637888477	0	0.010638297872340425
8704804c47ad	0.0	0.2310675454387666	0.3152364339923866	0.2569440160127405	0.31869042780677365	0.038461538461538464	0.011363636363636364	0.6666666666666666	1.0	0	0.05555555555555555
a32c31c1d811	0.298865295196187	0.46566849690770495	0.5462141757861175	0.5334939095215405	0.43405004047365414	0.0625	0.01818181818181818	0.3333333333333333	1.0	0	0.041666666666666664
4bee0a9d84a8	0.0	0.14167841682498472	0.21526247290588865	0.18667454976445727	0.17736067403666203	0.1	0.05	0.6666666666666666	1.0	0	0.3333333333333333
c1b97f227c17	0.0	0.0	0.1746871247840085	0.16084890366004248	0.1001334085840143	0.1111111111111111	0.012048192771084338	1.0	1.0	0	0.047619047619047616
9cfe93113935	0.06763153833293722	0.19396770503618765	0.19724797884730702	0.16803445618334878	0.1633105553861965	0.1	0.01639344262295082	0.6666666666666666	1.0	0	0.2
f7b1baf0f797	0.0	0.11816600049205804	0.24310552243687084	0.12444969984297151	0.2857857377665804	0.25	0.037037037037037035	0.3333333333333333	0.819836637888477	0	0.047619047619047616
170ec57a6e92	0.15283719984194166	0.11816600049205804	0.1746871247840085	0.17468723870137876	0.0	0.038461538461538464	0.0125	0.6666666666666666	1.0	0	0.25
9165a27f05ed	0.0	0.0	0.1530376635625889	0.0986240537385567	0.1633105553861965	0.038461538461538464	0.029411764705882353	0.6666666666666666	1.0	0	0.2
0b557deb93a8	0.0	0.0	0.03639918008035379	0.0	0.0631771468021822	0.0625	0.07142857142857142	0.3333333333333333	1.0	0	0.16666666666666666
a140d038b478	0.2089607343063329	0.21984644927517105	0.32655128897148417	0.29248415602632033	0.29338558422962024	0.1	0.1	0.3333333333333333	1.0	0	0.5
fecf2d4ca23b	0.1156168784316249	0.052289288211202906	0.19724797884730702	0.0986240537385567	0.2337832233056255	0.0625	0.014492753623188406	0.3333333333333333	1.0	0	0.07142857142857142
ff195c275de6	0.0	0.052289288211202906	0.1746871247840085	0.06222484992148576	0.21855701922275933	0.05263157894736842	0.08333333333333333	0.3333333333333333	0.819836637888477	0	0.012048192771084338
fe5d08b521b6	0.0	0.11816600049205804	0.37264476285153675	0.3712200317770567	0.1001334085840143	0.1111111111111111	0.011764705882352941	1.0	1.0	0	0.5
4a9ffa2b3792	0.06763153833293722	0.052289288211202906	0.21526247290588865	0.2021018020798915	0.1263542936043644	0.038461538461538464	0.04	0.6666666666666666	1.0	0	0.16666666666666666
1610e23ca92b	0.1156168784316249	0.16155788157855885	0.4369654983042203	0.4177929196727829	0.35836764855415176	0.14285714285714285	0.009615384615384616	1.0	1.0	1	0.07692307692307693
75d08ab52891	0.0	0.0	0.08225672366991757	0.036399203817070964	0.1001334085840143	0.05263157894736842	0.25	0.3333333333333333	0.819836637888477	0	0.02631578947368421
e84b4b9c4e32	0.47741481257989943	0.4865399761879694	0.6626758797062939	0.6626763118520153	0.0	0.05263157894736842	0.019230769230769232	0.3333333333333333	0.5916741449658187	0	0.030303030303030304
a6b6e3cf36a4	0.9011660316653285	1.0	1.0	1.0	0.0631771468021822	0.25	0.01	1.0	0.20523098471151385	0	1.0
5d4df555973f	0.0	0.0	0.37404746988795895	0.31251608341619624	0.38047601542043563	0.05263157894736842	0.023255813953488372	0.3333333333333333	0.819836637888477	0	0.03333333333333333
ac053d593d87	0.23123375686324976	0.45091399471393756	0.5389774907078314	0.5069586037341198	0.5010413570247582	0.07692307692307693	0.011494252873563218	0.6666666666666666	1.0	0	0.043478260869565216
bb5436a892c1	0.0	0.0	0.0	0.0	0.0	0.0	0.0	0.0	0.0	0	0.0
9c3c8a505d57	0.06763153833293722	0.20755512910583993	0.439013604412193	0.4366198426291333	0.1895314404065466	0.1	0.02631578947368421	0.3333333333333333	1.0	0	1.0
aeab4ec26a3c	0.0	0.11816600049205804	0.3675551411234703	0.3668041506363452	0.0631771468021822	0.05263157894736842	0.0196078431372549	0.6666666666666666	0.6457112531348923	0	0.1
9744ec677e72	0.18324841676456208	0.3092355778889529	0.3972247825032021	0.36604658088821196	0.35656273103180247	0.05263157894736842	0.030303030303030304	1.0	0.5916741449658187	0	0.3333333333333333
6c563c769572	0.18324841676456208	0.25094701019234067	0.31388646232954215	0.285298603503014	0.26837194012185417	0.05555555555555555	0.02127659574468085	0.3333333333333333	0.7169883280031308	0	1.0
745dbf28ecc1	0.06763153833293722	0.14167841682498472	0.3311559610431165	0.3082741218954018	0.26837194012185417	0.1111111111111111	0.013157894736842105	1.0	1.0	0	0.07142857142857142
08351eaddc86	0.0	0.0	0.03639918008035379	0.0	0.0631771468021822	0.06666666666666667	0.013888888888888888	0.3333333333333333	1.0	0	0.25
894fe07157c0	0.28435180646288283	0.32045667405254846	0.4693637168858254	0.4572735065108259	0.3528419957927431	0.05555555555555555	1.0	0.6666666666666666	0.6457112531348923	0	1.0
1521cdc53e31	0.0	0.16155788157855885	0.33971209159248816	0.32044224164478247	0.2634439639702108	0.1	0.016666666666666666	0.6666666666666666	1.0	0	1.0
017a876778bd	0.34685063529487464	0.48354074211263887	0.6138452498990427	0.5849018884592277	0.569126817513533	0.07142857142857142	0.011627906976744186	0.3333333333333333	1.0	0	0.3333333333333333
cec9cc7b00cc	0.1156168784316249	0.11816600049205804	0.3675551411234703	0.2619326039277545	0.4038483762250407	0.05263157894736842	0.02	0.3333333333333333	0.819836637888477	0	0.041666666666666664
7606620a81fa	0.15283719984194166	0.20755512910583993	0.3165664053379244	0.3082741218954018	0.17736067403666203	0.0625	0.058823529411764705	0.6666666666666666	0.6457112531348923	0	1.0
b612a6628984	0.1156168784316249	0.11816600049205804	0.3529655854182781	0.31656661177793793	0.3240534661514722	0.125	0.009900990099009901	1.0	1.0	0	1.0
5fc35794c2d4	0.0	0.0	0.06222480934329974	0.06222484992148576	0.0	0.25	0.010638297872340425	0.3333333333333333	1.0	0	0.058823529411764705
82ace56021b8	0.0	0.11816600049205804	0.1866744280298992	0.18088083104991842	0.0631771468021822	0.07692307692307693	0.027777777777777776	0.6666666666666666	1.0	0	0.07142857142857142
9280ba0cf471	0.15283719984194166	0.20755512910583993	0.43089513777496785	0.36136178846583605	0.445044721411138	0.14285714285714285	0.009523809523809525	1.0	1.0	1	0.25
791a7b76cbe5	0.0	0.0	0.11246231544070878	0.06222484992148576	0.1263542936043644	0.1111111111111111	0.016129032258064516	1.0	1.0	0	0.02564102564102564
59b27c76d200	0.0	0.052289288211202906	0.1746871247840085	0.1444816272328475	0.14669279211481012	0.038461538461538464	0.015151515151515152	0.6666666666666666	1.0	0	0.5
4d36a0faa1b4	0.0	0.19396770503618765	0.2460491115198026	0.18088083104991842	0.25823423997013745	0.034482758620689655	0.3333333333333333	0.6666666666666666	0.2641201612339208	0	0.05555555555555555
ddd0c6956a1d	0.7840396415996993	0.42262468958867977	0.5523395746325763	0.5236682685098301	0.5061264803815181	0.25	0.010101010101010102	0.3333333333333333	1.0	1	0.1
0f355f91abee	0.5369081565471331	0.49651985725929115	0.588675064448563	0.5355898369977246	0.587497430121683	0.05555555555555555	0.041666666666666664	0.3333333333333333	0.819836637888477	0	1.0
2dc507e6288b	0.06763153833293722	0.11816600049205804	0.24310552243687084	0.2067064771543332	0.21855701922275933	0.07142857142857142	0.014084507042253521	0.3333333333333333	1.0	0	0.08333333333333333
4f31df7b30bb	0.4624675137264996	0.4707934594675118	0.5224771316400801	0.4671713947276991	0.5231554705797604	0.25	0.022222222222222223	0.6666666666666666	0.6457112531348923	0	1.0
f66af0ea18b8	0.32457761273795777	0.4098458026663303	0.5650521393367227	0.5313478754769301	0.5312813256893121	0.05263157894736842	0.02564102564102564	0.6666666666666666	0.6457112531348923	0	0.5
4f8f2e69c0f7	0.06763153833293722	0.11816600049205804	0.20210167028488468	0.18667454976445727	0.1263542936043644	0.05263157894736842	0.025	0.3333333333333333	0.819836637888477	0	0.01818181818181818
fd5345e5622e	0.7350403172406622	0.7878562204754311	0.8445734186103161	0.8440605131437627	0.4504077597558365	0.058823529411764705	0.017241379310344827	0.3333333333333333	1.0	0	1.0
fc946e8c34d2	0.2684540782735666	0.2598444173170428	0.2975191965758062	0.2814779638261902	0.20986993891699235	0.038461538461538464	0.018518518518518517	0.6666666666666666	1.0	0	0.09090909090909091
b1ddc9cae116	0.15283719984194166	0.3403361388061225	0.5165590179969173	0.4569977106490437	0.5219755789395046	0.07692307692307693	0.0136986301369863	0.3333333333333333	1.0	0	1.0
943d4a809b1b	0.06763153833293722	0.11816600049205804	0.3022869412151867	0.28896325446569493	0.2002668171680286	0.04	0.125	0.6666666666666666	0.6457112531348923	0	0.3333333333333333
ba9fd7dd4576	0.7569315008735075	0.747270728626659	0.7823707068483857	0.7575343746537336	0.7281185971906504	0.14285714285714285	0.017857142857142856	1.0	0.819836637888477	1	1.0
51dcaa96f4d9	0.0	0.0	0.1866744280298992	0.1350232575556277	0.1895314404065466	0.07142857142857142	0.015873015873015872	0.6666666666666666	1.0	0	0.5
7fd6ba9bcb96	0.0	0.0	0.23364715892766083	0.18667454976445727	0.22648770218837871	0.1111111111111111	0.047619047619047616	1.0	1.0	0	0.016129032258064516
cd25567cede7	0.06763153833293722	0.2903294102274493	0.382032412356413	0.372645005861498	0.24682620069882444	0.05263157894736842	0.05555555555555555	0.6666666666666666	0.6457112531348923	0	0.058823529411764705
9976bc0309cd	0.2089607343063329	0.20755512910583993	0.2711478426908739	0.2666585099219055	0.1001334085840143	0.038461538461538464	0.014925373134328358	0.6666666666666666	1.0	0	0.1
834f7dce22ba	0.0	0.14167841682498472	0.39053064453301994	0.3344610219376306	0.39105545483611553	0.05263157894736842	0.043478260869565216	0.3333333333333333	0.819836637888477	0	0.03225806451612903
89f71cf3d34d	0.0	0.0	0.16803434660440356	0.16084890366004248	0.0631771468021822	0.1111111111111111	0.02702702702702703	1.0	1.0	0	1.0
1a6007bf36d3	0.0	0.0	0.06222480934329974	0.036399203817070964	0.0631771468021822	0.25	0.06666666666666667	0.3333333333333333	1.0	0	0.045454545454545456
e0c1835422e4	0.39996868489450776	0.4585021392981806	0.6154198089924868	0.5789973544209004	0.5880743013915997	0.05263157894736842	0.024390243902439025	0.3333333333333333	0.819836637888477	0	0.018518518518518517
6e1cdc178209	0.06763153833293722	0.052289288211202906	0.21526247290588865	0.1921169119349664	0.1633105553861965	0.125	0.010309278350515464	1.0	1.0	1	0.2
c9f7c16a0b71	0.06763153833293722	0.16155788157855885	0.223073608110253	0.18088083104991842	0.20986993891699235	0.07142857142857142	0.015384615384615385	0.6666666666666666	1.0	0	1.0
6b47a8a9071b	0.0	0.0	0.08225672366991757	0.06222484992148576	0.0631771468021822	0.05263157894736842	0.5	0.6666666666666666	0.6457112531348923	0	0.05263157894736842
80468262d502	0.0	0.0	0.16803434660440356	0.16084890366004248	0.0631771468021822	0.1111111111111111	0.013333333333333334	1.0	1.0	0	0.047619047619047616
20e740a2b4f2	0.0	0.14167841682498472	0.30827392086310235	0.29248415602632033	0.21855701922275933	0.2	0.00980392156862745	1.0	1.0	1	1.0
d6415e5a4bbf	0.15283719984194166	0.2413899532786789	0.30072565970853826	0.29248415602632033	0.1633105553861965	0.05263157894736842	0.023809523809523808	0.3333333333333333	0.819836637888477	0	0.02702702702702703
e2064d75c608	0.0	0.11816600049205804	0.240062131871887	0.18667454976445727	0.2405378208388442	0.25	0.16666666666666666	0.3333333333333333	1.0	0	0.07692307692307693
3941e68ff26d	0.1156168784316249	0.3492335459308247	0.41779264722087933	0.3520813603382579	0.4284269581397517	0.05263157894736842	0.05263157894736842	0.3333333333333333	0.819836637888477	0	0.03125
6354c32197a1	0.0	0.14167841682498472	0.24310552243687084	0.16084890366004248	0.26837194012185417	0.07142857142857142	0.018867924528301886	0.3333333333333333	1.0	0	1.0
1d5b3b1802d4	0.2089607343063329	0.3149681328686091	0.2941939488754821	0.22673840454420918	0.30691337849138584	0.0625	0.011904761904761904	0.3333333333333333	1.0	0	0.05263157894736842
eaf0e76adf73	0.1156168784316249	0.2759856130067989	0.2619324331157728	0.2431056809714042	0.1895314404065466	0.05555555555555555	0.021739130434782608	0.3333333333333333	0.7169883280031308	0	0.5
baf63f6cd06c	0.0	0.11816600049205804	0.21526247290588865	0.2067064771543332	0.1001334085840143	0.14285714285714285	0.02857142857142857	1.0	1.0	1	0.02631578947368421
219a0ffbcdf1	0.2089607343063329	0.39862470650273474	0.47894233684149795	0.47336498707623875	0.29696037010780774	0.05263157894736842	0.034482758620689655	1.0	0.5916741449658187	0	1.0
870bdb7ff9c8	0.1156168784316249	0.2413899532786789	0.35384141113454926	0.346583429312739	0.2002668171680286	0.03571428571428571	0.010526315789473684	0.6666666666666666	0.2641201612339208	0	1.0
45ab295fbbcd	0.18324841676456208	0.29694425771962174	0.3712197896963522	0.35384164188242545	0.2857857377665804	0.07142857142857142	0.017543859649122806	0.3333333333333333	1.0	0	0.14285714285714285
2e2856bbae1b	0.0	0.0	0.25947278819060676	0.1972481074771134	0.26837194012185417	0.1111111111111111	0.01694915254237288	1.0	1.0	0	0.125
441936d7f4a9	0.1156168784316249	0.26816738584134553	0.3851606530447835	0.3580970111371559	0.3339166318896398	0.0625	0.013513513513513514	0.3333333333333333	1.0	0	0.16666666666666666
460d7785656e	0.23123375686324976	0.3149681328686091	0.3845436648851043	0.3022871383432432	0.40808845962930596	0.125	0.14285714285714285	1.0	1.0	0	0.2
93ecb234ad40	0.5673193734697535	0.6572913873004699	0.7475267129334384	0.7462037101757296	0.43786421022257593	0.038461538461538464	0.01020408163265306	0.6666666666666666	1.0	0	1.0
794bb4ee379b	0.06763153833293722	0.28335683364996944	0.37611127167284186	0.33227136503274113	0.3601375169099899	0.06666666666666667	0.03571428571428571	0.6666666666666666	1.0	0	1.0
4b38c4442186	0.0	0.0	0.06222480934329974	0.036399203817070964	0.0631771468021822	0.1111111111111111	0.07692307692307693	1.0	1.0	0	0.022727272727272728
2bc794b05dce	0.06763153833293722	0.21984644927517105	0.3950483989694681	0.39053089920676354	0.2002668171680286	0.034482758620689655	0.2	0.6666666666666666	0.2641201612339208	0	0.5
c8de19811b65	0.1156168784316249	0.32572112959789795	0.3621595262801692	0.35641899064740357	0.1895314404065466	0.05555555555555555	0.020833333333333332	0.3333333333333333	1.0	0	0.5
b15380c816e0	0.06763153833293722	0.14167841682498472	0.240062131871887	0.21526261328334842	0.1895314404065466	0.07692307692307693	0.012195121951219513	0.6666666666666666	1.0	0	0.045454545454545456
8870deb3cd89	0.7360543015010115	0.7432839736633603	0.733626838882853	0.6902862430604149	0.720577898491306	0.034482758620689655	0.010752688172043012	0.6666666666666666	0.2508523295824108	0	0.08333333333333333
9da102f75bcb	0.0	0.0	0.30533033178017055	0.24604927197391604	0.31000334750100667	0.05263157894736842	0.03225806451612903	0.3333333333333333	0.819836637888477	0	0.5
7620cf8ef36f	0.3755152404765367	0.43862267454460646	0.4841936246057054	0.4120561806379748	0.5010413570247582	0.125	0.010869565217391304	1.0	0.819836637888477	0	0.5
5f4434682020	0.4212912781155082	0.4707934594675118	0.6353949478831278	0.6068404221089561	0.5899243096854525	0.1	0.014705882352941176	0.6666666666666666	1.0	0	1.0
c48142fbb8bd	0.0	0.0	0.1921167866513249	0.18088083104991842	0.1001334085840143	0.07692307692307693	0.012658227848101266	0.6666666666666666	1.0	0	1.0
8310b178c98f	0.0	0.3032362984035436	0.3857734296483708	0.3300269610717857	0.3859191463505947	0.1	0.045454545454545456	0.6666666666666666	1.0	0	0.14285714285714285
ffee7035de1b	0.18324841676456208	0.21984644927517105	0.30971029428801583	0.24889939968594305	0.315885734010911	0.0625	0.014285714285714285	0.3333333333333333	1.0	0	0.1
eaf43055f658	0.8352165233556171	0.7015815654631168	0.7270539814176639	0.653475242730424	0.7484385369017538	0.25	0.01098901098901099	0.6666666666666666	0.5484966740038834	0	0.25
bbac3d3dec30	0.15283719984194166	0.3492335459308247	0.43731011071919407	0.422781507587797	0.33622423252135675	0.034482758620689655	0.010416666666666666	0.6666666666666666	0.25730251840121854	0	0.1111111111111111
58f2988b6311	0.0	0.17877825722756366	0.16803434660440356	0.12444969984297151	0.1633105553861965	0.07142857142857142	0.015625	0.6666666666666666	1.0	0	0.09090909090909091
4eff597b3dc6	0.1156168784316249	0.08938912861378186	0.24889923737319897	0.2021018020798915	0.2405378208388442	0.06666666666666667	0.09090909090909091	0.6666666666666666	1.0	0	0.3333333333333333
63323195bc5c	0.0	0.0	0.03639918008035379	0.036399203817070964	0.0	0.14285714285714285	0.009708737864077669	1.0	1.0	1	0.022222222222222223
ca9f6a9aad09	0.36649683352912416	0.3797185388412312	0.5146902099015025	0.47518782092005174	0.49201746327576296	0.05263157894736842	0.02040816326530612	0.6666666666666666	0.6457112531348923	0	0.125
8c31110375c5	0.9350472081371242	0.829080634531919	0.8781007659745617	0.8689093554294399	0.7424025860712729	0.14285714285714285	0.009433962264150943	1.0	0.41306061451697523	1	0.5
f2258c95c059	0.0	0.0	0.03639918008035379	0.0	0.0631771468021822	0.034482758620689655	0.01282051282051282	0.6666666666666666	0.2641201612339208	0	0.047619047619047616
49f825449580	0.15283719984194166	0.28335683364996944	0.38818354551084056	0.33971231312631994	0.3790628808130932	0.05263157894736842	0.038461538461538464	0.3333333333333333	0.819836637888477	0	0.02631578947368421
63746fdf09ab	0.298865295196187	0.2759856130067989	0.5182502094353023	0.3774614894865819	0.5682375874711441	0.05263157894736842	0.03333333333333333	0.6666666666666666	0.6457112531348923	0	0.03333333333333333
