revisions	files	functions	lines	addLines	deleteLines	pos	time	rf	ibf	isComponent	distance
f66af0ea18b8	0.32457761273795777	0.4098458026663303	0.5650521393367227	0.5313478754769301	0.5312813256893121	0.14285714285714285	0.047619047619047616	1.0	0.6457112531348923	0	0.5
6b13c53bb819	0.33608561660650377	0.4937463900961728	0.5877786233803269	0.5482364976942674	0.5660673574101013	0.05555555555555555	0.017857142857142856	1.0	1.0	1	0.25
26eb0ac12e3c	0.32457761273795777	0.43645520751459366	0.5636318079818768	0.56363217553875	0.0	0.05263157894736842	0.02040816326530612	1.0	1.0	1	1.0
7ee2469bbf78	0.1156168784316249	0.21984644927517105	0.2460491115198026	0.23025930610483455	0.1633105553861965	0.3333333333333333	0.03571428571428571	1.0	0.819836637888477	0	1.0
ac8b09b99c40	0.0	0.11816600049205804	0.1808807130935711	0.16803445618334878	0.1001334085840143	0.14285714285714285	0.043478260869565216	1.0	0.6457112531348923	0	0.06666666666666667
18c67f102f36	0.06763153833293722	0.19396770503618765	0.3022869412151867	0.2754236600741	0.2527085872087288	0.03571428571428571	0.023255813953488372	1.0	0.819836637888477	0	0.5
943d4a809b1b	0.06763153833293722	0.11816600049205804	0.3022869412151867	0.28896325446569493	0.2002668171680286	0.08333333333333333	0.16666666666666666	1.0	0.6457112531348923	0	0.3333333333333333
0a5c9092b3c6	0.0	0.052289288211202906	0.346583203298102	0.285298603503014	0.3528419957927431	0.3333333333333333	0.024390243902439025	1.0	0.7169883280031308	0	0.125
cd25567cede7	0.06763153833293722	0.2903294102274493	0.382032412356413	0.372645005861498	0.24682620069882444	0.14285714285714285	0.1	1.0	0.6457112531348923	0	0.058823529411764705
85a3e43952a0	0.1156168784316249	0.37627936829392306	0.41113986904127436	0.354709005947806	0.4121400313709448	0.05	0.018867924528301886	1.0	0.6457112531348923	0	0.0625
0da9e77846b8	0.15283719984194166	0.4469456430689092	0.5043886115000714	0.44068566121983893	0.5139098457841322	0.04	0.0625	1.0	0.819836637888477	0	0.25
73f4d6b234a5	0.0	0.052289288211202906	0.20670634235651703	0.1921169119349664	0.1263542936043644	1.0	0.2	1.0	1.0	1	0.3333333333333333
90e7fafc040b	0.2684540782735666	0.3575565144551274	0.4305249458117773	0.4138606933036529	0.34067122942285855	0.3333333333333333	0.034482758620689655	1.0	0.819836637888477	0	0.5
3915a9571923	0.0	0.0	0.03639918008035379	0.0	0.0631771468021822	0.03571428571428571	0.02631578947368421	1.0	0.819836637888477	0	0.05555555555555555
8c23756b7c1e	0.0	0.052289288211202906	0.2852984174535528	0.2754236600741	0.1633105553861965	0.07692307692307693	0.025	1.0	0.819836637888477	0	0.25
14230dc08955	0.0	0.08938912861378186	0.14448153301321734	0.0986240537385567	0.14669279211481012	0.3333333333333333	0.041666666666666664	1.0	0.819836637888477	0	0.14285714285714285
9133807c4acb	0.15283719984194166	0.3149681328686091	0.36977183211452735	0.35641899064740357	0.2634439639702108	0.05555555555555555	0.01818181818181818	1.0	1.0	1	1.0
6b47a8a9071b	0.0	0.0	0.08225672366991757	0.06222484992148576	0.0631771468021822	0.14285714285714285	0.5	1.0	0.6457112531348923	0	0.05263157894736842
b8c63a046f4e	0.2089607343063329	0.38951777658204884	0.48759673934798464	0.4705593999170489	0.3994013793235389	0.04	0.0196078431372549	1.0	0.819836637888477	0	1.0
6c4800b70dc0	0.06763153833293722	0.3691130106843987	0.50157526752357	0.501575594611989	0.0	0.05555555555555555	0.017543859649122806	1.0	1.0	1	0.1111111111111111
eaf0e76adf73	0.1156168784316249	0.2759856130067989	0.2619324331157728	0.2431056809714042	0.1895314404065466	0.3333333333333333	0.04	1.0	0.7169883280031308	0	0.5
44300fded884	0.06763153833293722	0.0	0.03639918008035379	0.0	0.0631771468021822	0.08333333333333333	0.09090909090909091	1.0	0.7169883280031308	0	0.2
219a0ffbcdf1	0.2089607343063329	0.39862470650273474	0.47894233684149795	0.47336498707623875	0.29696037010780774	0.14285714285714285	0.07142857142857142	1.0	0.5916741449658187	0	0.04
870bdb7ff9c8	0.1156168784316249	0.2413899532786789	0.35384141113454926	0.346583429312739	0.2002668171680286	0.034482758620689655	0.019230769230769232	1.0	0.2641201612339208	0	1.0
493703d05279	0.6949993308151405	0.8309406848429126	0.8581113098000227	0.8580960291375812	0.1633105553861965	0.047619047619047616	0.016129032258064516	1.0	0.5127778372010168	0	1.0
8aac0154970d	0.2089607343063329	0.3032362984035436	0.35892416986625436	0.3111242496074288	0.34896288456876257	0.3333333333333333	0.05555555555555555	1.0	0.7169883280031308	0	0.2
2cf8af195faf	0.0	0.0	0.09862398942365351	0.0822567773113617	0.0631771468021822	0.05	0.030303030303030304	1.0	1.0	0	0.25
4d8a4a572925	0.0	0.0	0.16803434660440356	0.06222484992148576	0.20986993891699235	0.05	0.05263157894736842	1.0	1.0	0	0.037037037037037035
e84b4b9c4e32	0.47741481257989943	0.4865399761879694	0.6626758797062939	0.6626763118520153	0.0	0.08333333333333333	0.029411764705882353	1.0	0.5916741449658187	0	0.16666666666666666
6c08609a8a8b	0.23123375686324976	0.3797185388412312	0.471972845483452	0.41906629538333917	0.469170218599686	1.0	0.125	1.0	1.0	1	1.0
a6b6e3cf36a4	0.9011660316653285	1.0	1.0	1.0	0.0631771468021822	0.06666666666666667	0.01694915254237288	1.0	0.20523098471151385	0	1.0
95ef737376d2	0.06763153833293722	0.16155788157855885	0.22673825668313485	0.2067064771543332	0.1633105553861965	0.07692307692307693	0.045454545454545456	1.0	0.819836637888477	0	0.3333333333333333
2bc794b05dce	0.06763153833293722	0.21984644927517105	0.3950483989694681	0.39053089920676354	0.2002668171680286	0.03333333333333333	0.25	1.0	0.2641201612339208	0	0.5
bb5436a892c1	0.0	0.0	0.0	0.0	0.0	0.0	0.0	0.0	0.0	0	0.0
b3dcb286377d	0.1156168784316249	0.26816738584134553	0.4097480361401522	0.3572619215579765	0.4059930717975038	0.045454545454545456	0.016666666666666666	1.0	0.6457112531348923	0	1.0
aeab4ec26a3c	0.0	0.11816600049205804	0.3675551411234703	0.3668041506363452	0.0631771468021822	0.14285714285714285	0.03125	1.0	0.6457112531348923	0	0.1
9744ec677e72	0.18324841676456208	0.3092355778889529	0.3972247825032021	0.36604658088821196	0.35656273103180247	0.14285714285714285	0.058823529411764705	1.0	0.5916741449658187	0	0.3333333333333333
8870deb3cd89	0.7360543015010115	0.7432839736633603	0.733626838882853	0.6902862430604149	0.720577898491306	0.03571428571428571	0.020833333333333332	1.0	0.2508523295824108	0	0.16666666666666666
bb276c9cffeb	0.28435180646288283	0.46910766745501303	0.5121861686322841	0.5093026398385373	0.2730470857191745	0.05	0.021739130434782608	1.0	0.819836637888477	0	1.0
6c563c769572	0.18324841676456208	0.25094701019234067	0.31388646232954215	0.285298603503014	0.26837194012185417	0.3333333333333333	0.038461538461538464	1.0	0.7169883280031308	0	0.3333333333333333
d0bc44447e65	0.5806704888778166	0.6874022177069344	0.6181220070797211	0.5580739452023848	0.6254131255667121	0.05	0.02127659574468085	1.0	0.5484966740038834	0	0.5
26b76d6dd17e	0.0	0.0	0.1530376635625889	0.12444969984297151	0.1263542936043644	0.04	0.018518518518518517	1.0	0.819836637888477	0	0.3333333333333333
4eb20f0e3a98	0.0	0.0	0.03639918008035379	0.0	0.0631771468021822	0.05	0.027777777777777776	1.0	1.0	0	0.06666666666666667
f523a1101c52	0.15283719984194166	0.2759856130067989	0.4639063148753641	0.34272169488472753	0.5071801956594144	0.3333333333333333	0.03225806451612903	1.0	0.819836637888477	0	1.0
032c630a740d	0.0	0.0	0.12444961868659946	0.0986240537385567	0.1001334085840143	0.05	0.02857142857142857	1.0	1.0	0	0.3333333333333333
894fe07157c0	0.28435180646288283	0.32045667405254846	0.4693637168858254	0.4572735065108259	0.3528419957927431	0.16666666666666666	1.0	1.0	0.6457112531348923	0	1.0
1b80dbe3d4a6	0.0	0.052289288211202906	0.03639918008035379	0.0	0.0631771468021822	0.058823529411764705	0.14285714285714285	1.0	1.0	1	0.019230769230769232
72b9554c41af	0.1156168784316249	0.052289288211202906	0.3300267458539839	0.036399203817070964	0.3959176932594214	0.07692307692307693	0.07692307692307693	1.0	0.819836637888477	0	0.037037037037037035
e482f2c5d40e	0.06763153833293722	0.11816600049205804	0.16084879876695327	0.12444969984297151	0.14669279211481012	0.03571428571428571	0.02564102564102564	1.0	0.6457112531348923	1	0.16666666666666666
0001c5cf49d5	0.0	0.0	0.08225672366991757	0.0	0.1263542936043644	0.05555555555555555	0.02702702702702703	1.0	1.0	1	0.5
fa691fec980b	0.0	0.08938912861378186	0.24889923737319897	0.2431056809714042	0.1001334085840143	0.05	0.01639344262295082	1.0	1.0	0	0.14285714285714285
b4085d2e2003	0.33608561660650377	0.4621350908775332	0.4700828509626587	0.4247809551034229	0.45669613961581673	0.04	0.022727272727272728	1.0	0.6457112531348923	0	1.0
bbac3d3dec30	0.15283719984194166	0.3492335459308247	0.43731011071919407	0.422781507587797	0.33622423252135675	0.03333333333333333	0.017241379310344827	1.0	0.25730251840121854	0	0.1111111111111111
7606620a81fa	0.15283719984194166	0.20755512910583993	0.3165664053379244	0.3082741218954018	0.17736067403666203	0.25	0.1111111111111111	1.0	0.6457112531348923	0	1.0
9953d672b34e	0.32457761273795777	0.47245749871744547	0.4138604234160401	0.36215976245247383	0.4091183616199631	0.07692307692307693	0.08333333333333333	1.0	0.7169883280031308	0	0.02564102564102564
4d36a0faa1b4	0.0	0.19396770503618765	0.2460491115198026	0.18088083104991842	0.25823423997013745	0.03333333333333333	0.3333333333333333	1.0	0.2641201612339208	0	0.05555555555555555
6b904670d0c2	0.0	0.0	0.11246231544070878	0.036399203817070964	0.14669279211481012	0.05	0.05	1.0	1.0	0	0.058823529411764705
bf87780d7374	0.2684540782735666	0.3092355778889529	0.4312638094383395	0.38818379865398855	0.41410022211038494	0.3333333333333333	0.03333333333333333	1.0	0.7169883280031308	0	0.2
ca9f6a9aad09	0.36649683352912416	0.3797185388412312	0.5146902099015025	0.47518782092005174	0.49201746327576296	0.14285714285714285	0.037037037037037035	1.0	0.6457112531348923	0	0.125
f2258c95c059	0.0	0.0	0.03639918008035379	0.0	0.0631771468021822	0.03333333333333333	0.023809523809523808	1.0	0.2641201612339208	0	0.047619047619047616
63746fdf09ab	0.298865295196187	0.2759856130067989	0.5182502094353023	0.3774614894865819	0.5682375874711441	0.14285714285714285	0.06666666666666667	1.0	0.6457112531348923	0	0.03333333333333333
c31b1a730e25	0.0	0.0	0.08225672366991757	0.06222484992148576	0.0631771468021822	0.03571428571428571	0.02	1.0	0.819836637888477	0	0.02631578947368421
