revisions	files	functions	lines	addLines	deleteLines	pos	time	rf	ibf	isComponent	distance
d59a16ee3ebe	0.0	0.052289288211202906	0.3754285959581471	0.32044224164478247	0.3746870634203937	0.037037037037037035	0.022222222222222223	0.2	1.0	0	0.04
bba9c6558fbc	0.2684540782735666	0.26816738584134553	0.41906602210103944	0.38818379865398855	0.37762749120469064	0.037037037037037035	0.009900990099009901	0.2	1.0	0	0.009900990099009901
05bbc6538b65	0.2089607343063329	0.2759856130067989	0.32415724245907257	0.31251608341619624	0.20986993891699235	0.030303030303030304	0.018867924528301886	0.2	0.7169883280031308	0	0.125
f52024229b91	0.0	0.052289288211202906	0.08225672366991757	0.036399203817070964	0.1001334085840143	0.09090909090909091	0.038461538461538464	0.4	1.0	0	0.16666666666666666
1500ef87bc68	0.3840709567051914	0.2310675454387666	0.26665833602805705	0.2067064771543332	0.2730470857191745	0.037037037037037035	0.05555555555555555	0.2	1.0	0	0.013333333333333334
b7fffd69828c	0.15283719984194166	0.20755512910583993	0.38758705545008815	0.386382303770726	0.1001334085840143	0.037037037037037035	0.010309278350515464	0.2	1.0	0	0.05555555555555555
aea28a7dd94d	0.0	0.0	0.06222480934329974	0.06222484992148576	0.0	0.0625	0.045454545454545456	0.2	1.0	0	0.25
cd1c20933a2c	0.0	0.08938912861378186	0.1866744280298992	0.11246238877989302	0.20986993891699235	0.045454545454545456	0.015384615384615385	0.6	0.7169883280031308	0	1.0
a93ccbc60a1c	0.1156168784316249	0.19396770503618765	0.27748728224918834	0.2754236600741	0.0631771468021822	0.037037037037037035	0.00980392156862745	0.2	1.0	0	0.00980392156862745
0085a5c5f382	0.15283719984194166	0.26816738584134553	0.3621595262801692	0.36136178846583605	0.0631771468021822	0.030303030303030304	0.019230769230769232	0.2	0.7169883280031308	0	0.038461538461538464
a4492f5783ae	0.0	0.08938912861378186	0.22673825668313485	0.1972481074771134	0.1895314404065466	0.03333333333333333	0.047619047619047616	0.4	1.0	0	0.5
ca3c16c17e0b	0.0	0.33077908189246075	0.3322711483513144	0.2733112924399355	0.33622423252135675	0.041666666666666664	0.5	0.2	1.0	0	0.25
1314c9272a34	0.0	0.0	0.11246231544070878	0.11246238877989302	0.0	0.05	0.009615384615384616	0.2	1.0	0	0.3333333333333333
1a2675ebc8be	0.0	0.11816600049205804	0.1350231695040073	0.0822567773113617	0.14669279211481012	0.030303030303030304	0.037037037037037035	0.2	0.7169883280031308	0	0.034482758620689655
4ec3221f2e1b	0.06763153833293722	0.08938912861378186	0.2192529709249519	0.21925311390470442	0.0	0.037037037037037035	0.02127659574468085	0.2	1.0	0	0.009708737864077669
8e0f33f0ae33	0.0	0.11816600049205804	0.1350231695040073	0.1350232575556277	0.0	0.03225806451612903	0.014285714285714285	0.2	0.5916741449658187	0	0.25
f390253677ba	0.0	0.2310675454387666	0.43089513777496785	0.3826670915662682	0.42154479535633393	0.5	0.011764705882352941	1.0	0.819836637888477	0	0.5
66d104bcb094	0.06763153833293722	0.33077908189246075	0.42712267414803223	0.4223762180398009	0.2337832233056255	0.041666666666666664	0.030303030303030304	0.2	1.0	0	1.0
613e74a06a11	0.23123375686324976	0.3956599494367154	0.43199664145782707	0.40244578470528286	0.3872306129536544	0.14285714285714285	0.010526315789473684	0.4	0.819836637888477	0	0.25
180776201731	0.298865295196187	0.4741003394381032	0.5813088150871166	0.5764055357755102	0.3872306129536544	0.030303030303030304	0.02702702702702703	0.2	0.5916741449658187	0	0.0136986301369863
a73bda53b112	0.31221641060425004	0.40435726148239093	0.5247133120310459	0.5240617161041363	0.1633105553861965	0.09090909090909091	0.0196078431372549	0.2	1.0	0	1.0
334514863909	0.25087995509749933	0.25094701019234067	0.4348695721948365	0.41948677147946223	0.33847484949608225	0.044444444444444446	0.01282051282051282	0.6	0.7169883280031308	0	1.0
7678cdb12f38	0.06763153833293722	0.0	0.16803434660440356	0.16084890366004248	0.0631771468021822	0.041666666666666664	0.016129032258064516	0.2	0.7169883280031308	0	0.5
a6b6e3cf36a4	0.9011660316653285	1.0	1.0	1.0	0.0631771468021822	0.25	0.012345679012345678	1.0	0.20523098471151385	0	1.0
15df29c7d7db	0.18324841676456208	0.3149681328686091	0.485208001769834	0.4615747594784907	0.4233146637121721	0.027272727272727275	0.07142857142857142	0.8	0.30512359646890397	0	0.5
e04b56dad3ce	0.0	0.052289288211202906	0.16803434660440356	0.15303776336186264	0.1001334085840143	0.03225806451612903	0.01020408163265306	0.2	0.5916741449658187	0	1.0
f5aca42c4766	0.06763153833293722	0.20755512910583993	0.25947278819060676	0.22307375358152826	0.2337832233056255	0.05263157894736842	0.07692307692307693	0.2	0.819836637888477	0	0.3333333333333333
7a6fa0f8e860	0.4073832343197421	0.4789069051958307	0.49030556541181364	0.422781507587797	0.5032555231466126	0.031746031746031744	0.014925373134328358	0.6	0.6457112531348923	0	0.14285714285714285
b516dee066b2	0.0	0.052289288211202906	0.24889923737319897	0.1921169119349664	0.2527085872087288	0.07142857142857142	0.016666666666666666	0.4	0.5484966740038834	0	1.0
a8bcd0e69be4	0.3755152404765367	0.2310675454387666	0.3386861212955405	0.3300269610717857	0.2002668171680286	0.034482758620689655	0.020833333333333332	0.2	1.0	0	1.0
061c6264c16d	0.0	0.052289288211202906	0.16803434660440356	0.0986240537385567	0.1895314404065466	0.03225806451612903	0.16666666666666666	0.2	0.5916741449658187	0	0.06666666666666667
e79e3029b1e8	0.1156168784316249	0.3149681328686091	0.47675268136453164	0.47630857807875054	0.1001334085840143	0.044444444444444446	0.058823529411764705	0.6	0.5916741449658187	0	0.07692307692307693
bc857e7522a0	0.25087995509749933	0.3403361388061225	0.40833428371166935	0.4059276636691618	0.1633105553861965	0.030303030303030304	0.027777777777777776	0.2	0.7169883280031308	0	0.023809523809523808
99cabc2e733a	0.2089607343063329	0.3092355778889529	0.35809677761426034	0.343702813747676	0.25823423997013745	0.037037037037037035	0.025	0.2	1.0	0	0.07142857142857142
6de4c7fa2d4d	0.2089607343063329	0.33077908189246075	0.5005608903594414	0.48857390572328385	0.38323820730068126	0.09090909090909091	0.010869565217391304	0.4	1.0	0	1.0
89cc8dfb1b14	0.1156168784316249	0.2759856130067989	0.3386861212955405	0.29587216121567017	0.3214113867723197	0.027272727272727275	0.1111111111111111	0.8	0.30512359646890397	0	0.25
315136e13a9f	0.0	0.0	0.14448153301321734	0.1350232575556277	0.0631771468021822	0.03125	0.013157894736842105	0.6	0.7169883280031308	0	0.125
868196c0a091	0.0	0.0	0.3733488560597984	0.32772500206324146	0.3601375169099899	0.0625	0.011904761904761904	0.2	1.0	0	0.125
0c30b6632f78	0.0	0.2310675454387666	0.2941939488754821	0.21526261328334842	0.315885734010911	0.03225806451612903	0.1	0.2	0.5916741449658187	0	0.3333333333333333
fc2f87a798bb	0.1156168784316249	0.14167841682498472	0.26665833602805705	0.23691208862286453	0.22648770218837871	0.03125	0.034482758620689655	0.6	0.6457112531348923	0	0.5
4d36a0faa1b4	0.0	0.19396770503618765	0.2460491115198026	0.18088083104991842	0.25823423997013745	0.02702702702702703	0.2	0.2	0.2641201612339208	0	0.05555555555555555
7012373d248c	0.15283719984194166	0.38951777658204884	0.4696040689005133	0.4676632944921593	0.2002668171680286	0.25	0.02631578947368421	1.0	0.349874180651983	0	0.14285714285714285
f52a57923868	0.4073832343197421	0.46033140759385666	0.5261311242186638	0.5182505473978228	0.37318049430318884	0.037037037037037035	0.05263157894736842	0.2	1.0	0	0.012987012987012988
284f2aed804c	0.1156168784316249	0.14167841682498472	0.3511878753697344	0.34752345342449975	0.14669279211481012	0.034482758620689655	0.25	0.2	1.0	0	0.2
a436501eca32	0.1156168784316249	0.14167841682498472	0.16803434660440356	0.11246238877989302	0.17736067403666203	0.030303030303030304	0.015625	0.2	0.7169883280031308	0	0.022222222222222223
e6af3b069eac	0.392209151070895	0.49923493128011215	0.5716812311246705	0.5423494267650008	0.5274488242113684	0.14285714285714285	0.01098901098901099	0.4	1.0	0	1.0
cb317d902f77	0.06763153833293722	0.19396770503618765	0.4059273989548512	0.4039545846314467	0.14669279211481012	0.037037037037037035	0.017857142857142856	0.2	1.0	0	0.047619047619047616
8ee726b771ea	0.1156168784316249	0.08938912861378186	0.30827392086310235	0.30072585581844824	0.1633105553861965	0.041666666666666664	0.017241379310344827	0.2	0.7169883280031308	0	1.0
abafffb7abb6	0.0	0.14167841682498472	0.25434159599462464	0.25166181710041935	0.0631771468021822	0.044444444444444446	0.01694915254237288	0.6	0.7169883280031308	0	0.125
faef053a120b	0.0	0.11816600049205804	0.23691193412730824	0.18667454976445727	0.2337832233056255	0.09090909090909091	0.021739130434782608	0.4	1.0	0	0.2
81dee418e03a	0.0	0.08938912861378186	0.2958719682709606	0.2543417618564522	0.2774940826206763	0.09090909090909091	0.011111111111111112	0.4	1.0	0	0.25
fce175ac0d1c	0.0	0.0	0.08225672366991757	0.06222484992148576	0.0631771468021822	0.09090909090909091	0.06666666666666667	0.2	1.0	0	0.5
60d57bf5df89	0.06763153833293722	0.2598444173170428	0.3386861212955405	0.33764850999558577	0.0631771468021822	0.045454545454545456	0.017543859649122806	0.6	0.5484966740038834	0	0.16666666666666666
57157b6e2100	0.4624675137264996	0.5958085695553254	0.5829535283987878	0.5155579096078485	0.5969702511245251	0.5	0.015873015873015872	1.0	0.6457112531348923	0	1.0
f9df73321192	0.5402112327435618	0.46033140759385666	0.5463163629614769	0.5207290586343	0.49118886342012985	0.14285714285714285	0.03333333333333333	0.6	1.0	0	1.0
3024c07c9bff	0.18324841676456208	0.20755512910583993	0.4445749969832488	0.42156010803370686	0.38047601542043563	0.0625	0.010101010101010102	0.2	0.819836637888477	0	0.14285714285714285
622b14c530f6	0.4144821736278119	0.4741003394381032	0.5900031618668092	0.589436765824515	0.20986993891699235	0.037037037037037035	0.009433962264150943	0.6	0.5484966740038834	0	1.0
9f31b509242e	0.1156168784316249	0.16155788157855885	0.34937424956801705	0.3446733257124728	0.1633105553861965	0.0625	0.05	0.2	1.0	0	0.03125
8f9626ac2525	0.0	0.052289288211202906	0.24889923737319897	0.036399203817070964	0.31000334750100667	0.03333333333333333	1.0	0.4	1.0	0	0.14285714285714285
843687183d39	0.0	0.0	0.1746871247840085	0.06222484992148576	0.21855701922275933	0.041666666666666664	0.02564102564102564	0.2	0.7169883280031308	0	0.038461538461538464
eca730dbac88	0.7098357623350096	0.7133377230615174	0.8061967406098578	0.750032613693588	0.8119491652904681	0.125	0.3333333333333333	0.4	1.0	0	1.0
d31f25ca302d	0.0	0.17877825722756366	0.240062131871887	0.18667454976445727	0.2405378208388442	0.047619047619047616	0.015151515151515152	0.2	0.45632498584531683	0	0.07692307692307693
b618ed379f55	0.06763153833293722	0.28335683364996944	0.3437025896115514	0.32415745384924033	0.26837194012185417	0.1111111111111111	0.01	0.4	1.0	0	1.0
d88d5b8cf78d	0.0	0.0	0.22673825668313485	0.21925311390470442	0.1001334085840143	0.03333333333333333	0.014084507042253521	0.4	1.0	0	0.02127659574468085
efe0d828766c	0.0	0.14167841682498472	0.37193510363131554	0.3111242496074288	0.37762749120469064	0.03225806451612903	0.013888888888888888	0.6	0.7169883280031308	0	1.0
445e5c30d7f1	0.0	0.0	0.12444961868659946	0.11246238877989302	0.0631771468021822	0.09090909090909091	0.041666666666666664	0.2	1.0	0	0.06666666666666667
2f9556adf482	0.0	0.20755512910583993	0.29913674347060804	0.29587216121567017	0.1001334085840143	0.044444444444444446	0.024390243902439025	0.6	0.7169883280031308	0	0.16666666666666666
59539dbe627a	0.15283719984194166	0.3403361388061225	0.42712267414803223	0.4251755556614198	0.1633105553861965	0.030303030303030304	0.03571428571428571	0.2	0.5916741449658187	0	0.037037037037037035
870bdb7ff9c8	0.1156168784316249	0.2413899532786789	0.35384141113454926	0.346583429312739	0.2002668171680286	0.027777777777777776	0.012658227848101266	0.2	0.2641201612339208	0	1.0
40c49fe2a965	0.0	0.0	0.2110863048643623	0.2067064771543332	0.0631771468021822	0.0625	0.012195121951219513	0.2	1.0	0	0.022727272727272728
693dda4abb68	0.1156168784316249	0.26816738584134553	0.3950483989694681	0.3826670915662682	0.28173416602494156	0.07692307692307693	0.011494252873563218	0.4	1.0	0	0.1111111111111111
efad8bd05876	0.0	0.11816600049205804	0.2460491115198026	0.1444816272328475	0.28173416602494156	0.030303030303030304	0.04	0.2	0.7169883280031308	0	0.03571428571428571
acef0e51c611	0.0	0.052289288211202906	0.24889923737319897	0.2067064771543332	0.2337832233056255	0.030303030303030304	0.012048192771084338	0.2	0.7169883280031308	0	0.05263157894736842
07de5a904de1	0.15283719984194166	0.16155788157855885	0.32169759753390653	0.3097104962570064	0.20986993891699235	0.03225806451612903	0.013513513513513514	0.6	0.7169883280031308	0	1.0
e2cb1789b4c4	0.0	0.0	0.06222480934329974	0.036399203817070964	0.0631771468021822	0.03333333333333333	0.009708737864077669	0.4	1.0	0	0.024390243902439025
75d78a90d621	0.6590670458991247	0.681328570390296	0.7051164009447538	0.6858004205406656	0.6295186257915053	0.037037037037037035	0.01818181818181818	0.2	0.7169883280031308	0	0.010101010101010102
ae5fc94d872f	0.36649683352912416	0.3448615593629846	0.4823383511930069	0.4476926654880054	0.44975438522753747	0.16666666666666666	0.009345794392523364	1.0	1.0	0	0.2
730bce4598f8	0.18324841676456208	0.2413899532786789	0.43199664145782707	0.41159932732424326	0.35836764855415176	0.09090909090909091	0.02	0.2	1.0	0	1.0
b3b5276828e0	0.18324841676456208	0.17877825722756366	0.1921167866513249	0.1350232575556277	0.2002668171680286	0.0625	0.0136986301369863	0.2	1.0	0	0.1111111111111111
75e1557189bb	0.0	0.11816600049205804	0.16084879876695327	0.15303776336186264	0.0631771468021822	0.034482758620689655	0.01639344262295082	0.4	0.819836637888477	0	0.022727272727272728
2bc794b05dce	0.06763153833293722	0.21984644927517105	0.3950483989694681	0.39053089920676354	0.2002668171680286	0.02702702702702703	0.125	0.2	0.2641201612339208	0	0.5
fc830652e6f6	0.0	0.11816600049205804	0.3311559610431165	0.2795048847884751	0.326621110772393	0.5	0.010416666666666666	1.0	1.0	0	0.5
10220ba53e32	0.2089607343063329	0.2310675454387666	0.3520811307382998	0.3082741218954018	0.33622423252135675	0.037037037037037035	0.02040816326530612	0.2	1.0	0	0.015384615384615385
db05f1401862	0.06763153833293722	0.052289288211202906	0.11246231544070878	0.06222484992148576	0.1263542936043644	0.037037037037037035	0.011363636363636364	0.2	1.0	0	0.01
8870deb3cd89	0.7360543015010115	0.7432839736633603	0.733626838882853	0.6902862430604149	0.720577898491306	0.02702702702702703	0.014705882352941176	0.2	0.2508523295824108	0	0.08333333333333333
76bcf372d6c4	0.9401799176380695	0.7980462924878657	0.841892805893336	0.824147051993886	0.7613609964039428	0.05555555555555555	0.029411764705882353	0.4	1.0	0	1.0
de915f74a7bf	0.06763153833293722	0.16155788157855885	0.240062131871887	0.2021018020798915	0.21855701922275933	0.05263157894736842	0.08333333333333333	0.2	1.0	0	0.3333333333333333
8874764e1fe3	0.0	0.052289288211202906	0.19724797884730702	0.11246238877989302	0.22648770218837871	0.03333333333333333	0.023809523809523808	0.4	1.0	0	0.038461538461538464
44728f9b507e	0.6870549771419744	0.6184711557779058	0.6727607037051548	0.579209999168733	0.7066285115030246	1.0	0.14285714285714285	1.0	0.819836637888477	1	1.0
a50cdaf71385	0.0	0.17877825722756366	0.2834084229327595	0.2431056809714042	0.2634439639702108	0.045454545454545456	0.012987012987012988	0.6	0.7169883280031308	0	1.0
81eabf6b8425	0.15283719984194166	0.28335683364996944	0.4693637168858254	0.4501108987754788	0.39105545483611553	0.09090909090909091	0.011627906976744186	0.4	1.0	0	0.045454545454545456
89dace4eb5e3	0.31221641060425004	0.3863333863334036	0.45836799534275946	0.4400206842355211	0.37616913439032323	0.037037037037037035	0.03125	0.2	1.0	0	0.16666666666666666
c8196ea006dc	0.0	0.14167841682498472	0.1746871247840085	0.11246238877989302	0.1895314404065466	0.03125	0.02857142857142857	0.6	0.7169883280031308	0	0.1
f15277be8b1c	0.427833289035875	0.37274596226375134	0.5071164607072851	0.4413457486232843	0.5186498404460089	0.25	0.014492753623188406	1.0	0.43339347763417224	0	0.0625
675e81e32523	0.0	0.0	0.11246231544070878	0.11246238877989302	0.0	0.09090909090909091	0.023255813953488372	0.4	1.0	0	0.043478260869565216
4c60665da485	0.32457761273795777	0.42016821050624265	0.49884436724308107	0.47103312915571055	0.44975438522753747	0.037037037037037035	0.010638297872340425	0.2	1.0	0	1.0
1f74053488c5	0.1156168784316249	0.3403361388061225	0.3916815759881601	0.3417297347099609	0.3845885335745019	0.045454545454545456	0.0625	0.6	0.5916741449658187	0	0.3333333333333333
bbac3d3dec30	0.15283719984194166	0.3492335459308247	0.43731011071919407	0.422781507587797	0.33622423252135675	0.02702702702702703	0.0125	0.2	0.25730251840121854	0	0.1111111111111111
313ca82fe335	0.0	0.0	0.0	0.0	0.0	0.0	0.0	0.0	0.0	0	0.0
50aec4be6437	0.0	0.052289288211202906	0.11246231544070878	0.0822567773113617	0.1001334085840143	0.045454545454545456	0.013333333333333334	0.6	0.7169883280031308	0	0.5
3c7035d6d025	0.25087995509749933	0.20755512910583993	0.3152364339923866	0.2666585099219055	0.30691337849138584	0.037037037037037035	0.09090909090909091	0.2	1.0	0	0.030303030303030304
5af91e08b3e2	0.3840709567051914	0.3356461218611724	0.6322352840739165	0.3869868278221867	0.6989963165210004	0.037037037037037035	0.043478260869565216	0.2	0.819836637888477	0	0.014492753623188406
0a6df743bcc7	0.06763153833293722	0.052289288211202906	0.16803434660440356	0.0986240537385567	0.1895314404065466	0.037037037037037035	0.010752688172043012	0.2	1.0	0	0.2
324ace413314	0.0	0.29694425771962174	0.346583203298102	0.2975193905947101	0.33847484949608225	0.044444444444444446	0.022727272727272728	0.6	0.7169883280031308	0	0.3333333333333333
8c31110375c5	0.9350472081371242	0.829080634531919	0.8781007659745617	0.8689093554294399	0.7424025860712729	0.16666666666666666	0.009259259259259259	1.0	0.41306061451697523	0	1.0
716f1b30e29d	0.1156168784316249	0.20755512910583993	0.3972247825032021	0.3719353461784922	0.34067122942285855	0.03333333333333333	0.011235955056179775	0.4	1.0	0	0.5
f2258c95c059	0.0	0.0	0.03639918008035379	0.0	0.0631771468021822	0.02702702702702703	0.018518518518518517	0.2	0.2641201612339208	0	0.047619047619047616
5bafad827a5e	0.3755152404765367	0.43645520751459366	0.5194980176560676	0.5061634569731308	0.4111438973422875	0.041666666666666664	0.009523809523809525	0.2	0.5484966740038834	0	0.02127659574468085
