revisions	files	functions	lines	addLines	deleteLines	pos	time	rf	ibf	isComponent	distance
1460cc49cf1c	0.8390205613507339	0.8408124689969846	0.9056863556294054	0.9056869462476781	0.0	1.0	0.029411764705882353	1.0	0.7778551352637721	1	1.0
b5ff439d65c8	0.11317273666594312	0.11816600049205804	0.16084879876695327	0.12444969984297151	0.16788202110402858	0.16666666666666666	0.125	1.0	1.0	0	0.07142857142857142
18c67f102f36	0.06620180705356699	0.19396770503618765	0.3022869412151867	0.2754236600741	0.289211404045951	0.058823529411764705	0.02857142857142857	1.0	1.0	0	0.5
85a3e43952a0	0.11317273666594312	0.37627936829392306	0.41113986904127436	0.354709005947806	0.4716721281729999	0.1111111111111111	0.022727272727272728	1.0	0.4959855581860092	0	0.05555555555555555
d31f25ca302d	0.0	0.17877825722756366	0.240062131871887	0.18667454976445727	0.27528261567738554	0.3333333333333333	0.02564102564102564	1.0	0.5628246073995486	0	0.07692307692307693
562d7a7e61ff	0.6141052321635888	0.6422497461012187	0.6984676413914814	0.6457203678570893	0.7993284388239601	0.16666666666666666	0.041666666666666664	1.0	1.0	1	0.1
3915a9571923	0.0	0.0	0.03639918008035379	0.0	0.07230285101148776	0.058823529411764705	0.037037037037037035	1.0	1.0	0	0.05555555555555555
f4db162c56be	0.43088877598780756	0.44285129116709593	0.6416112506761396	0.5815164389324804	0.7430771796938656	0.14285714285714285	0.1	1.0	0.7778551352637721	1	0.06666666666666667
5eb4cc049e7e	0.1496062201739993	0.21984644927517105	0.40689791028675587	0.39504865658934013	0.3315058605829001	0.14285714285714285	0.04	1.0	1.0	0	0.09090909090909091
507ef2bb7bda	0.26277895683994246	0.2413899532786789	0.4550427476424354	0.42196909043768166	0.4793213840036361	0.14285714285714285	0.05555555555555555	1.0	1.0	0	0.25
887eadc04fe4	0.9571449391108585	0.8058800956244184	0.8268074133456284	0.7989297784651308	0.8952794844069695	0.16666666666666666	0.047619047619047616	1.0	0.7778551352637721	1	1.0
a7afcb75c1d1	0.5119438860449188	0.4741003394381032	0.498148461247629	0.4390138907027561	0.5755308337454732	0.14285714285714285	0.030303030303030304	1.0	0.7778551352637721	1	0.019230769230769232
8283638bb116	0.06620180705356699	0.052289288211202906	0.2689311516998168	0.2067064771543332	0.3175770722143346	0.14285714285714285	0.03333333333333333	1.0	1.0	0	0.125
b8c63a046f4e	0.20454330265592138	0.38951777658204884	0.48759673934798464	0.4705593999170489	0.4570934251499796	0.07142857142857142	0.023809523809523808	1.0	0.6509002903755035	0	1.0
870bdb7ff9c8	0.11317273666594312	0.2413899532786789	0.35384141113454926	0.346583429312739	0.22919461509687367	0.05555555555555555	0.023255813953488372	1.0	0.08855874134702796	0	1.0
3194c864c099	0.33951820999782933	0.4098458026663303	0.580753812244476	0.58075419096699	0.0	0.14285714285714285	0.05263157894736842	1.0	1.0	0	0.2
493703d05279	0.6803070392171559	0.8309406848429126	0.8581113098000227	0.8580960291375812	0.1869001585599246	0.1	0.02040816326530612	1.0	0.27445214879681157	0	1.0
e60b3fd6ae38	0.26277895683994246	0.4151102582116798	0.5783560040180593	0.4895402388689294	0.6959661923600503	0.16666666666666666	0.14285714285714285	1.0	1.0	1	0.14285714285714285
d48881ff0d9c	0.3289807638935094	0.3956599494367154	0.48378464246843705	0.44799853114131427	0.5191278972113764	0.14285714285714285	0.07142857142857142	1.0	1.0	1	0.07692307692307693
2cf8af195faf	0.0	0.0	0.09862398942365351	0.0822567773113617	0.07230285101148776	0.1111111111111111	0.09090909090909091	1.0	1.0	0	0.25
2e42a3553a29	0.17937454371951006	0.14167841682498472	0.2852984174535528	0.28340860774971316	0.07230285101148776	0.14285714285714285	0.25	1.0	1.0	1	0.05263157894736842
4d8a4a572925	0.0	0.0	0.16803434660440356	0.06222484992148576	0.24018487211551637	0.1111111111111111	0.2	1.0	1.0	0	0.034482758620689655
a6b6e3cf36a4	0.8821153743072894	1.0	1.0	1.0	0.07230285101148776	0.3333333333333333	0.021739130434782608	1.0	0.0	0	1.0
9e2ab8e05ca3	0.0	0.0	0.08225672366991757	0.036399203817070964	0.11459730754843683	0.125	0.0625	1.0	1.0	0	0.08333333333333333
b3dcb286377d	0.11317273666594312	0.26816738584134553	0.4097480361401522	0.3572619215579765	0.4646372631196007	0.09090909090909091	0.02127659574468085	1.0	0.44252815129885004	0	1.0
21eeb03f9df8	0.2925472803854532	0.21984644927517105	0.41948649792296083	0.39110820976487704	0.4253318639517733	0.14285714285714285	0.03225806451612903	1.0	1.0	0	0.2
3a2ee09f7096	0.22634547333188618	0.29694425771962174	0.3807499416331062	0.3555680697512972	0.37086178576992634	0.14285714285714285	0.07692307692307693	1.0	1.0	0	0.5
8870deb3cd89	0.7204941074833855	0.7432839736633603	0.733626838882853	0.6902862430604149	0.8246626996296749	0.058823529411764705	0.025	1.0	0.08855874134702796	0	0.25
bb276c9cffeb	0.2783406069239331	0.46910766745501303	0.5121861686322841	0.5093026398385373	0.31248772312700407	0.1111111111111111	0.02702702702702703	1.0	0.6509002903755035	0	1.0
d60a316646f0	0.1496062201739993	0.16155788157855885	0.22673825668313485	0.21526261328334842	0.1446057020229755	0.125	0.06666666666666667	1.0	1.0	0	0.14285714285714285
d0bc44447e65	0.5683951099433778	0.6874022177069344	0.6181220070797211	0.5580739452023848	0.7157517287076497	0.1111111111111111	0.02631578947368421	1.0	0.44252815129885004	0	0.5
26b76d6dd17e	0.0	0.0	0.1530376635625889	0.12444969984297151	0.1446057020229755	0.07142857142857142	0.022222222222222223	1.0	1.0	0	0.16666666666666666
c10c7aa5e95f	0.2783406069239331	0.21984644927517105	0.2754234804643054	0.268931327075819	0.1446057020229755	0.14285714285714285	0.3333333333333333	1.0	1.0	1	0.047619047619047616
4eb20f0e3a98	0.0	0.0	0.03639918008035379	0.0	0.07230285101148776	0.1111111111111111	0.043478260869565216	1.0	1.0	0	0.058823529411764705
592ac82ae14f	0.06620180705356699	0.16155788157855885	0.223073608110253	0.2021018020798915	0.1869001585599246	0.14285714285714285	1.0	1.0	1.0	0	0.043478260869565216
032c630a740d	0.0	0.0	0.12444961868659946	0.0986240537385567	0.11459730754843683	0.1111111111111111	0.08333333333333333	1.0	1.0	0	0.2
61ea7d09fe47	0.11317273666594312	0.08938912861378186	0.240062131871887	0.2021018020798915	0.2501267689067625	0.14285714285714285	0.5	1.0	1.0	1	0.0625
e482f2c5d40e	0.06620180705356699	0.11816600049205804	0.16084879876695327	0.12444969984297151	0.16788202110402858	0.058823529411764705	0.03571428571428571	1.0	1.0	0	0.16666666666666666
eec1d655792b	0.11317273666594312	0.08938912861378186	0.1921167866513249	0.11246238877989302	0.2501267689067625	0.14285714285714285	0.038461538461538464	1.0	1.0	0	0.01818181818181818
fa691fec980b	0.0	0.08938912861378186	0.24889923737319897	0.2431056809714042	0.11459730754843683	0.1111111111111111	0.020833333333333332	1.0	1.0	0	0.2
b4085d2e2003	0.3289807638935094	0.4621350908775332	0.4700828509626587	0.4247809551034229	0.5226642007679817	0.07142857142857142	0.027777777777777776	1.0	0.5628246073995486	0	1.0
66e321cd8f1b	0.33951820999782933	0.39862470650273474	0.41606622047784897	0.354709005947806	0.48345305140516265	0.125	0.058823529411764705	1.0	1.0	1	0.041666666666666664
7012373d248c	0.1496062201739993	0.38951777658204884	0.4696040689005133	0.4676632944921593	0.22919461509687367	0.3333333333333333	0.045454545454545456	1.0	0.27445214879681157	0	0.14285714285714285
6b904670d0c2	0.0	0.0	0.11246231544070878	0.036399203817070964	0.16788202110402858	0.1111111111111111	0.16666666666666666	1.0	1.0	0	0.05263157894736842
e110f84cf0a0	0.17937454371951006	0.25094701019234067	0.43451544383084056	0.23025930610483455	0.5663402796835236	0.14285714285714285	0.05	1.0	1.0	0	0.16666666666666666
e37e5739e10b	0.2783406069239331	0.39262542701732545	0.5162740291103974	0.5020785173973866	0.47279982526000147	0.14285714285714285	0.034482758620689655	1.0	1.0	0	0.25
35d80eec8950	0.06620180705356699	0.052289288211202906	0.08225672366991757	0.036399203817070964	0.11459730754843683	0.14285714285714285	0.03125	1.0	1.0	0	0.018867924528301886
84546331377b	0.30561615310343543	0.32572112959789795	0.3998730991509049	0.37334909952891454	0.3970766362009022	0.14285714285714285	0.1111111111111111	1.0	1.0	0	0.1111111111111111
c31b1a730e25	0.0	0.0	0.08225672366991757	0.06222484992148576	0.07230285101148776	0.058823529411764705	0.024390243902439025	1.0	1.0	0	0.02631578947368421
