revisions	files	functions	lines	addLines	deleteLines	pos	time	rf	ibf	isComponent	distance
139f75ec7e19	0.47639535725589305	0.4789069051958307	0.4231846996354073	0.3333728694339155	0.5169471007513609	0.25	0.09090909090909091	1.0	0.8218234495051137	1	0.058823529411764705
d84ddbe60be0	0.0	0.052289288211202906	0.08225672366991757	0.036399203817070964	0.11459730754843683	0.16666666666666666	0.0625	1.0	0.8218234495051137	0	0.019230769230769232
a6b6e3cf36a4	0.8821153743072894	1.0	1.0	1.0	0.07230285101148776	0.06666666666666667	0.02857142857142857	1.0	0.19792631395530566	0	1.0
bb5436a892c1	0.0	0.0	0.0	0.0	0.0	0.0	0.0	0.0	0.0	0	0.0
cee0ef87cf7d	0.06620180705356699	0.17877825722756366	0.20670634235651703	0.18088083104991842	0.1869001585599246	0.14285714285714285	0.07692307692307693	1.0	0.8218234495051137	1	1.0
2f12a69d0350	0.44750721776085767	0.5393224246657808	0.6054766491069599	0.5875857418462572	0.5977122355956357	0.14285714285714285	0.047619047619047616	1.0	0.8218234495051137	1	0.5
82d0fd8fa772	0.39877114937897573	0.4469456430689092	0.4931199471182676	0.45419212348985394	0.5369401141310884	0.08333333333333333	0.03571428571428571	1.0	0.7199963091043476	1	0.25
a32c31c1d811	0.2925472803854532	0.46566849690770495	0.5462141757861175	0.5334939095215405	0.4967469567146208	0.16666666666666666	0.1111111111111111	1.0	0.8218234495051137	0	0.07142857142857142
8870deb3cd89	0.7204941074833855	0.7432839736633603	0.733626838882853	0.6902862430604149	0.8246626996296749	0.06666666666666667	0.030303030303030304	1.0	0.26895695005899506	0	0.25
0a5c9092b3c6	0.0	0.052289288211202906	0.346583203298102	0.285298603503014	0.4038087115943879	0.16666666666666666	0.04	1.0	0.8218234495051137	0	0.3333333333333333
6d4218a64fda	0.0	0.0	0.14448153301321734	0.12444969984297151	0.11459730754843683	0.25	0.14285714285714285	1.0	1.0	1	0.125
e8f5a250419d	0.0	0.052289288211202906	0.25166165298624243	0.23364731129418437	0.2029797646658978	0.1111111111111111	0.03225806451612903	1.0	1.0	1	0.2
057a8a65ce0e	0.06620180705356699	0.17877825722756366	0.20670634235651703	0.2067064771543332	0.0	0.14285714285714285	0.06666666666666667	1.0	0.8218234495051137	1	0.3333333333333333
988ce607c302	0.30561615310343543	0.26816738584134553	0.35726168857966106	0.32169780732008496	0.3738003171198492	0.14285714285714285	0.2	1.0	0.8218234495051137	1	1.0
d210e216731a	0.0	0.11816600049205804	0.3484535089441898	0.3152366395650962	0.35820251771156464	0.3333333333333333	0.08333333333333333	0.5	1.0	1	0.3333333333333333
f2c5bd530146	0.22634547333188618	0.3653747416205808	0.4410160240245239	0.3851609042166359	0.5053018276739539	0.25	0.034482758620689655	1.0	1.0	1	0.25
99f711bfc283	0.37595169350588553	0.49923493128011215	0.5504089319680685	0.49584909528089904	0.6300647953413387	0.16666666666666666	0.1	1.0	0.5957432788344933	0	0.3333333333333333
d281dd605e9f	0.11317273666594312	0.17877825722756366	0.23691193412730824	0.2067064771543332	0.22919461509687367	0.16666666666666666	0.038461538461538464	1.0	0.8218234495051137	0	0.02564102564102564
ffee7035de1b	0.17937454371951006	0.21984644927517105	0.30971029428801583	0.24889939968594305	0.36151425505743884	0.16666666666666666	0.045454545454545456	1.0	0.8218234495051137	0	0.041666666666666664
8c23756b7c1e	0.0	0.052289288211202906	0.2852984174535528	0.2754236600741	0.1869001585599246	0.16666666666666666	0.041666666666666664	1.0	0.8218234495051137	0	0.2
0bf225a10fc1	0.06620180705356699	0.08938912861378186	0.2192529709249519	0.21526261328334842	0.07230285101148776	0.08333333333333333	0.5	1.0	0.5957432788344933	0	1.0
bfda74157943	0.0	0.16155788157855885	0.16803434660440356	0.0986240537385567	0.21690855303446327	0.1111111111111111	0.05263157894736842	1.0	1.0	1	0.2
9e8471cd2292	0.0	0.2759856130067989	0.3733488560597984	0.33227136503274113	0.4038087115943879	0.09090909090909091	0.3333333333333333	1.0	0.7199963091043476	0	1.0
4c6dfd082e65	0.11317273666594312	0.17877825722756366	0.2852984174535528	0.27748746320483414	0.16788202110402858	0.1	0.058823529411764705	1.0	0.7199963091043476	0	1.0
6e19c54c4a06	0.2783406069239331	0.2413899532786789	0.33659831966454223	0.32044224164478247	0.2824793286524654	0.25	0.05	1.0	0.8218234495051137	1	0.05
89f954dc6548	0.11317273666594312	0.25094701019234067	0.3502856424098959	0.3484537361784948	0.11459730754843683	0.2857142857142857	0.07142857142857142	1.0	1.0	1	1.0
25b7ec83be0c	0.31771603932186443	0.4250352504749542	0.4641617102790876	0.45188276186875476	0.3993692771615121	0.16666666666666666	0.25	1.0	0.8218234495051137	0	0.5
870bdb7ff9c8	0.11317273666594312	0.2413899532786789	0.35384141113454926	0.346583429312739	0.22919461509687367	0.07142857142857142	0.029411764705882353	1.0	0.26895695005899506	0	1.0
a0b915b94780	0.26277895683994246	0.3615248661001558	0.4839893664428178	0.42712295268425454	0.556261041246898	0.25	0.03333333333333333	1.0	1.0	1	0.25
1b8a3e40ee3b	0.3289807638935094	0.40435726148239093	0.4618365650087258	0.4049465448062133	0.530692081205235	0.25	0.05555555555555555	1.0	0.8218234495051137	1	0.14285714285714285
092aa24f8e83	0.0	0.11816600049205804	0.240062131871887	0.22307375358152826	0.1869001585599246	0.16666666666666666	0.125	1.0	0.8218234495051137	0	0.022727272727272728
e5b7641be504	0.0	0.08938912861378186	0.08225672366991757	0.0822567773113617	0.0	0.25	0.037037037037037035	1.0	1.0	1	0.043478260869565216
2ddbcd35497d	0.0	0.17877825722756366	0.2619324331157728	0.22307375358152826	0.27528261567738554	0.07692307692307693	1.0	1.0	0.5957432788344933	0	1.0
221055136cad	0.0	0.19396770503618765	0.25434159599462464	0.22307375358152826	0.2501267689067625	0.16666666666666666	0.043478260869565216	1.0	0.8218234495051137	0	0.023809523809523808
ef0215bd4ff9	0.5287911628182193	0.6349567074868508	0.7469712555814763	0.7469717426980923	0.0	0.3333333333333333	0.16666666666666666	0.5	1.0	1	1.0
