revisions	files	functions	lines	addLines	deleteLines	pos	time	rf	ibf	isComponent	distance
3bafb8c7f62b	0.2925472803854532	0.26816738584134553	0.4455216288535919	0.4308954187712978	0.39473247092973796	0.125	0.03225806451612903	0.01694915254237288	1.0	1	0.05263157894736842
da95a1b91da7	0.7575202368179959	0.9333001968632375	0.9488005359155721	0.9488011546495635	0.0	0.030303030303030304	0.01694915254237288	0.01694915254237288	1.0	0	1.0
cc99b9e71af9	0.22634547333188618	0.32045667405254846	0.448606861145672	0.42196909043768166	0.4531065335726603	0.05555555555555555	0.023255813953488372	0.01694915254237288	0.8218234495051137	0	1.0
acd7e75dd63e	0.0	0.29694425771962174	0.37264476285153675	0.3111242496074288	0.43381710606892654	0.08333333333333333	0.08333333333333333	0.05084745762711864	0.8218234495051137	0	1.0
ade58c61d69a	0.0	0.0	0.23364715892766083	0.18088083104991842	0.26755234161774716	0.029411764705882353	0.007874015748031496	0.01694915254237288	1.0	0	0.14285714285714285
2f93a97021f9	0.17937454371951006	0.11816600049205804	0.2711478426908739	0.2711480195124297	0.0	0.045454545454545456	0.010416666666666666	0.11864406779661017	1.0	0	1.0
0e36336f74a9	0.17937454371951006	0.052289288211202906	0.3845436648851043	0.38454391565460494	0.0	0.024390243902439025	0.0125	0.0847457627118644	0.8218234495051137	0	1.0
157bcbd8d0f7	0.17937454371951006	0.16155788157855885	0.30971029428801583	0.0822567773113617	0.4253318639517733	0.1111111111111111	0.005988023952095809	0.01694915254237288	1.0	0	1.0
ba502b52fbfd	0.06620180705356699	0.21984644927517105	0.31251587961762084	0.3082741218954018	0.1446057020229755	0.037037037037037035	0.0064516129032258064	0.01694915254237288	1.0	0	1.0
3e658a03c59b	0.06620180705356699	0.16155788157855885	0.2302591559477033	0.21108644251844974	0.1869001585599246	0.029411764705882353	0.011494252873563218	0.01694915254237288	0.8218234495051137	0	1.0
5f26d9639e6f	0.0	0.0	0.1808807130935711	0.1350232575556277	0.2029797646658978	0.023622047244094488	0.018867924528301886	0.06779661016949153	0.8218234495051137	0	1.0
fcb88996f339	0.0	0.0	0.14448153301321734	0.0986240537385567	0.16788202110402858	0.2	0.005434782608695652	0.01694915254237288	1.0	0	0.16666666666666666
52cb3b8b05b0	0.11317273666594312	0.16155788157855885	0.223073608110253	0.21925311390470442	0.07230285101148776	0.14285714285714285	0.014925373134328358	0.3559322033898305	1.0	0	0.05263157894736842
e274f86bbc92	0.0	0.0	0.1921167866513249	0.11246238877989302	0.2501267689067625	0.125	0.045454545454545456	0.01694915254237288	1.0	0	0.022222222222222223
55d9dfb8117d	0.06620180705356699	0.16155788157855885	0.3613615528139077	0.3082741218954018	0.41013252437435255	0.14285714285714285	0.007633587786259542	0.3559322033898305	1.0	0	0.023809523809523808
f8f6a08506d6	0.0	0.0	0.1808807130935711	0.1350232575556277	0.2029797646658978	0.1111111111111111	0.008547008547008548	0.0847457627118644	1.0	0	0.5
13dd1c8bd1ba	0.06620180705356699	0.16155788157855885	0.40445167108458346	0.33764850999558577	0.4761115626058756	0.034482758620689655	0.0072992700729927005	0.01694915254237288	1.0	0	1.0
af5d23c92a0c	0.0	0.0	0.2689311516998168	0.22307375358152826	0.29553521682591577	0.125	0.005813953488372093	0.3559322033898305	0.8218234495051137	0	0.5
a79d00ffbaa5	0.22634547333188618	0.32045667405254846	0.4138604234160401	0.3961434443332668	0.37665833054636344	0.03225806451612903	0.009174311926605505	0.01694915254237288	1.0	0	1.0
1f70f13bd8f8	0.0	0.14167841682498472	0.34563323227605924	0.29248415602632033	0.392334412108113	0.041666666666666664	0.02564102564102564	0.03389830508474576	1.0	0	1.0
f64ab851da28	0.45771515064344315	0.4865399761879694	0.6278553215660712	0.6278145419776997	0.07230285101148776	0.3333333333333333	0.006666666666666667	0.01694915254237288	0.8218234495051137	0	1.0
bbc033cb2f59	0.7996886512097446	0.8332790294023129	0.8291252246666351	0.8199193358955581	0.792909609805809	0.058823529411764705	0.008695652173913044	0.11864406779661017	1.0	0	1.0
3d062790709b	0.17937454371951006	0.11816600049205804	0.33971209159248816	0.33971231312631994	0.0	0.03225806451612903	0.01098901098901099	0.01694915254237288	1.0	0	1.0
0e220f80bad0	0.43088877598780756	0.44075431402818516	0.5455985978961536	0.5437264794549814	0.3071372701121112	0.125	0.0053475935828877	0.01694915254237288	1.0	0	0.05555555555555555
41a469bdeae8	0.11317273666594312	0.26816738584134553	0.4700828509626587	0.39394035260608323	0.5607004756797738	0.16666666666666666	0.005235602094240838	0.01694915254237288	1.0	0	0.3333333333333333
3d3a2c23e751	0.06620180705356699	0.11816600049205804	0.2569438484539261	0.25166181710041935	0.11459730754843683	0.1111111111111111	0.017857142857142856	0.23728813559322035	1.0	0	0.14285714285714285
461881f6c621	0.22634547333188618	0.3653747416205808	0.36451175055848645	0.32044224164478247	0.3993692771615121	0.024390243902439025	0.009708737864077669	0.01694915254237288	1.0	0	1.0
8cddd47108c6	0.22634547333188618	0.2759856130067989	0.41650094977225893	0.38877635184434883	0.4198883177003611	0.125	0.006493506493506494	0.01694915254237288	1.0	0	0.03125
c240b9fda7ab	0.06620180705356699	0.11816600049205804	0.28147778026825165	0.23691208862286453	0.3071372701121112	0.25	0.007518796992481203	0.8305084745762712	1.0	1	0.125
9e47a7e58e16	1.0	0.9371841773881086	0.9848773102164967	0.9848779524769572	0.0	0.08333333333333333	0.00909090909090909	0.01694915254237288	0.8218234495051137	0	1.0
0c20068ebf99	0.11317273666594312	0.17877825722756366	0.3933807703864162	0.32888335984339123	0.4609335261970364	0.16666666666666666	0.0056179775280898875	0.01694915254237288	1.0	0	1.0
bb5436a892c1	0.0	0.0	0.0	0.0	0.0	0.0	0.0	0.0	0.0	0	0.0
17b41e676e3e	0.06620180705356699	0.11816600049205804	0.30681419075174	0.27748746320483414	0.30149746610836137	0.025	0.005917159763313609	0.0847457627118644	0.8218234495051137	0	1.0
a8bcd0e69be4	0.3675768451890223	0.2310675454387666	0.3386861212955405	0.3300269610717857	0.22919461509687367	0.04	0.00980392156862745	0.11864406779661017	0.8218234495051137	1	1.0
f0b4287e3b99	0.0	0.052289288211202906	0.20210167028488468	0.16803445618334878	0.2029797646658978	0.03571428571428571	0.007751937984496124	0.01694915254237288	1.0	0	1.0
c450475c7bd4	0.0	0.16155788157855885	0.33553592355096173	0.2907409656735231	0.3678380678374035	0.07462686567164178	0.027777777777777776	0.11864406779661017	0.8218234495051137	0	1.0
5214b7ce4bf6	0.0	0.0	0.0	0.0	0.0	0.0	0.0	0.0	0.0	0	0.0
2bdc0712b6f7	0.0	0.08938912861378186	0.1530376635625889	0.12444969984297151	0.1446057020229755	0.03333333333333333	0.03571428571428571	0.01694915254237288	1.0	0	0.5
3b937d61c9a6	0.11317273666594312	0.26816738584134553	0.3899495976898972	0.34272169488472753	0.43381710606892654	0.0625	0.02127659574468085	0.03389830508474576	1.0	0	1.0
a42de38c7be3	0.20454330265592138	0.2903294102274493	0.39559746137747337	0.3229360542951501	0.4716721281729999	0.3333333333333333	0.011627906976744186	0.8305084745762712	0.8218234495051137	1	0.058823529411764705
843eb014e939	0.11317273666594312	0.35346216255331403	0.48337378855285384	0.43731039589887094	0.5393381729527135	0.08333333333333333	0.014084507042253521	0.05084745762711864	1.0	0	0.3333333333333333
03bdc8339349	0.0	0.08938912861378186	0.2754234804643054	0.23025930610483455	0.30149746610836137	0.09090909090909091	0.016666666666666666	0.15254237288135594	1.0	0	1.0
b9454eb06196	0.06620180705356699	0.19396770503618765	0.2975191965758062	0.23691208862286453	0.3475854666888733	0.3333333333333333	0.006756756756756757	0.8305084745762712	1.0	1	0.047619047619047616
6de6a74783af	0.20454330265592138	0.20755512910583993	0.32772478834659746	0.29587216121567017	0.3315058605829001	0.16666666666666666	0.00558659217877095	0.01694915254237288	1.0	0	0.07142857142857142
2ba773227a9a	0.06620180705356699	0.11816600049205804	0.24310552243687084	0.21526261328334842	0.22919461509687367	0.16666666666666666	0.015873015873015872	0.01694915254237288	1.0	0	1.0
909805c2e1b0	0.0	0.0	0.14448153301321734	0.11246238877989302	0.1446057020229755	0.1111111111111111	0.00847457627118644	0.0847457627118644	1.0	0	1.0
34bd521b18f6	0.2925472803854532	0.3356461218611724	0.4432970903671096	0.40543844457067363	0.4771925149174606	0.14285714285714285	0.005681818181818182	0.01694915254237288	1.0	0	0.3333333333333333
b59ed1dad51e	0.0	0.2310675454387666	0.37193510363131554	0.3712200317770567	0.07230285101148776	0.02702702702702703	0.014285714285714285	0.01694915254237288	0.7199963091043476	0	1.0
f7e9a6739560	0.22634547333188618	0.32045667405254846	0.40445167108458346	0.36528256366046225	0.4354343627217757	0.02631578947368421	0.038461538461538464	0.03389830508474576	0.5528664994461185	0	1.0
59b27c76d200	0.0	0.052289288211202906	0.1746871247840085	0.1444816272328475	0.16788202110402858	0.029411764705882353	0.012345679012345678	0.01694915254237288	1.0	0	1.0
74af912aa063	0.11317273666594312	0.25094701019234067	0.3807499416331062	0.3781289385270319	0.16788202110402858	0.16666666666666666	0.0136986301369863	0.0847457627118644	1.0	0	0.015873015873015872
bd6b2c35cf80	0.3839178463754314	0.5144243790887361	0.5819291191403806	0.5763324617117263	0.4570934251499796	0.023255813953488372	0.008771929824561403	0.01694915254237288	1.0	0	1.0
c8dba40d8480	0.06620180705356699	0.14167841682498472	0.21526247290588865	0.16084890366004248	0.2501267689067625	0.1111111111111111	0.008333333333333333	0.0847457627118644	1.0	0	0.5
7d2bcc8d9eb7	0.26277895683994246	0.25094701019234067	0.41606622047784897	0.4160664918039112	0.0	0.037037037037037035	0.010752688172043012	0.01694915254237288	1.0	0	1.0
835bcb04ab2b	0.06620180705356699	0.17877825722756366	0.240062131871887	0.22307375358152826	0.1869001585599246	0.04	0.05263157894736842	0.03389830508474576	1.0	0	1.0
587bfad47048	0.06620180705356699	0.3653747416205808	0.42712267414803223	0.3839226572415707	0.46937948721239	0.05333333333333334	0.009523809523809525	0.1694915254237288	1.0	0	1.0
a015bc04abcd	0.06620180705356699	0.25094701019234067	0.3922515551972836	0.3719353461784922	0.3647240764551993	0.16666666666666666	0.006024096385542169	0.01694915254237288	1.0	0	1.0
c27b45eb0cd0	0.0	0.19396770503618765	0.38329681951029215	0.3355361423614212	0.4270850306754409	0.125	0.05	0.01694915254237288	1.0	0	0.0196078431372549
8bc8d1cd23df	0.4807495818549654	0.5311961934070335	0.6640621244208003	0.628471309295926	0.7275146227663205	0.030303030303030304	0.007692307692307693	0.01694915254237288	0.7199963091043476	0	1.0
2329c1cf663c	0.7185029395624528	0.7570939017138881	0.7692877838963705	0.7667827115213957	0.5917898224658975	0.03125	0.008928571428571428	0.01694915254237288	1.0	0	1.0
3d3c7e2888d4	0.1496062201739993	0.3032362984035436	0.52976507645893	0.3253624582827659	0.6767365779648234	0.10576923076923077	0.017543859649122806	0.3389830508474576	1.0	0	1.0
4913543cffb9	0.0	0.11816600049205804	0.2689311516998168	0.24006228842175747	0.25920300957141235	0.08333333333333333	0.05555555555555555	0.0847457627118644	1.0	0	1.0
80d99fb0cc60	0.06620180705356699	0.08938912861378186	0.2871494402247173	0.2543417618564522	0.289211404045951	0.14285714285714285	0.007142857142857143	0.3559322033898305	1.0	0	0.05555555555555555
faaaa849228c	0.0	0.0	0.1530376635625889	0.1444816272328475	0.07230285101148776	0.03125	0.011363636363636364	0.01694915254237288	1.0	0	1.0
d9b775161740	0.11317273666594312	0.19396770503618765	0.4019369009357878	0.3355361423614212	0.47279982526000147	0.16666666666666666	0.006944444444444444	0.01694915254237288	1.0	0	0.5
d71c809a774e	0.06620180705356699	0.16155788157855885	0.26665833602805705	0.24889939968594305	0.21690855303446327	0.125	0.0055248618784530384	0.01694915254237288	1.0	0	0.02857142857142857
06837c765389	0.06620180705356699	0.2759856130067989	0.4039543212038241	0.372645005861498	0.41609477365679826	0.03225806451612903	0.010101010101010102	0.01694915254237288	1.0	0	0.047619047619047616
4c8b2e081042	0.45771515064344315	0.41250489177089955	0.5094564217813707	0.45100120176583464	0.5877703388043897	0.1111111111111111	0.025	0.01694915254237288	0.8218234495051137	1	1.0
4ed05b99cb06	0.11317273666594312	0.2413899532786789	0.4410160240245239	0.3916818314124518	0.49585157813032343	0.022222222222222223	0.013333333333333334	0.01694915254237288	1.0	0	1.0
d0216ad21b66	0.1496062201739993	0.26816738584134553	0.3807499416331062	0.3572619215579765	0.3647240764551993	0.025	0.5	0.03389830508474576	0.7199963091043476	0	1.0
9e29145f1f6b	0.45771515064344315	0.3492335459308247	0.4722063213598148	0.470321594526592	0.22919461509687367	1.0	0.006711409395973154	1.0	1.0	1	1.0
f204be66af56	0.0	0.052289288211202906	0.14448153301321734	0.1444816272328475	0.0	0.125	0.02631578947368421	0.01694915254237288	1.0	0	0.023809523809523808
516fab3f47e1	0.06620180705356699	0.3032362984035436	0.471972845483452	0.4390138907027561	0.49851498149181356	0.1	0.009345794392523364	0.05084745762711864	1.0	0	1.0
2ac979e39943	0.1496062201739993	0.38951777658204884	0.4626183240030097	0.4383363668648766	0.4609335261970364	0.029411764705882353	0.009615384615384616	0.01694915254237288	1.0	0	1.0
0e5127b55d49	0.0	0.08938912861378186	0.20670634235651703	0.2067064771543332	0.0	0.125	0.041666666666666664	0.01694915254237288	1.0	0	0.2
1a326f3d4525	0.06620180705356699	0.16155788157855885	0.23364715892766083	0.21526261328334842	0.1869001585599246	0.1111111111111111	0.015151515151515152	0.0847457627118644	1.0	0	1.0
80bc940b21ca	0.24557635077307707	0.3403361388061225	0.4623584933618228	0.45419212348985394	0.35820251771156464	0.038461538461538464	0.011235955056179775	0.01694915254237288	1.0	0	0.1111111111111111
75d78a90d621	0.6451343631012648	0.681328570390296	0.7051164009447538	0.6858004205406656	0.720450253191674	0.11290322580645161	0.008130081300813009	0.4406779661016949	0.4872331722265683	0	1.0
fac0b2f49667	0.06620180705356699	0.052289288211202906	0.2460491115198026	0.22307375358152826	0.21690855303446327	0.02631578947368421	0.007936507936507936	0.0847457627118644	0.8218234495051137	0	1.0
891f4ceca501	0.11317273666594312	0.25094701019234067	0.2871494402247173	0.2795048847884751	0.16788202110402858	0.125	0.008620689655172414	0.01694915254237288	1.0	0	0.012048192771084338
030c66118c3c	0.0	0.052289288211202906	0.09862398942365351	0.0986240537385567	0.0	0.125	0.3333333333333333	0.01694915254237288	1.0	0	0.009259259259259259
f1888f1d73a3	0.11317273666594312	0.17877825722756366	0.3437025896115514	0.2941941407259178	0.3847905741384919	0.07692307692307693	0.0070921985815602835	0.01694915254237288	1.0	0	1.0
9cc2d4ea6add	0.0	0.11816600049205804	0.1530376635625889	0.12444969984297151	0.1446057020229755	0.25	0.006802721088435374	0.8305084745762712	1.0	1	0.3333333333333333
7620cf8ef36f	0.3675768451890223	0.43862267454460646	0.4841936246057054	0.4120561806379748	0.5734149201290525	0.1271186440677966	0.006535947712418301	0.559322033898305	0.7199963091043476	0	1.0
dd8c9154d4a9	0.7253683126045948	0.752841030577022	0.8016616028170425	0.8016621255984538	0.0	0.024390243902439025	0.021739130434782608	0.01694915254237288	1.0	0	1.0
512c70ac8e6f	0.06620180705356699	0.3356461218611724	0.2619324331157728	0.2067064771543332	0.30149746610836137	0.027777777777777776	0.011764705882352941	0.01694915254237288	0.7199963091043476	0	1.0
99f711bfc283	0.37595169350588553	0.49923493128011215	0.5504089319680685	0.49584909528089904	0.6300647953413387	0.03164556962025316	0.017241379310344827	0.1864406779661017	0.5957432788344933	0	1.0
c4004ea3687f	0.41238517701394173	0.3356461218611724	0.30681419075174	0.24604927197391604	0.35820251771156464	0.037037037037037035	0.007575757575757576	0.01694915254237288	1.0	0	0.017543859649122806
a54bc24dcb81	0.7754311899653076	0.8450196245244627	0.836064422993992	0.8255647794665045	0.8139412359687405	0.0625	0.010309278350515464	0.11864406779661017	1.0	0	1.0
313ca82fe335	0.0	0.0	0.0	0.0	0.0	0.0	0.0	0.0	0.0	0	0.0
f1dafc439473	0.0	0.11816600049205804	0.16084879876695327	0.1350232575556277	0.1446057020229755	0.08333333333333333	0.014705882352941176	0.01694915254237288	1.0	0	0.037037037037037035
f1d579860625	0.1496062201739993	0.3653747416205808	0.382032412356413	0.37334909952891454	0.27528261567738554	0.02857142857142857	0.010869565217391304	0.01694915254237288	0.7199963091043476	0	1.0
50c0b0794df3	0.0	0.14167841682498472	0.2110863048643623	0.21108644251844974	0.0	0.125	0.005376344086021506	0.01694915254237288	1.0	0	0.037037037037037035
a3bffb91336d	0.0	0.052289288211202906	0.24889923737319897	0.21925311390470442	0.24018487211551637	0.08333333333333333	0.01639344262295082	0.15254237288135594	1.0	0	1.0
8027842efbc0	0.06620180705356699	0.08938912861378186	0.2192529709249519	0.21108644251844974	0.11459730754843683	0.024390243902439025	0.047619047619047616	0.03389830508474576	0.7199963091043476	0	1.0
c132a3995ece	0.20454330265592138	0.4098458026663303	0.5571731582363013	0.5531953603999847	0.39473247092973796	0.1111111111111111	0.02040816326530612	0.11864406779661017	0.8218234495051137	0	1.0
dc23423fc28a	0.0	0.052289288211202906	0.20210167028488468	0.1921169119349664	0.11459730754843683	0.16666666666666666	0.005952380952380952	0.01694915254237288	1.0	0	0.2
d3f6653ef391	0.06620180705356699	0.14167841682498472	0.23691193412730824	0.23025930610483455	0.11459730754843683	0.16666666666666666	0.006211180124223602	0.01694915254237288	1.0	0	0.14285714285714285
1681e9bf49ea	0.06620180705356699	0.3403361388061225	0.35726168857966106	0.30072585581844824	0.41013252437435255	0.037037037037037035	0.043478260869565216	0.03389830508474576	0.7199963091043476	0	1.0
880c34ae13d8	0.0	0.28335683364996944	0.3311559610431165	0.3097104962570064	0.30149746610836137	0.04	0.009900990099009901	0.1694915254237288	0.8218234495051137	0	1.0
162a51b9a5ba	0.5553262372253955	0.6435724372096662	0.5948304168987303	0.4808686904903751	0.7291603983428209	0.027777777777777776	0.011111111111111112	0.0847457627118644	1.0	0	1.0
5cf08a0df992	0.22634547333188618	0.3797185388412312	0.49936277921615213	0.46261862568673695	0.5393381729527135	0.125	0.125	0.01694915254237288	1.0	0	0.02564102564102564
f7d9047970fe	0.24557635077307707	0.21984644927517105	0.4151903947615779	0.40295154087343216	0.34379192264531044	0.125	0.09090909090909091	0.01694915254237288	1.0	0	1.0
da4080f9a31b	0.17937454371951006	0.3032362984035436	0.37812869194087817	0.3712200317770567	0.2501267689067625	0.034482758620689655	0.07142857142857142	0.03389830508474576	0.7199963091043476	0	0.5
4f26ae04f798	0.06620180705356699	0.052289288211202906	0.23364715892766083	0.1972481074771134	0.24018487211551637	0.125	0.005780346820809248	0.3559322033898305	0.8218234495051137	0	0.25
accf68f0c4e4	0.4931560855267949	0.4923369634710196	0.4776349629021611	0.410214649757849	0.5611822823774625	0.14285714285714285	0.1	0.01694915254237288	0.8218234495051137	0	1.0
9c2e192820ff	0.0	0.0	0.12444961868659946	0.06222484992148576	0.16788202110402858	0.3333333333333333	0.006896551724137931	0.8305084745762712	1.0	1	0.125
bf61423c255b	0.1496062201739993	0.08938912861378186	0.16803434660440356	0.15303776336186264	0.11459730754843683	0.125	0.005405405405405406	0.01694915254237288	1.0	0	0.047619047619047616
728d99a4489b	0.11317273666594312	0.17877825722756366	0.2619324331157728	0.21108644251844974	0.29553521682591577	0.029411764705882353	0.012987012987012988	0.01694915254237288	1.0	0	0.5
78cd75aa86db	0.24557635077307707	0.29694425771962174	0.46692412589213106	0.46517639079491796	0.21690855303446327	0.04	0.005747126436781609	0.01694915254237288	1.0	0	1.0
b91bb5a5841c	0.2925472803854532	0.38951777658204884	0.4698437791200057	0.3851609042166359	0.5672512982655408	0.3333333333333333	0.02857142857142857	0.8305084745762712	1.0	1	0.043478260869565216
2c797fd1523d	0.06620180705356699	0.11816600049205804	0.25434159599462464	0.2431056809714042	0.16788202110402858	0.125	0.005494505494505495	0.01694915254237288	1.0	0	0.03225806451612903
f2df61d7f8f5	0.22634547333188618	0.33077908189246075	0.4965626637515171	0.45447666091475725	0.5473221422276275	0.030303030303030304	0.007352941176470588	0.0847457627118644	0.8218234495051137	0	1.0
32357c55a495	0.0	0.14167841682498472	0.16803434660440356	0.1350232575556277	0.16788202110402858	0.1	0.023809523809523808	0.01694915254237288	0.8218234495051137	0	1.0
2950200d2578	0.0	0.2598444173170428	0.37193510363131554	0.35296581559500884	0.33576404220805717	0.043478260869565216	0.008064516129032258	0.03389830508474576	0.6493531214089197	0	1.0
b0f95dc5d43a	0.06620180705356699	0.2310675454387666	0.2889630660264346	0.2643266520013773	0.26755234161774716	0.03571428571428571	0.007407407407407408	0.01694915254237288	1.0	0	1.0
a8ff45e04265	0.4366182672237859	0.5995649881164022	0.6642819504843883	0.6585307369145323	0.5547382263973281	0.08333333333333333	0.009009009009009009	0.01694915254237288	1.0	0	1.0
a62fd5de91d6	0.2783406069239331	0.28335683364996944	0.4455216288535919	0.42318497560358853	0.43381710606892654	0.2	0.00546448087431694	0.01694915254237288	0.8218234495051137	0	0.5
f2a0a4315195	0.5440615126537508	0.5269326231991397	0.5256181432578809	0.47008315751417046	0.602672486938027	0.02631578947368421	0.008	0.01694915254237288	0.5957432788344933	0	1.0
a6b6e3cf36a4	0.8821153743072894	1.0	1.0	1.0	0.07230285101148776	0.05726872246696036	0.005847953216374269	0.38983050847457623	0.19792631395530566	0	1.0
e04b56dad3ce	0.0	0.052289288211202906	0.16803434660440356	0.15303776336186264	0.11459730754843683	0.037037037037037035	0.005555555555555556	0.11864406779661017	0.8218234495051137	0	1.0
9ce0e4739d54	0.06620180705356699	0.16155788157855885	0.23364715892766083	0.1972481074771134	0.24018487211551637	0.1111111111111111	0.00819672131147541	0.0847457627118644	1.0	0	0.2
ea8c2bc25fa1	0.20454330265592138	0.3575565144551274	0.47079627000629926	0.46313604200328573	0.36151425505743884	0.041666666666666664	0.009259259259259259	0.38983050847457623	0.8218234495051137	0	1.0
64da651953bd	0.17937454371951006	0.4621350908775332	0.49797363855584525	0.4977987993718861	0.07230285101148776	0.0625	0.012658227848101266	0.03389830508474576	1.0	0	1.0
e7fadc2d4141	0.20454330265592138	0.3032362984035436	0.4693637168858254	0.46839612698954314	0.16788202110402858	0.022556390977443608	0.03125	0.06779661016949153	0.8218234495051137	0	1.0
22a47ce74ef8	0.0	0.11816600049205804	0.1808807130935711	0.17468723870137876	0.07230285101148776	0.08333333333333333	0.03333333333333333	0.05084745762711864	1.0	0	1.0
fef93294381a	0.4057200170513963	0.4894710399154403	0.5215399121401386	0.49549000887250955	0.5351046832354943	0.049689440993788817	0.007462686567164179	0.22033898305084745	0.8218234495051137	0	1.0
c4c120894916	0.06620180705356699	0.21984644927517105	0.4286507352776374	0.42865101481034246	0.0	0.043478260869565216	0.019230769230769232	0.11864406779661017	1.0	0	1.0
423080123a29	0.5440615126537508	0.5995649881164022	0.5600232840896977	0.4850063575092828	0.6639132908629342	0.25	0.013888888888888888	0.8305084745762712	0.8218234495051137	1	0.058823529411764705
7aa22484bff8	0.0	0.14167841682498472	0.30827392086310235	0.2569440160127405	0.3475854666888733	0.0625	0.029411764705882353	0.05084745762711864	1.0	0	1.0
9af54590edce	0.0	0.11816600049205804	0.1866744280298992	0.15303776336186264	0.1869001585599246	0.125	0.007194244604316547	0.0847457627118644	1.0	0	0.2
bd155b519b8e	0.0	0.2598444173170428	0.34467310094345616	0.30072585581844824	0.37665833054636344	0.045454545454545456	1.0	0.03389830508474576	1.0	0	1.0
7d0c9721833e	0.06620180705356699	0.2413899532786789	0.2871494402247173	0.2569440160127405	0.2824793286524654	0.058823529411764705	0.010638297872340425	0.11864406779661017	1.0	0	1.0
0982504dedb1	0.06620180705356699	0.20755512910583993	0.3322711483513144	0.32044224164478247	0.2501267689067625	0.047619047619047616	0.01020408163265306	0.01694915254237288	1.0	0	1.0
4d02635a6b23	0.22634547333188618	0.3448615593629846	0.39394009570896044	0.38010201756474693	0.3315058605829001	0.03125	0.022727272727272728	0.0847457627118644	1.0	0	1.0
0caec9655529	0.17937454371951006	0.29694425771962174	0.4452071927217556	0.4383363668648766	0.32242961991825025	0.25	0.006134969325153374	0.8305084745762712	1.0	1	0.0625
4d0aa751dd79	0.11317273666594312	0.20755512910583993	0.38877609831478394	0.3138866670219051	0.46584318365578475	0.14285714285714285	0.011904761904761904	0.3559322033898305	1.0	0	0.030303030303030304
b612a6628984	0.11317273666594312	0.11816600049205804	0.3529655854182781	0.31656661177793793	0.37086178576992634	0.2	0.005714285714285714	0.03389830508474576	0.8218234495051137	0	1.0
799eef0aa2b2	0.0	0.08938912861378186	0.3733488560597984	0.3229360542951501	0.4198883177003611	0.14285714285714285	0.01282051282051282	0.4915254237288136	1.0	0	1.0
89f547830056	0.0	0.19396770503618765	0.33971209159248816	0.3053305308928899	0.3512458761073479	0.12328767123287672	0.006578947368421052	0.5423728813559322	0.7199963091043476	0	1.0
fec6de3f36e3	0.06620180705356699	0.0	0.23364715892766083	0.23364731129418437	0.0	0.14285714285714285	0.008403361344537815	0.3559322033898305	1.0	0	0.03225806451612903
7806941e4a5b	0.17937454371951006	0.4320078270524341	0.510070245874487	0.4868078523925453	0.511673943749339	0.03333333333333333	0.037037037037037035	0.03389830508474576	0.7199963091043476	0	1.0
fd5345e5622e	0.7195015588586812	0.7878562204754311	0.8445734186103161	0.8440605131437627	0.5154674877929019	0.06382978723404256	0.016129032258064516	0.22033898305084745	0.8218234495051137	0	1.0
20e4670c08e5	0.0	0.14167841682498472	0.29913674347060804	0.21925311390470442	0.3678380678374035	0.05	0.06666666666666667	0.3728813559322034	0.8218234495051137	0	1.0
a8fad3442db5	0.06620180705356699	0.2310675454387666	0.3529655854182781	0.35028587083897605	0.1446057020229755	0.02903225806451613	0.2	0.1694915254237288	0.8218234495051137	0	1.0
c3b14c00ac13	0.06620180705356699	0.16155788157855885	0.24889923737319897	0.2021018020798915	0.27528261567738554	0.2	0.008264462809917356	0.01694915254237288	0.8218234495051137	0	0.3333333333333333
dce6e71d760d	0.06620180705356699	0.21984644927517105	0.39110795471465654	0.33764850999558577	0.44464424973987304	0.14285714285714285	0.005263157894736842	0.01694915254237288	1.0	0	1.0
8fbe5526ff63	0.1496062201739993	0.20755512910583993	0.34563323227605924	0.3407266909519464	0.1869001585599246	0.125	0.058823529411764705	0.01694915254237288	1.0	0	0.02127659574468085
8074f4b7e32b	0.6751641338538843	0.7298539153881715	0.7855612757787566	0.7855617880607856	0.0	0.030303030303030304	0.008849557522123894	0.01694915254237288	1.0	0	1.0
95ab60b54c9f	0.11317273666594312	0.26816738584134553	0.38758705545008815	0.3675553808143757	0.35820251771156464	0.125	0.0078125	0.2711864406779661	0.8218234495051137	0	1.0
ffa2380d19f5	0.0	0.0	0.16084879876695327	0.15303776336186264	0.07230285101148776	0.125	0.006622516556291391	0.01694915254237288	1.0	0	0.02702702702702703
d3b414eb82a5	0.06620180705356699	0.0	0.11246231544070878	0.0986240537385567	0.07230285101148776	0.03225806451612903	0.07692307692307693	0.01694915254237288	1.0	0	1.0
c9f7c16a0b71	0.06620180705356699	0.16155788157855885	0.223073608110253	0.18088083104991842	0.24018487211551637	0.034482758620689655	0.013157894736842105	0.01694915254237288	1.0	0	1.0
5ee1dff77954	0.47192182410496325	0.522523261974449	0.6176618757604145	0.6102110784756793	0.5267553511891595	0.02564102564102564	0.006993006993006993	0.0847457627118644	0.7199963091043476	0	1.0
32f3e0522438	0.2783406069239331	0.48354074211263887	0.6271110125443109	0.5729810009895621	0.7184472524587997	0.038461538461538464	0.030303030303030304	0.03389830508474576	0.5528664994461185	0	1.0
efe0d828766c	0.0	0.14167841682498472	0.37193510363131554	0.3111242496074288	0.4321743797627714	0.034482758620689655	0.00625	0.11864406779661017	0.7199963091043476	0	1.0
887eadc04fe4	0.9571449391108585	0.8058800956244184	0.8268074133456284	0.7989297784651308	0.8952794844069695	0.1111111111111111	0.02	0.15254237288135594	0.8218234495051137	0	1.0
870bdb7ff9c8	0.11317273666594312	0.2413899532786789	0.35384141113454926	0.346583429312739	0.22919461509687367	0.04090909090909091	0.006060606060606061	0.3050847457627119	0.26895695005899506	0	1.0
7f063225c752	0.0	0.0	0.1746871247840085	0.16084890366004248	0.11459730754843683	0.3333333333333333	0.00684931506849315	0.8305084745762712	1.0	1	0.2
d7f6e2c70054	0.0	0.14167841682498472	0.24310552243687084	0.1921169119349664	0.27528261567738554	0.04	0.012195121951219513	0.1694915254237288	1.0	0	0.3333333333333333
5ea3b6ec7449	0.17937454371951006	0.3092355778889529	0.41990501347752274	0.40244578470528286	0.382149649166184	0.027777777777777776	0.01	0.01694915254237288	1.0	0	1.0
07de5a904de1	0.1496062201739993	0.16155788157855885	0.32169759753390653	0.3097104962570064	0.24018487211551637	0.03225806451612903	0.006172839506172839	0.11864406779661017	0.7199963091043476	0	1.0
f36d9de51b42	0.11317273666594312	0.19396770503618765	0.30827392086310235	0.1921169119349664	0.3993692771615121	0.05714285714285714	0.14285714285714285	0.06779661016949153	1.0	0	1.0
f6e50153e29f	0.06620180705356699	0.11816600049205804	0.223073608110253	0.2067064771543332	0.16788202110402858	0.0625	0.02702702702702703	0.01694915254237288	1.0	0	1.0
1ebe02a49f15	0.0	0.052289288211202906	0.2871494402247173	0.2431056809714042	0.31248772312700407	0.125	0.04	0.01694915254237288	1.0	0	0.25
0ec1dbdaddd6	0.24557635077307707	0.4673995464228827	0.5249727671939045	0.4990178295038078	0.538743806873955	0.023809523809523808	0.034482758620689655	0.03389830508474576	0.7199963091043476	0	1.0
5669efc6a2e5	0.0	0.11816600049205804	0.29248396529100307	0.2569440160127405	0.30149746610836137	0.07692307692307693	0.0625	0.05084745762711864	1.0	0	1.0
3addaaf0a2e6	0.0	0.32045667405254846	0.41779264722087933	0.3555680697512972	0.486447830243424	0.023809523809523808	0.015625	0.0847457627118644	0.8218234495051137	0	1.0
4c9f1ec424c8	0.1496062201739993	0.44285129116709593	0.4908755446209372	0.4586399177067642	0.5184060191428247	0.03125	0.25	0.03389830508474576	0.6493531214089197	0	1.0
417fbcaf20e4	0.33951820999782933	0.4151102582116798	0.5272747247012909	0.5197733075887534	0.4235487271188356	0.034482758620689655	0.01818181818181818	0.01694915254237288	0.6493531214089197	0	1.0
93ecb234ad40	0.5553262372253955	0.6572913873004699	0.7475267129334384	0.7462037101757296	0.5011120691175648	0.02857142857142857	0.0058823529411764705	0.01694915254237288	1.0	0	1.0
5dd39e5971c8	0.1496062201739993	0.2903294102274493	0.36977183211452735	0.3311561769973047	0.39473247092973796	0.058823529411764705	0.1111111111111111	0.01694915254237288	0.8218234495051137	0	1.0
b262d0f7fcdd	0.0	0.29694425771962174	0.5192222219741379	0.48001776959426873	0.5677038411210971	0.05263157894736842	0.0196078431372549	0.01694915254237288	1.0	0	1.0
a7150be1795b	0.17937454371951006	0.28335683364996944	0.5051995603197057	0.5051998897716069	0.0	0.16666666666666666	0.005208333333333333	0.01694915254237288	1.0	0	0.5
8870deb3cd89	0.7204941074833855	0.7432839736633603	0.733626838882853	0.6902862430604149	0.8246626996296749	0.039301310043668124	0.00641025641025641	0.3050847457627119	0.26895695005899506	0	0.25
76bcf372d6c4	0.9203045064080954	0.7980462924878657	0.841892805893336	0.824147051993886	0.8713367645632695	0.05263157894736842	0.020833333333333332	0.1694915254237288	0.6493531214089197	0	1.0
b551a5573b3c	0.0	0.14167841682498472	0.2689311516998168	0.24889939968594305	0.22919461509687367	0.1	0.16666666666666666	0.01694915254237288	0.8218234495051137	0	1.0
3d22e1cbbcc4	0.06620180705356699	0.25094701019234067	0.41779264722087933	0.386382303770726	0.4321743797627714	0.25	0.006329113924050633	0.8305084745762712	1.0	1	0.024390243902439025
a50cdaf71385	0.0	0.17877825722756366	0.2834084229327595	0.2431056809714042	0.30149746610836137	0.03571428571428571	0.006097560975609756	0.11864406779661017	0.7199963091043476	0	1.0
63a888e9010e	0.06620180705356699	0.16155788157855885	0.2302591559477033	0.21526261328334842	0.16788202110402858	0.02631578947368421	0.005319148936170213	0.0847457627118644	0.8218234495051137	0	0.125
8c856433e8d5	0.5119438860449188	0.5144243790887361	0.49030556541181364	0.4259595910590377	0.5725563888250127	0.7567567567567568	0.022222222222222223	1.0	1.0	1	1.0
b9e3925cccac	0.06620180705356699	0.08938912861378186	0.08225672366991757	0.036399203817070964	0.11459730754843683	0.047619047619047616	0.010526315789473684	0.11864406779661017	1.0	0	1.0
07b1e9415cdc	0.0	0.0	0.1350231695040073	0.11246238877989302	0.11459730754843683	0.03125	0.015384615384615385	0.01694915254237288	1.0	0	1.0
d29a02733091	0.06620180705356699	0.2903294102274493	0.3807499416331062	0.35296581559500884	0.379440121123599	0.05714285714285714	0.012048192771084338	0.03389830508474576	1.0	0	1.0
bc0db962e9cd	0.24557635077307707	0.29694425771962174	0.3774612433356863	0.33764850999558577	0.4059595293317956	0.1111111111111111	0.013513513513513514	0.23728813559322035	1.0	0	0.2
29e4f48f1145	0.0	0.19396770503618765	0.4059273989548512	0.32888335984339123	0.4874272831166255	0.16666666666666666	0.005649717514124294	0.01694915254237288	1.0	0	0.25
d5dc607f61dc	0.4057200170513963	0.47732453868615715	0.5814470313174377	0.5622745469056304	0.5763653259128882	0.02564102564102564	0.007246376811594203	0.01694915254237288	0.7199963091043476	0	1.0
cfa1a3c7c463	0.2925472803854532	0.43645520751459366	0.5045513883785047	0.46441668401215025	0.5526725952425204	0.05555555555555555	0.018518518518518517	0.03389830508474576	1.0	0	1.0
50962a8c7104	0.06620180705356699	0.14167841682498472	0.26432647962818445	0.23025930610483455	0.26755234161774716	0.034482758620689655	0.009433962264150943	0.01694915254237288	1.0	0	1.0
8c31110375c5	0.9152803024284247	0.829080634531919	0.8781007659745617	0.8689093554294399	0.8496398822714858	0.0851063829787234	0.0051813471502590676	0.22033898305084745	0.46118286771036304	0	1.0
8e9c5790265b	0.0	0.08938912861378186	0.20210167028488468	0.18088083104991842	0.16788202110402858	0.16666666666666666	0.006369426751592357	0.01694915254237288	1.0	0	0.2
5bafad827a5e	0.3675768451890223	0.43645520751459366	0.5194980176560676	0.5061634569731308	0.47053210628364495	0.02247191011235955	0.005291005291005291	0.0847457627118644	0.6493531214089197	0	1.0
27696fc6d315	0.1496062201739993	0.2903294102274493	0.43236082623258804	0.3712200317770567	0.5019635919246357	0.25	0.006289308176100629	0.8305084745762712	1.0	1	0.3333333333333333
