revisions	files	functions	lines	addLines	deleteLines	pos	time	rf	ibf	isComponent	distance
529866eee277	0.11297202341832605	0.38951777658204884	0.4870054874377682	0.4489099245775328	0.459895247626223	0.2	0.058823529411764705	1.0	1.0	1	1.0
e367f3a5eb62	0.24514081807895213	0.32045667405254846	0.38818354551084056	0.372645005861498	0.29240847527769037	0.25	0.02631578947368421	1.0	1.0	1	1.0
9083cfc6780c	0.2778469664164643	0.3691130106843987	0.41021438224790097	0.33971231312631994	0.4236352034845948	0.25	0.16666666666666666	1.0	1.0	1	0.3333333333333333
91b847915784	0.4241972388275912	0.42972526741990447	0.5621030239880463	0.5314684550550342	0.5193450894791699	0.02702702702702703	0.03125	1.0	1.0	1	0.5
0d89c4273338	0.14934089169295822	0.08938912861378186	0.25434159599462464	0.2543417618564522	0.0	0.027777777777777776	0.038461538461538464	1.0	1.0	1	0.0625
57157b6e2100	0.4518880936733042	0.5958085695553254	0.5829535283987878	0.5155579096078485	0.594982065583844	0.047619047619047616	0.02702702702702703	1.0	0.7185165141705541	0	1.0
ea96c0412ee2	0.17905642074863906	0.20755512910583993	0.2907407760749784	0.25166181710041935	0.26747813811100074	0.027777777777777776	0.05555555555555555	1.0	1.0	1	0.3333333333333333
b8944f27d752	0.06608439733031304	0.14167841682498472	0.28147778026825165	0.2666585099219055	0.18890021352612682	0.027777777777777776	0.024390243902439025	1.0	1.0	1	0.03571428571428571
227205c65fd1	0.22594404683665206	0.3830683701036636	0.4219688152624057	0.36136178846583605	0.42617048804484864	0.14285714285714285	0.0196078431372549	1.0	1.0	1	1.0
8dbd5a219900	0.0	0.11816600049205804	0.1866744280298992	0.16803445618334878	0.12593347568408456	0.05263157894736842	0.09090909090909091	1.0	1.0	1	1.0
e362b7085285	0.0	0.11816600049205804	0.1746871247840085	0.15303776336186264	0.12593347568408456	0.013157894736842105	0.5	1.0	0.41559276351891056	0	0.5
5f9b5696a013	0.11297202341832605	0.11816600049205804	0.25166165298624243	0.23691208862286453	0.16276665611441907	0.07142857142857142	0.03571428571428571	1.0	1.0	1	1.0
13d4ea2e1e24	0.38323696332855756	0.4909119627558094	0.5894363814399041	0.585563923040779	0.37343918314433405	0.027777777777777776	0.02	1.0	1.0	1	0.25
5c88eb3a6e0b	0.0	0.0	0.1350231695040073	0.06222484992148576	0.16276665611441907	0.027777777777777776	0.023255813953488372	1.0	1.0	1	0.5
ac501262f4a1	0.14934089169295822	0.2413899532786789	0.3152364339923866	0.3038217309667262	0.19959983654475358	0.023255813953488372	0.02857142857142857	1.0	0.8208464761373714	0	1.0
d4d5dd1f437c	0.6149003400776479	0.44075431402818516	0.4949483488930016	0.44981215812573744	0.479935738734171	0.03225806451612903	0.027777777777777776	1.0	1.0	1	1.0
f390253677ba	0.0	0.2310675454387666	0.43089513777496785	0.3826670915662682	0.4201408572785184	0.038461538461538464	0.017543859649122806	1.0	0.8208464761373714	0	1.0
f3c715801cbb	0.2778469664164643	0.4923369634710196	0.5774219991860579	0.5563553454454021	0.5054910523065751	0.25	0.047619047619047616	1.0	1.0	1	0.3333333333333333
918279c7ac2a	0.17905642074863906	0.2759856130067989	0.359744005919106	0.35118810438718073	0.21782912381320668	0.03333333333333333	0.01694915254237288	1.0	0.8208464761373714	0	0.3333333333333333
8f221e9db4df	0.3283973124415973	0.5095573391200244	0.5035702701553654	0.4569977106490437	0.49078894048832195	0.02857142857142857	0.07692307692307693	1.0	1.0	1	0.3333333333333333
e3fbfb3457cd	0.22594404683665206	0.3615248661001558	0.4798034602200311	0.457822569276887	0.4107674154833625	0.25	0.08333333333333333	1.0	0.7185165141705541	1	1.0
26847aebc78f	0.5596855815960106	0.6532860575182532	0.7303216791971582	0.7297945519251913	0.33734757254989495	0.25	0.018518518518518517	1.0	0.5937398728874884	1	0.5
366a607ab789	0.11297202341832605	0.08938912861378186	0.223073608110253	0.21526261328334842	0.09979991827237679	0.25	0.045454545454545456	1.0	1.0	1	0.1111111111111111
1f9ae8d91561	0.0	0.052289288211202906	0.1746871247840085	0.1444816272328475	0.14620423763884519	0.05	0.017241379310344827	1.0	0.8208464761373714	0	0.5
1b4a7852abcb	0.30507413907761327	0.43862267454460646	0.5159881326144269	0.4765310601812294	0.4916036706169795	0.027777777777777776	0.020833333333333332	1.0	1.0	1	0.037037037037037035
20eb538115b6	0.30507413907761327	0.3653747416205808	0.4019369009357878	0.3053305308928899	0.43260445417722454	0.03225806451612903	0.14285714285714285	1.0	1.0	1	0.25
a6b6e3cf36a4	0.8805509317854763	1.0	1.0	1.0	0.06296673784204228	0.09090909090909091	0.017857142857142856	1.0	0.21166332761200468	0	1.0
f5aca42c4766	0.06608439733031304	0.20755512910583993	0.25947278819060676	0.22307375358152826	0.23300461763247096	0.041666666666666664	0.06666666666666667	1.0	0.8208464761373714	0	1.0
a5fea4d45065	0.0	0.14167841682498472	0.29248396529100307	0.25166181710041935	0.27213771332292974	0.0625	0.03333333333333333	1.0	0.7185165141705541	1	1.0
c13ac6cf500a	0.20418054257991852	0.3691130106843987	0.4290287207786332	0.40193716304780563	0.37636981795152175	0.25	0.023809523809523808	1.0	1.0	1	0.0625
09ada8b37202	0.0	0.29694425771962174	0.39449595769461404	0.3265515019228631	0.40569113403419826	0.02857142857142857	0.1111111111111111	1.0	1.0	1	1.0
5f81d736a6c5	0.0	0.0	0.03639918008035379	0.0	0.06296673784204228	0.027777777777777776	0.2	1.0	1.0	1	0.09090909090909091
19cf188ef913	0.2623129151112843	0.4320078270524341	0.5304989068982753	0.48001776959426873	0.5234351217569717	0.07142857142857142	0.025	1.0	1.0	1	0.125
7031c15ed966	0.06608439733031304	0.11816600049205804	0.33553592355096173	0.2754236600741	0.33953663752118723	0.3333333333333333	0.01818181818181818	1.0	1.0	1	0.5
423080123a29	0.5430966128348967	0.5995649881164022	0.5600232840896977	0.4850063575092828	0.5781854180130722	0.02564102564102564	0.037037037037037035	1.0	1.0	1	1.0
44728f9b507e	0.6713378878609267	0.6184711557779058	0.6727607037051548	0.579209999168733	0.7042751135128286	1.0	0.25	1.0	0.8208464761373714	1	1.0
f15277be8b1c	0.41804616249593934	0.37274596226375134	0.5071164607072851	0.4413457486232843	0.5169224979000296	0.058823529411764705	0.02564102564102564	1.0	0.48489538710571684	0	0.0625
95952499093d	0.17905642074863906	0.3653747416205808	0.42237594259902816	0.4034544636588299	0.34167419027084084	0.3333333333333333	0.018867924528301886	1.0	1.0	1	0.25
89cc8dfb1b14	0.11297202341832605	0.2759856130067989	0.3386861212955405	0.29587216121567017	0.3203409390061417	0.013157894736842105	0.125	1.0	0.41559276351891056	0	0.2
711aaf7b9fb1	0.2623129151112843	0.3492335459308247	0.446147216220506	0.4243846123739596	0.37636981795152175	0.027777777777777776	0.1	1.0	1.0	1	0.1
12162b35b254	0.3389160702549781	0.44894508238451875	0.5585204285036666	0.49237835139223446	0.5691512423742262	0.02702702702702703	0.021739130434782608	1.0	1.0	1	1.0
aff22514a74e	0.06608439733031304	0.33077908189246075	0.38010176969190523	0.33227136503274113	0.36885795360386375	0.02857142857142857	0.022727272727272728	1.0	1.0	1	0.14285714285714285
14198c139d1b	0.3171525659982445	0.41766402983178363	0.5483360527349893	0.5261314673205046	0.4803956982000025	0.027777777777777776	0.07142857142857142	1.0	1.0	1	1.0
313ca82fe335	0.0	0.0	0.0	0.0	0.0	0.0	0.0	0.0	0.0	0	0.0
7216190d5436	0.5110359472339217	0.49923493128011215	0.4823383511930069	0.4211492538501967	0.48745492224554604	0.25	0.022222222222222223	1.0	1.0	1	0.0625
9f567c5efbfe	0.24514081807895213	0.41250489177089955	0.4567207670379138	0.41906629538333917	0.42863693277493725	0.5	0.019230769230769232	1.0	1.0	1	1.0
1fb9feb82244	0.06608439733031304	0.14167841682498472	0.1808807130935711	0.1350232575556277	0.17676998140676817	0.02857142857142857	0.02127659574468085	1.0	1.0	1	0.5
cbb2af304b26	0.0	0.0	0.16803434660440356	0.11246238877989302	0.17676998140676817	0.027777777777777776	0.034482758620689655	1.0	1.0	1	0.05555555555555555
d209fa094722	0.14934089169295822	0.32045667405254846	0.39053064453301994	0.3300269610717857	0.3945991052199749	0.03125	0.029411764705882353	1.0	1.0	1	1.0
7012373d248c	0.14934089169295822	0.38951777658204884	0.4696040689005133	0.4676632944921593	0.19959983654475358	0.09090909090909091	0.041666666666666664	1.0	0.3660772607948244	0	0.14285714285714285
b9c1b4a35b7e	0.11297202341832605	0.3403361388061225	0.3547087746343028	0.30072585581844824	0.3516668696405459	0.05263157894736842	0.3333333333333333	1.0	0.7185165141705541	1	0.5
8c31110375c5	0.913657041496575	0.829080634531919	0.8781007659745617	0.8689093554294399	0.739930043956803	0.041666666666666664	0.016666666666666666	1.0	0.41559276351891056	0	1.0
1018c00d5c73	0.11297202341832605	0.3092355778889529	0.35809677761426034	0.2754236600741	0.3805957799276257	0.5	0.03225806451612903	1.0	1.0	1	0.5
fa4d2ebdf3fd	0.0	0.052289288211202906	0.1866744280298992	0.1444816272328475	0.17676998140676817	0.06666666666666667	0.04	1.0	0.7185165141705541	1	1.0
c640a3c74f27	0.06608439733031304	0.17877825722756366	0.37611127167284186	0.3712200317770567	0.18890021352612682	0.1111111111111111	0.0625	1.0	1.0	1	1.0
0b135cec4ec6	0.06608439733031304	0.2413899532786789	0.33553592355096173	0.3138866670219051	0.26747813811100074	0.5	0.02040816326530612	1.0	1.0	1	0.25
ce101a690ce8	0.22594404683665206	0.3092355778889529	0.3386861212955405	0.3178771676432612	0.26747813811100074	0.07142857142857142	0.05263157894736842	1.0	1.0	1	0.14285714285714285
f5a425608e8f	0.4710848649156042	0.39862470650273474	0.34072646875661666	0.2795048847884751	0.34580407418359876	0.25	1.0	1.0	1.0	1	0.03333333333333333
d1712202c11e	0.3669249431097742	0.46033140759385666	0.519084005743817	0.4881844409805235	0.4766491135918883	0.16666666666666666	0.05	1.0	1.0	1	1.0
154703571f22	0.14934089169295822	0.16155788157855885	0.2689311516998168	0.16803445618334878	0.3027034570908527	0.05	0.030303030303030304	1.0	0.8208464761373714	0	1.0
