revisions	files	functions	lines	addLines	deleteLines	pos	time	rf	ibf	isComponent	distance
1e631be686a4	0.0	0.0	0.1866744280298992	0.0822567773113617	0.22573339395646133	0.1111111111111111	0.09090909090909091	1.0	0.48466164096884395	0	0.25
630b9a985435	0.2623129151112843	0.32572112959789795	0.4868075349344941	0.4835797659060817	0.25737420116409937	0.2	0.05555555555555555	1.0	1.0	1	0.08333333333333333
b88330c46dcd	0.17905642074863906	0.2598444173170428	0.43451544383084056	0.3597442405161959	0.45146678791292266	0.14285714285714285	0.07692307692307693	1.0	0.7727449069190901	1	0.05263157894736842
0f7f11ad9398	0.0	0.052289288211202906	0.1530376635625889	0.0986240537385567	0.16276665611441907	0.2	0.5	1.0	1.0	1	0.014084507042253521
1c9c2ac5b164	0.4116538068042425	0.48354074211263887	0.5829535283987878	0.5770605393636428	0.40357843880294464	0.14285714285714285	0.02857142857142857	1.0	1.0	1	0.011764705882352941
1d72052042a9	0.2920284441669651	0.2759856130067989	0.36903900009503976	0.3484537361784948	0.29597135547451325	0.2	0.058823529411764705	1.0	0.7727449069190901	1	0.012987012987012988
18c67f102f36	0.06608439733031304	0.19396770503618765	0.3022869412151867	0.2754236600741	0.2518669513681691	0.058823529411764705	0.015625	1.0	0.48466164096884395	0	0.5
23ac1ac5ac55	0.3487969244049448	0.42972526741990447	0.5209999320226817	0.5064823613312415	0.418341950961775	0.14285714285714285	0.030303030303030304	1.0	1.0	1	0.25
a529d89606ff	0.2623129151112843	0.32045667405254846	0.34467310094345616	0.3265515019228631	0.2625665743867958	0.2	0.06666666666666667	1.0	1.0	1	0.125
8df2095772c6	0.0	0.0	0.03639918008035379	0.0	0.06296673784204228	0.14285714285714285	0.03571428571428571	1.0	1.0	1	0.011363636363636364
f8f5038d91bf	0.8071464983251396	0.7899878599590098	0.7768187276347047	0.7476899183875934	0.7324917588962376	0.14285714285714285	0.015873015873015872	1.0	1.0	1	0.013333333333333334
49c6987af861	0.20418054257991852	0.3956599494367154	0.4458349674748824	0.3740477138126567	0.4604683839149294	0.14285714285714285	0.022222222222222223	1.0	1.0	1	0.058823529411764705
f50859b65b87	0.38323696332855756	0.4850490780504972	0.6329384580910385	0.5823406664430923	0.6270575781187027	0.14285714285714285	0.02040816326530612	1.0	1.0	1	0.012658227848101266
38e92efa42e8	0.5246258302225686	0.5132247308791946	0.6037158455626417	0.5787842047780599	0.5454039107283523	0.2	0.14285714285714285	1.0	0.5529330732412384	1	0.3333333333333333
dc310080176d	0.22594404683665206	0.2903294102274493	0.2941939488754821	0.2941941407259178	0.0	0.14285714285714285	0.029411764705882353	1.0	1.0	1	0.08333333333333333
22d8177b1e72	0.11297202341832605	0.21984644927517105	0.23364715892766083	0.23364731129418437	0.0	0.14285714285714285	0.04	1.0	1.0	1	0.25
85a3e43952a0	0.11297202341832605	0.37627936829392306	0.41113986904127436	0.354709005947806	0.4107674154833625	0.1111111111111111	0.013513513513513514	1.0	0.7727449069190901	0	0.06666666666666667
f73433af6442	0.744763210798558	0.781843293574531	0.7707330830595392	0.7438933076694612	0.7200012379308182	0.14285714285714285	0.01639344262295082	1.0	1.0	1	0.25
0da9e77846b8	0.14934089169295822	0.4469456430689092	0.5043886115000714	0.44068566121983893	0.5121982896007596	0.07142857142857142	0.019230769230769232	1.0	0.6429400081353716	0	0.25
d31f25ca302d	0.0	0.17877825722756366	0.240062131871887	0.18667454976445727	0.23973671924881043	0.3333333333333333	0.014492753623188406	1.0	0.5529330732412384	0	0.07692307692307693
3915a9571923	0.0	0.0	0.03639918008035379	0.0	0.06296673784204228	0.058823529411764705	0.01694915254237288	1.0	0.6429400081353716	0	0.05555555555555555
efd7db4d1952	0.4518880936733042	0.5460356783073758	0.6521651720303113	0.6473590062525922	0.45517513139210947	1.0	0.1	1.0	0.7727449069190901	1	1.0
eebcb92a89d7	0.2623129151112843	0.3032362984035436	0.41430594008159954	0.3893650194120798	0.3553752131197327	0.14285714285714285	0.021739130434782608	1.0	1.0	1	0.023809523809523808
38c03180ea7d	0.0	0.16155788157855885	0.2569438484539261	0.21108644251844974	0.246004155911222	0.14285714285714285	0.05263157894736842	1.0	1.0	1	0.012345679012345678
a7474aff2b1c	0.14934089169295822	0.21984644927517105	0.40244552226158176	0.37334909952891454	0.3553752131197327	0.14285714285714285	0.023809523809523808	1.0	1.0	1	0.5
b8c63a046f4e	0.20418054257991852	0.38951777658204884	0.48759673934798464	0.4705593999170489	0.39807118900701427	0.07142857142857142	0.013888888888888888	1.0	0.48466164096884395	0	1.0
efbeea4eae74	0.0	0.0	0.03639918008035379	0.0	0.06296673784204228	0.09090909090909091	1.0	1.0	0.7727449069190901	0	0.07142857142857142
4e3f11acd75b	0.0	0.052289288211202906	0.1350231695040073	0.0986240537385567	0.12593347568408456	0.05263157894736842	0.043478260869565216	1.0	0.03759471421008239	0	0.1
17febb0e2749	0.17905642074863906	0.16155788157855885	0.32772478834659746	0.2619326039277545	0.33734757254989495	0.14285714285714285	0.047619047619047616	1.0	1.0	1	0.010752688172043012
891462a09796	0.30507413907761327	0.2598444173170428	0.3437025896115514	0.3097104962570064	0.30897089375326425	0.14285714285714285	0.020833333333333332	1.0	1.0	1	0.0196078431372549
870bdb7ff9c8	0.11297202341832605	0.2413899532786789	0.35384141113454926	0.346583429312739	0.19959983654475358	0.05555555555555555	0.0136986301369863	1.0	0.03759471421008239	0	1.0
ec60ce268777	0.11297202341832605	0.11816600049205804	0.16084879876695327	0.16084890366004248	0.0	0.2	0.07142857142857142	1.0	1.0	1	0.04
e7b3009367b6	0.14934089169295822	0.19396770503618765	0.30533033178017055	0.30072585581844824	0.12593347568408456	0.14285714285714285	0.03225806451612903	1.0	1.0	1	0.5
493703d05279	0.6791005062725557	0.8309406848429126	0.8581113098000227	0.8580960291375812	0.16276665611441907	0.1	0.0125	1.0	0.3849133192841419	0	1.0
3b377451f59d	0.20418054257991852	0.33077908189246075	0.5266411904991696	0.36373474113755194	0.579889235742072	0.14285714285714285	0.022727272727272728	1.0	1.0	1	0.013157894736842105
5b750ed706e8	0.2778469664164643	0.3448615593629846	0.3733488560597984	0.35384164188242545	0.29597135547451325	0.14285714285714285	0.03125	1.0	1.0	1	0.09090909090909091
2cf8af195faf	0.0	0.0	0.09862398942365351	0.0822567773113617	0.06296673784204228	0.1111111111111111	0.01818181818181818	1.0	0.7727449069190901	0	0.16666666666666666
06a9890e5333	0.20418054257991852	0.32572112959789795	0.4267365599017862	0.40295154087343216	0.3640333614520519	0.14285714285714285	0.02127659574468085	1.0	1.0	1	0.041666666666666664
4d8a4a572925	0.0	0.0	0.16803434660440356	0.06222484992148576	0.2091709754808875	0.1111111111111111	0.018867924528301886	1.0	0.7727449069190901	0	0.045454545454545456
a6a32867d70c	0.24514081807895213	0.39262542701732545	0.439013604412193	0.41296297099856594	0.38330767684818395	0.14285714285714285	0.025	1.0	1.0	1	0.07692307692307693
a6b6e3cf36a4	0.8805509317854763	1.0	1.0	1.0	0.06296673784204228	0.3333333333333333	0.012987012987012988	1.0	0.0	0	1.0
2bc794b05dce	0.06608439733031304	0.21984644927517105	0.3950483989694681	0.39053089920676354	0.19959983654475358	0.05263157894736842	0.02564102564102564	1.0	0.03759471421008239	0	0.5
1ab2f887bd89	0.5110359472339217	0.44285129116709593	0.42073623630381113	0.36830037664521104	0.415574981714325	0.14285714285714285	0.023255813953488372	1.0	1.0	1	0.01098901098901099
7f2443119440	0.22594404683665206	0.2903294102274493	0.41948649792296083	0.4151906655164946	0.21782912381320668	1.0	0.1111111111111111	1.0	0.7727449069190901	1	0.1
b3dcb286377d	0.11297202341832605	0.26816738584134553	0.4097480361401522	0.3572619215579765	0.4046409281128831	0.09090909090909091	0.01282051282051282	1.0	0.48466164096884395	0	0.3333333333333333
c4b6ec43ff12	0.24514081807895213	0.4015228341420275	0.5141072765294189	0.49219191003258905	0.44492858562404325	0.14285714285714285	0.041666666666666664	1.0	1.0	1	0.014925373134328358
8870deb3cd89	0.7192163022763876	0.7432839736633603	0.733626838882853	0.6902862430604149	0.718178042625765	0.058823529411764705	0.014285714285714285	1.0	0.0305686537796311	0	0.16666666666666666
bb276c9cffeb	0.2778469664164643	0.46910766745501303	0.5121861686322841	0.5093026398385373	0.27213771332292974	0.1111111111111111	0.014925373134328358	1.0	0.48466164096884395	0	1.0
da5d8af5ec5e	0.06608439733031304	0.17877825722756366	0.2711478426908739	0.268931327075819	0.06296673784204228	0.05555555555555555	0.3333333333333333	1.0	0.2586831782024952	0	0.25
5ac82298eb75	0.4413693358599234	0.4449147152285283	0.4945856355758878	0.44425751140975567	0.48702943294108275	0.14285714285714285	0.045454545454545456	1.0	1.0	1	0.034482758620689655
618e02e196df	0.3669249431097742	0.3448615593629846	0.4019369009357878	0.3589244039287109	0.38330767684818395	0.2	0.125	1.0	1.0	1	0.01282051282051282
18fc6ebf3771	0.3283973124415973	0.0	0.03639918008035379	0.036399203817070964	0.0	0.14285714285714285	0.02702702702702703	1.0	1.0	1	0.04
d745f9e69376	0.9734289577645502	0.9817920792952424	0.9738374630342642	0.9738380980953941	0.0	0.14285714285714285	0.015151515151515152	1.0	0.5529330732412384	1	0.16666666666666666
d0bc44447e65	0.5673870541888975	0.6874022177069344	0.6181220070797211	0.5580739452023848	0.6233302121705059	0.1111111111111111	0.014705882352941176	1.0	0.5529330732412384	0	0.5
26b76d6dd17e	0.0	0.0	0.1530376635625889	0.12444969984297151	0.12593347568408456	0.07142857142857142	0.013333333333333334	1.0	0.7727449069190901	0	0.16666666666666666
4eb20f0e3a98	0.0	0.0	0.03639918008035379	0.0	0.06296673784204228	0.1111111111111111	0.017241379310344827	1.0	0.7727449069190901	0	0.07142857142857142
fbb66f298d9a	0.14934089169295822	0.20755512910583993	0.2907407760749784	0.21526261328334842	0.30897089375326425	0.2	0.0625	1.0	1.0	1	0.024390243902439025
032c630a740d	0.0	0.0	0.12444961868659946	0.0986240537385567	0.09979991827237679	0.1111111111111111	0.017857142857142856	1.0	0.7727449069190901	0	0.2
95da06f756f9	0.06608439733031304	0.11816600049205804	0.2975191965758062	0.29248415602632033	0.12593347568408456	0.05555555555555555	0.027777777777777776	1.0	0.03759471421008239	0	0.3333333333333333
8fd911c45edd	0.14934089169295822	0.14167841682498472	0.22673825668313485	0.1972481074771134	0.18890021352612682	0.14285714285714285	0.02	1.0	1.0	1	0.01818181818181818
8a2dbcbc4a63	0.5622933840771966	0.5070531584455654	0.4774152041048776	0.4160664918039112	0.4826611971685897	0.14285714285714285	0.038461538461538464	1.0	1.0	1	0.3333333333333333
1b71dee63500	0.3980639238155956	0.3575565144551274	0.45699741263083815	0.39668587185911636	0.46103792684905653	0.09090909090909091	0.2	1.0	0.48466164096884395	0	1.0
e482f2c5d40e	0.06608439733031304	0.11816600049205804	0.16084879876695327	0.12444969984297151	0.14620423763884519	0.058823529411764705	0.016666666666666666	1.0	0.6429400081353716	0	0.16666666666666666
fa691fec980b	0.0	0.08938912861378186	0.24889923737319897	0.2431056809714042	0.09979991827237679	0.1111111111111111	0.012658227848101266	1.0	0.7727449069190901	0	0.2
b4085d2e2003	0.3283973124415973	0.4621350908775332	0.4700828509626587	0.4247809551034229	0.45517513139210947	0.07142857142857142	0.015384615384615385	1.0	0.48466164096884395	0	1.0
bbac3d3dec30	0.14934089169295822	0.3492335459308247	0.43731011071919407	0.422781507587797	0.335104451164972	0.05263157894736842	0.013157894736842105	1.0	0.03759471421008239	0	0.1111111111111111
7241874fedb7	0.3752849385296103	0.4804700910328192	0.5282791706919375	0.46492386887762993	0.5359572979260783	0.14285714285714285	0.0196078431372549	1.0	1.0	1	0.020833333333333332
aec76b6c4b0c	0.0	0.08938912861378186	0.1808807130935711	0.17468723870137876	0.06296673784204228	0.125	0.024390243902439025	1.0	1.0	1	1.0
b8daf74e121a	0.11297202341832605	0.3032362984035436	0.32169759753390653	0.23691208862286453	0.34580407418359876	0.07692307692307693	0.25	1.0	0.6429400081353716	0	1.0
e27e29d147e9	0.30507413907761327	0.28335683364996944	0.2711478426908739	0.25947295739859916	0.16276665611441907	0.14285714285714285	0.08333333333333333	1.0	1.0	1	0.02040816326530612
64f1acc6bb2c	0.24514081807895213	0.28335683364996944	0.3165664053379244	0.2431056809714042	0.3328045359048477	0.125	0.034482758620689655	1.0	1.0	1	0.5
4d36a0faa1b4	0.0	0.19396770503618765	0.2460491115198026	0.18088083104991842	0.25737420116409937	0.05263157894736842	0.02631578947368421	1.0	0.03759471421008239	0	0.05
9cd1db31f9a7	0.0	0.0	0.14448153301321734	0.0	0.19959983654475358	0.14285714285714285	0.037037037037037035	1.0	1.0	1	0.3333333333333333
12cae21ae132	0.46649345769120276	0.45664654969359386	0.6678598320706239	0.528154572262218	0.7173032629728926	0.5	0.05	1.0	1.0	1	0.5
7012373d248c	0.14934089169295822	0.38951777658204884	0.4696040689005133	0.4676632944921593	0.19959983654475358	0.3333333333333333	0.017543859649122806	1.0	0.19587308137660991	0	0.14285714285714285
6b904670d0c2	0.0	0.0	0.11246231544070878	0.036399203817070964	0.14620423763884519	0.1111111111111111	0.018518518518518517	1.0	0.7727449069190901	0	0.0625
7fb5ef1cea79	0.0	0.0	0.03639918008035379	0.036399203817070964	0.0	0.05263157894736842	0.16666666666666666	1.0	0.03759471421008239	0	0.0625
f2258c95c059	0.0	0.0	0.03639918008035379	0.0	0.06296673784204228	0.05263157894736842	0.016129032258064516	1.0	0.03759471421008239	0	0.043478260869565216
580c729f1db3	0.3752849385296103	0.37274596226375134	0.41606622047784897	0.3580970111371559	0.41742896035796023	0.14285714285714285	0.03333333333333333	1.0	1.0	1	0.011235955056179775
98eed37e3c2a	0.24514081807895213	0.3356461218611724	0.3845436648851043	0.3774614894865819	0.22573339395646133	0.14285714285714285	0.012345679012345678	1.0	1.0	1	0.1
c31b1a730e25	0.0	0.0	0.08225672366991757	0.06222484992148576	0.06296673784204228	0.058823529411764705	0.014084507042253521	1.0	0.6429400081353716	0	0.02631578947368421
