revisions	files	functions	lines	addLines	deleteLines	pos	time	rf	ibf	isComponent	distance
5ab756c2fe76	0.0	0.08938912861378186	0.2110863048643623	0.1350232575556277	0.23300461763247096	0.05555555555555555	0.03571428571428571	1.0	0.5010065627840722	0	0.007518796992481203
91150cff1620	0.3283973124415973	0.40435726148239093	0.5337288734802474	0.50357059854477	0.48955297855960983	0.07692307692307693	0.018867924528301886	1.0	1.0	0	0.07142857142857142
68aa1ab9bed8	0.11297202341832605	0.38951777658204884	0.4586396186176395	0.44645867379141857	0.34167419027084084	0.08333333333333333	0.014705882352941176	1.0	1.0	0	0.05
0b3c165f627e	0.06608439733031304	0.16155788157855885	0.3022869412151867	0.2907409656735231	0.18890021352612682	0.1111111111111111	0.017857142857142856	1.0	1.0	0	0.0625
c4f700f91f57	0.0	0.052289288211202906	0.1866744280298992	0.12444969984297151	0.19959983654475358	0.07692307692307693	0.0625	1.0	1.0	0	0.012658227848101266
dc7c438c0a96	0.3752849385296103	0.43645520751459366	0.5161311946747595	0.48023125716789555	0.48487156900064005	0.09090909090909091	0.015873015873015872	1.0	1.0	0	0.04
8c7bf23b9f1e	0.22594404683665206	0.3863333863334036	0.47473526109649544	0.4539066813339376	0.40141543660630413	0.07692307692307693	0.043478260869565216	1.0	1.0	0	0.04
355e1f63f5f7	0.0	0.20755512910583993	0.2795047025172246	0.23364731129418437	0.26747813811100074	0.05555555555555555	0.014492753623188406	1.0	0.5010065627840722	0	0.07692307692307693
938ab87408c3	0.06608439733031304	0.21984644927517105	0.2689311516998168	0.16803445618334878	0.3027034570908527	0.14285714285714285	0.1111111111111111	1.0	1.0	0	1.0
fcd9e70bc63d	0.0	0.0	0.09862398942365351	0.0986240537385567	0.0	0.07692307692307693	0.016129032258064516	1.0	1.0	0	0.14285714285714285
44d678fbb97d	0.0	0.0	0.1530376635625889	0.15303776336186264	0.0	0.05555555555555555	0.037037037037037035	1.0	0.5010065627840722	0	0.006896551724137931
39d8b343b9a9	0.0	0.16155788157855885	0.24310552243687084	0.18088083104991842	0.2518669513681691	0.5	0.023255813953488372	1.0	1.0	1	0.07142857142857142
26963a038d11	0.0	0.052289288211202906	0.21526247290588865	0.17468723870137876	0.19959983654475358	0.08333333333333333	0.01818181818181818	1.0	1.0	0	0.08333333333333333
e0c1835422e4	0.39081898983479035	0.4585021392981806	0.6154198089924868	0.5789973544209004	0.5861157434556381	0.05555555555555555	0.013157894736842105	1.0	0.5010065627840722	0	0.1111111111111111
3ff6a751daeb	0.06608439733031304	0.052289288211202906	0.2460491115198026	0.15303776336186264	0.27656989967914497	0.07692307692307693	0.05263157894736842	1.0	1.0	0	0.043478260869565216
84c0b0fe9d02	0.0	0.20755512910583993	0.2460491115198026	0.21925311390470442	0.19959983654475358	0.125	0.024390243902439025	1.0	1.0	0	0.2
9e4eeb2a39ec	0.06608439733031304	0.2759856130067989	0.3613615528139077	0.34937447740275757	0.246004155911222	0.08333333333333333	0.014285714285714285	1.0	1.0	0	0.06666666666666667
f29c936b9a17	0.17905642074863906	0.16155788157855885	0.33553592355096173	0.3178771676432612	0.2518669513681691	0.07142857142857142	0.2	1.0	1.0	0	0.25
8cc7ccfcb942	0.0	0.20755512910583993	0.342721471388412	0.3097104962570064	0.3058912157618215	0.08333333333333333	0.019230769230769232	1.0	1.0	0	0.047619047619047616
aa6fa309e0d3	0.11297202341832605	0.20755512910583993	0.3851606530447835	0.3740477138126567	0.2625665743867958	0.25	0.02631578947368421	1.0	1.0	1	1.0
5b4a78cade87	0.0	0.08938912861378186	0.1866744280298992	0.15303776336186264	0.16276665611441907	0.05555555555555555	0.04	1.0	0.5010065627840722	0	0.005681818181818182
b13335c86f36	0.0	0.21984644927517105	0.3475232267968525	0.30681439083211687	0.32553331222883813	0.1	0.025	1.0	1.0	0	1.0
654a2b2bc59b	0.557035373968769	0.6642016787994338	0.7323244856143979	0.7259704611582218	0.5604585468650595	0.08333333333333333	0.0136986301369863	1.0	1.0	0	1.0
69e07ff64fbd	0.0	0.17877825722756366	0.24889923737319897	0.21108644251844974	0.22573339395646133	0.08333333333333333	0.023809523809523808	1.0	1.0	0	1.0
448d2099dc70	0.17905642074863906	0.25094701019234067	0.3613615528139077	0.32044224164478247	0.33953663752118723	0.125	0.02702702702702703	1.0	1.0	0	0.5
11c29f6d84d7	0.0	0.2598444173170428	0.20670634235651703	0.18088083104991842	0.16276665611441907	0.1111111111111111	0.03333333333333333	1.0	1.0	0	0.03333333333333333
81b36e9b2544	0.2623129151112843	0.37274596226375134	0.4550427476424354	0.449512420009539	0.27213771332292974	0.08333333333333333	0.013888888888888888	1.0	1.0	0	0.07142857142857142
b203bce68aee	0.0	0.19396770503618765	0.38010176969190523	0.34752345342449975	0.34167419027084084	0.07692307692307693	0.01694915254237288	1.0	1.0	0	0.03333333333333333
b1a16d1468e8	0.0	0.17877825722756366	0.28147778026825165	0.24604927197391604	0.2518669513681691	0.06666666666666667	0.015384615384615385	1.0	1.0	0	0.0625
219a0ffbcdf1	0.20418054257991852	0.39862470650273474	0.47894233684149795	0.47336498707623875	0.29597135547451325	0.05555555555555555	0.013513513513513514	1.0	0.040578973811327225	0	0.5
19a30ae735ea	0.0	0.0	0.1746871247840085	0.1444816272328475	0.14620423763884519	0.125	0.027777777777777776	1.0	1.0	0	0.1111111111111111
fe24cebec2fe	0.11297202341832605	0.25094701019234067	0.425959313281469	0.3417297347099609	0.44955425831629325	0.07692307692307693	0.015151515151515152	1.0	1.0	0	0.5
3a58f853fb6d	0.0	0.0	0.1350231695040073	0.0822567773113617	0.14620423763884519	0.07692307692307693	0.022727272727272728	1.0	1.0	0	0.023809523809523808
ff195c275de6	0.0	0.052289288211202906	0.1746871247840085	0.06222484992148576	0.21782912381320668	0.05555555555555555	0.016666666666666666	1.0	0.5010065627840722	0	0.5
74fa02de5064	0.20418054257991852	0.3956599494367154	0.4521744070331969	0.4316312547141193	0.37780042705225364	1.0	1.0	1.0	1.0	1	1.0
6baaa91ff6f9	0.06608439733031304	0.14167841682498472	0.35556783787757956	0.33764850999558577	0.27213771332292974	0.09090909090909091	0.16666666666666666	1.0	1.0	0	0.07142857142857142
073fc12604b7	0.0	0.16155788157855885	0.3253622461067884	0.2754236600741	0.31762904208558346	0.08333333333333333	0.014084507042253521	1.0	1.0	0	0.07142857142857142
d93ebab1bd5e	0.0	0.052289288211202906	0.4359236519043293	0.38075018992863535	0.4341441825708676	0.05555555555555555	0.034482758620689655	1.0	0.5010065627840722	0	0.06666666666666667
c37588a33bc0	0.0	0.052289288211202906	0.1866744280298992	0.16803445618334878	0.12593347568408456	0.07692307692307693	0.017241379310344827	1.0	1.0	0	0.018518518518518517
7b41ec0bc730	0.2623129151112843	0.3575565144551274	0.44738546238808324	0.4278902349825606	0.36885795360386375	0.08333333333333333	0.021739130434782608	1.0	1.0	0	0.043478260869565216
4f7bdc504f50	0.0	0.21984644927517105	0.25434159599462464	0.2021018020798915	0.2518669513681691	0.08333333333333333	0.05	1.0	1.0	0	0.25
5b2f5b265733	0.17905642074863906	0.3830683701036636	0.47675268136453164	0.47008315751417046	0.30897089375326425	0.05555555555555555	0.05555555555555555	1.0	0.0	0	1.0
e84b4b9c4e32	0.46649345769120276	0.4865399761879694	0.6626758797062939	0.6626763118520153	0.0	0.05555555555555555	0.012987012987012988	1.0	0.2798116144032585	0	0.16666666666666666
4b45cc09b774	0.2778469664164643	0.3575565144551274	0.46131158442569126	0.4251755556614198	0.43024479422541984	0.1111111111111111	0.041666666666666664	1.0	1.0	0	0.05263157894736842
86a484a9a0cf	0.17905642074863906	0.32572112959789795	0.4064139661289901	0.401425643245588	0.21782912381320668	0.07692307692307693	0.058823529411764705	1.0	1.0	0	0.00819672131147541
528bfdd0e033	0.0	0.11816600049205804	0.16803434660440356	0.11246238877989302	0.17676998140676817	1.0	0.030303030303030304	1.0	1.0	1	0.2
9317379e8b5f	0.06608439733031304	0.2598444173170428	0.3520811307382998	0.3417297347099609	0.22573339395646133	0.08333333333333333	0.02	1.0	1.0	0	1.0
fc9a0aeeae9f	0.3581128414972781	0.4894710399154403	0.5426687342813107	0.5260034965470138	0.45146678791292266	0.06666666666666667	0.3333333333333333	1.0	0.6824096717498903	0	1.0
26d2a0f4d858	0.14934089169295822	0.40435726148239093	0.48023094399858596	0.46131188525726446	0.39919967308950716	0.07692307692307693	0.01639344262295082	1.0	0.5010065627840722	0	0.1
0967bcf54ecf	0.0	0.052289288211202906	0.2110863048643623	0.18667454976445727	0.16276665611441907	0.125	0.047619047619047616	1.0	1.0	0	0.25
96f866ca79c4	0.14934089169295822	0.35346216255331403	0.3982935025521068	0.374740933337682	0.335104451164972	0.5	0.02040816326530612	1.0	1.0	1	0.14285714285714285
b5ba4cc6b65f	0.0	0.21984644927517105	0.2907407760749784	0.24889939968594305	0.27213771332292974	0.05555555555555555	0.029411764705882353	1.0	0.5010065627840722	0	0.009009009009009009
dc83f1e94703	0.0	0.052289288211202906	0.2192529709249519	0.16803445618334878	0.21782912381320668	0.05555555555555555	0.038461538461538464	1.0	0.5010065627840722	0	0.015384615384615385
e8f93be3c8c6	0.5907102275528815	0.6163217518129215	0.7400348179001058	0.6745168175145901	0.7520965054261943	0.1111111111111111	0.03225806451612903	1.0	0.6824096717498903	0	0.03225806451612903
9600fa4ed20b	0.0	0.0	0.21526247290588865	0.2067064771543332	0.09979991827237679	0.07692307692307693	0.020833333333333332	1.0	1.0	0	0.02702702702702703
665e5c3051c4	0.06608439733031304	0.21984644927517105	0.34072646875661666	0.32415745384924033	0.2518669513681691	0.25	0.125	1.0	1.0	1	1.0
3018afabdb9e	0.0	0.052289288211202906	0.14448153301321734	0.1444816272328475	0.0	0.07692307692307693	0.02127659574468085	1.0	1.0	0	0.05
27121224de29	0.11297202341832605	0.2413899532786789	0.4448916513639854	0.42978023073586147	0.34580407418359876	0.09090909090909091	0.1	1.0	1.0	0	0.08333333333333333
8a03f7d1ffa9	0.0	0.21984644927517105	0.30681419075174	0.21108644251844974	0.33734757254989495	0.5	0.03125	1.0	1.0	1	0.2
b344fd50d3a6	0.0	0.052289288211202906	0.2110863048643623	0.1921169119349664	0.14620423763884519	0.08333333333333333	0.015625	1.0	1.0	0	0.05555555555555555
c531f935e5d0	0.3487969244049448	0.3492335459308247	0.4927497551550771	0.481291145304825	0.37041084270747926	0.25	0.07692307692307693	1.0	0.6824096717498903	1	0.3333333333333333
cf04f68bdb8c	0.11297202341832605	0.2310675454387666	0.30827392086310235	0.2067064771543332	0.34167419027084084	0.125	0.09090909090909091	1.0	1.0	0	1.0
126f763ff741	0.0	0.14167841682498472	0.3152364339923866	0.3053305308928899	0.18890021352612682	0.1111111111111111	0.045454545454545456	1.0	1.0	0	1.0
7699c41aeffb	0.17905642074863906	0.2598444173170428	0.4267365599017862	0.3826670915662682	0.40977459903923913	0.07692307692307693	0.018518518518518517	1.0	1.0	0	0.027777777777777776
d59a1df3507f	0.4116538068042425	0.4850490780504972	0.5688658686366862	0.5547892562661256	0.4638332797244286	0.125	0.022222222222222223	1.0	1.0	0	0.5
d373566533a5	0.06608439733031304	0.16155788157855885	0.16803434660440356	0.15303776336186264	0.09979991827237679	0.25	0.25	1.0	1.0	1	0.09090909090909091
8bc60afeb8e7	0.06608439733031304	0.32572112959789795	0.3893647654986319	0.3781289385270319	0.26747813811100074	0.08333333333333333	0.07142857142857142	1.0	1.0	0	1.0
05c1ac38a4a6	0.43012458941657056	0.4071307286455093	0.5324269578967505	0.5236682685098301	0.387229514668706	0.14285714285714285	0.02564102564102564	1.0	1.0	0	0.5
a440c5cbbd19	0.11297202341832605	0.4469456430689092	0.4954896857526342	0.47290343602146634	0.42863693277493725	0.08333333333333333	0.014925373134328358	1.0	1.0	0	0.3333333333333333
7c5ab0d66ed8	0.06608439733031304	0.2598444173170428	0.24889923737319897	0.2067064771543332	0.23300461763247096	0.05555555555555555	0.02857142857142857	1.0	0.2798116144032585	0	0.3333333333333333
944d18407310	0.0	0.20755512910583993	0.39449595769461404	0.34752345342449975	0.381961847782001	0.1	0.0196078431372549	1.0	1.0	0	0.5
0a74a5df748e	0.3171525659982445	0.3830683701036636	0.4908755446209372	0.45998584220439276	0.4482564962391283	0.1111111111111111	0.017543859649122806	1.0	1.0	0	0.02702702702702703
8559551465d2	0.9771239714375873	0.9192997660272638	0.9469898526770555	0.9469904702302598	0.0	1.0	0.013333333333333334	1.0	0.0	1	1.0
73fe42cec6fb	0.0	0.32045667405254846	0.29913674347060804	0.23691208862286453	0.3058912157618215	0.3333333333333333	0.5	1.0	1.0	1	0.25
90e5b1f95acd	0.06608439733031304	0.20755512910583993	0.32415724245907257	0.2795048847884751	0.30897089375326425	0.5	0.08333333333333333	1.0	1.0	1	1.0
a722ce587bfe	0.11297202341832605	0.3492335459308247	0.49162993077340733	0.4856108815607434	0.3148336892102114	0.058823529411764705	0.06666666666666667	1.0	0.5010065627840722	0	1.0
fd8a0e6adeac	0.06608439733031304	0.17877825722756366	0.40345420055734715	0.3555680697512972	0.39220839355006715	0.09090909090909091	0.14285714285714285	1.0	1.0	0	1.0
