revisions	files	functions	lines	addLines	deleteLines	pos	time	rf	ibf	isComponent	distance
857c78648afc	0.11297202341832605	0.25094701019234067	0.359744005919106	0.34272169488472753	0.27213771332292974	0.022988505747126436	0.016666666666666666	0.5	1.0	0	1.0
5a46ea8b057c	0.0	0.08938912861378186	0.16803434660440356	0.16084890366004248	0.06296673784204228	0.02040816326530612	0.045454545454545456	0.25	1.0	0	1.0
4b8d81912431	0.22594404683665206	0.26816738584134553	0.5932701790820125	0.481291145304825	0.632634617440598	0.0625	0.023809523809523808	1.0	1.0	0	1.0
bfc92305b19c	0.4413693358599234	0.5852211908957519	0.6784451031601105	0.6773845439523786	0.34780067764132017	0.02040816326530612	0.016129032258064516	0.5	1.0	0	1.0
f52024229b91	0.0	0.052289288211202906	0.08225672366991757	0.036399203817070964	0.09979991827237679	0.021739130434782608	0.020833333333333332	0.25	1.0	0	0.16666666666666666
d04338435dfc	0.22594404683665206	0.44075431402818516	0.572752684537745	0.5169851492472471	0.5727074799034707	0.022222222222222223	0.02	0.25	0.8208464761373714	0	1.0
57157b6e2100	0.4518880936733042	0.5958085695553254	0.5829535283987878	0.5155579096078485	0.594982065583844	0.031496062992125984	0.01282051282051282	1.0	0.7185165141705541	0	1.0
a01817c3bcf1	0.0	0.08938912861378186	0.16803434660440356	0.1444816272328475	0.12593347568408456	0.022222222222222223	0.025	0.25	0.8208464761373714	1	0.045454545454545456
ed438ede6902	0.06608439733031304	0.25094701019234067	0.3437025896115514	0.3355361423614212	0.19959983654475358	0.09090909090909091	0.058823529411764705	0.75	1.0	0	0.05
f9df73321192	0.5278533451535838	0.46033140759385666	0.5463163629614769	0.5207290586343	0.48955297855960983	0.023809523809523808	0.019230769230769232	0.5	1.0	0	1.0
7f80bf59b43d	0.5246258302225686	0.5469668105298339	0.6151830074205709	0.5963643891016023	0.5344515982549273	0.022988505747126436	0.0196078431372549	0.5	1.0	1	0.045454545454545456
622b14c530f6	0.4050004675852912	0.4741003394381032	0.5900031618668092	0.589436765824515	0.2091709754808875	0.02040816326530612	0.01098901098901099	0.25	0.7185165141705541	1	0.3333333333333333
b004e50d6f30	0.0	0.052289288211202906	0.1746871247840085	0.15303776336186264	0.12593347568408456	0.02127659574468085	0.25	0.25	1.0	1	0.5
ab7da8a6e357	0.20418054257991852	0.2413899532786789	0.38818354551084056	0.3053305308928899	0.4107674154833625	0.021739130434782608	0.017543859649122806	0.25	1.0	0	0.16666666666666666
e8ef5707b0f9	0.06608439733031304	0.29694425771962174	0.35809677761426034	0.3097104962570064	0.34780067764132017	0.043478260869565216	0.021739130434782608	1.0	1.0	0	0.14285714285714285
730087737c66	0.20418054257991852	0.14167841682498472	0.2907407760749784	0.2754236600741	0.19959983654475358	0.019230769230769232	0.018867924528301886	0.25	1.0	1	0.041666666666666664
9f7b78f36beb	0.22594404683665206	0.3092355778889529	0.5501157207421556	0.47382417724572906	0.5691512423742262	0.045454545454545456	0.015384615384615385	1.0	1.0	1	1.0
47c0ebae455e	0.2623129151112843	0.3092355778889529	0.522210351580861	0.5222106921258786	0.0	0.02	0.03571428571428571	0.25	1.0	0	0.3333333333333333
accf68f0c4e4	0.4922814671122878	0.4923369634710196	0.4776349629021611	0.410214649757849	0.4887195617009117	0.021739130434782608	0.022727272727272728	0.25	1.0	0	0.07692307692307693
76d117c2457e	0.20418054257991852	0.3448615593629846	0.5346640009345005	0.5262592559291318	0.38594095688765573	0.2	0.02040816326530612	1.0	0.8208464761373714	0	0.5
74636406b3ea	0.17905642074863906	0.3575565144551274	0.425959313281469	0.399349909557005	0.3719376315953065	0.25	0.02564102564102564	0.75	1.0	0	0.3333333333333333
d185d2b6792a	0.06608439733031304	0.25094701019234067	0.34937424956801705	0.2975193905947101	0.3437625994972912	0.14285714285714285	0.027777777777777776	1.0	1.0	0	0.25
f81d2e8c493d	0.0	0.08938912861378186	0.1530376635625889	0.0822567773113617	0.17676998140676817	0.09090909090909091	0.041666666666666664	0.75	1.0	0	0.058823529411764705
e362b7085285	0.0	0.11816600049205804	0.1746871247840085	0.15303776336186264	0.12593347568408456	0.011764705882352941	0.16666666666666666	0.25	0.41559276351891056	0	0.5
3d3a0cfcea6e	0.3669249431097742	0.5018940203846814	0.6304928638471702	0.577638779574811	0.6275129264426624	0.024096385542168676	0.015873015873015872	0.5	1.0	0	1.0
a8bfe6b0f2be	0.3283973124415973	0.3575565144551274	0.537750018927384	0.49867122103306155	0.5128425603894239	0.14285714285714285	0.02127659574468085	0.75	1.0	0	0.3333333333333333
90ffa8de5e0f	0.06608439733031304	0.20755512910583993	0.4049462807317118	0.3555680697512972	0.39577127374689003	0.020833333333333332	0.05	0.25	1.0	0	0.125
f8f6a08506d6	0.0	0.0	0.1808807130935711	0.1350232575556277	0.17676998140676817	0.09090909090909091	0.014492753623188406	0.75	1.0	0	0.0625
c8023491c14a	0.5928689899464263	0.615778756263088	0.7586151282046801	0.6983179459209531	0.7656872802791354	0.022222222222222223	0.024390243902439025	0.25	0.8208464761373714	1	0.3333333333333333
f390253677ba	0.0	0.2310675454387666	0.43089513777496785	0.3826670915662682	0.4201408572785184	0.027210884353741496	0.011904761904761904	1.0	0.8208464761373714	0	1.0
0c4835025c91	0.24514081807895213	0.49651985725929115	0.570752552940703	0.5622745469056304	0.42277413731799013	0.2	0.02631578947368421	1.0	1.0	0	0.16666666666666666
2160fbaa2114	0.0	0.3863333863334036	0.4700828509626587	0.4251755556614198	0.4545674916654651	0.020833333333333332	0.1111111111111111	0.25	0.7185165141705541	0	0.14285714285714285
4e3f11acd75b	0.0	0.052289288211202906	0.1350231695040073	0.0986240537385567	0.12593347568408456	0.019230769230769232	0.125	0.75	0.2413006195117587	0	0.1
5aabbca49789	0.17905642074863906	0.11816600049205804	0.2192529709249519	0.16803445618334878	0.21782912381320668	0.022988505747126436	0.01694915254237288	0.5	1.0	0	1.0
514bf698853f	0.11297202341832605	0.17877825722756366	0.28147778026825165	0.23691208862286453	0.26747813811100074	0.02127659574468085	0.02702702702702703	0.25	1.0	0	0.5
918279c7ac2a	0.17905642074863906	0.2759856130067989	0.359744005919106	0.35118810438718073	0.21782912381320668	0.024691358024691357	0.011111111111111112	0.5	0.8208464761373714	0	0.3333333333333333
870bdb7ff9c8	0.11297202341832605	0.2413899532786789	0.35384141113454926	0.346583429312739	0.19959983654475358	0.0196078431372549	0.012345679012345678	0.75	0.2413006195117587	0	1.0
61666eaab532	0.20418054257991852	0.3575565144551274	0.4806564017800665	0.4605186122096691	0.4046409281128831	0.2	0.03333333333333333	1.0	0.8208464761373714	0	0.125
75d78a90d621	0.6439902093325914	0.681328570390296	0.7051164009447538	0.6858004205406656	0.6274220391910332	0.09090909090909091	0.013513513513513514	1.0	0.7185165141705541	1	0.3333333333333333
1f9ae8d91561	0.0	0.052289288211202906	0.1746871247840085	0.1444816272328475	0.14620423763884519	0.032520325203252036	0.011235955056179775	1.0	0.8208464761373714	0	0.5
209b7d629f0a	0.06608439733031304	0.21984644927517105	0.4626183240030097	0.46261862568673695	0.0	0.021739130434782608	0.022222222222222223	0.25	1.0	0	1.0
1fd4d0cd328f	0.0	0.17877825722756366	0.4054381801753935	0.35384164188242545	0.39919967308950716	0.020833333333333332	0.05263157894736842	0.25	1.0	0	1.0
98a0b9fabb38	0.3389160702549781	0.4449147152285283	0.4953096025952339	0.4334448816985424	0.5012153548786809	0.022988505747126436	0.015151515151515152	0.5	1.0	0	0.020833333333333332
a6b6e3cf36a4	0.8805509317854763	1.0	1.0	1.0	0.06296673784204228	0.08333333333333333	0.012048192771084338	1.0	0.21166332761200468	0	1.0
0441f185a7c8	0.14934089169295822	0.3448615593629846	0.3961431859994597	0.3333728694339155	0.4025033753632295	0.043478260869565216	0.03225806451612903	1.0	1.0	0	0.09090909090909091
9ce0e4739d54	0.06608439733031304	0.16155788157855885	0.23364715892766083	0.1972481074771134	0.2091709754808875	0.1	0.0136986301369863	1.0	1.0	0	1.0
f5aca42c4766	0.06608439733031304	0.20755512910583993	0.25947278819060676	0.22307375358152826	0.23300461763247096	0.02877697841726619	0.034482758620689655	1.0	0.8208464761373714	0	1.0
2bc794b05dce	0.06608439733031304	0.21984644927517105	0.3950483989694681	0.39053089920676354	0.19959983654475358	0.019230769230769232	0.047619047619047616	0.75	0.2413006195117587	0	0.5
fc9a0aeeae9f	0.3581128414972781	0.4894710399154403	0.5426687342813107	0.5260034965470138	0.45146678791292266	0.5	0.3333333333333333	1.0	0.8208464761373714	0	1.0
ad5c89e07b85	0.0	0.2598444173170428	0.34563323227605924	0.3311561769973047	0.246004155911222	0.045454545454545456	0.030303030303030304	1.0	1.0	1	0.07692307692307693
8675622c3643	0.0	0.052289288211202906	0.223073608110253	0.17468723870137876	0.21782912381320668	0.02	0.07142857142857142	0.25	1.0	0	1.0
d0ade33ca2cb	0.3389160702549781	0.29694425771962174	0.3333726520341736	0.28714962748127176	0.3203409390061417	0.024096385542168676	0.018518518518518517	0.5	1.0	0	0.25
d7c61d9dad3c	0.14934089169295822	0.052289288211202906	0.2889630660264346	0.28340860774971316	0.12593347568408456	0.019230769230769232	0.029411764705882353	0.25	1.0	1	1.0
8870deb3cd89	0.7192163022763876	0.7432839736633603	0.733626838882853	0.6902862430604149	0.718178042625765	0.019230769230769232	0.012658227848101266	0.75	0.2357617184120198	0	0.08333333333333333
bd48a021fb9e	0.11297202341832605	0.2310675454387666	0.2834084229327595	0.25947295739859916	0.22573339395646133	0.022988505747126436	0.011627906976744186	0.5	1.0	0	0.08333333333333333
f8c741363c7b	0.06608439733031304	0.14167841682498472	0.2733111142076621	0.2569440160127405	0.18890021352612682	0.045454545454545456	0.5	1.0	1.0	1	0.125
26d2a0f4d858	0.14934089169295822	0.40435726148239093	0.48023094399858596	0.46131188525726446	0.39919967308950716	0.2	0.03125	1.0	0.7185165141705541	0	0.1111111111111111
44728f9b507e	0.6713378878609267	0.6184711557779058	0.6727607037051548	0.579209999168733	0.7042751135128286	0.027210884353741496	0.0625	1.0	0.8208464761373714	1	0.041666666666666664
abbb05b3369e	0.4116538068042425	0.44894508238451875	0.6393936764514592	0.5524353856398428	0.666677811200508	0.02	0.01639344262295082	0.25	0.8208464761373714	0	0.5
95da06f756f9	0.06608439733031304	0.11816600049205804	0.2975191965758062	0.29248415602632033	0.12593347568408456	0.0196078431372549	0.1	0.75	0.2413006195117587	0	0.3333333333333333
a81f706cef4e	0.44671355817768454	0.4320078270524341	0.6303728218094125	0.551379802866806	0.6522504745637788	0.047619047619047616	0.09090909090909091	1.0	1.0	1	1.0
6de4c7fa2d4d	0.20418054257991852	0.33077908189246075	0.5005608903594414	0.48857390572328385	0.381961847782001	0.02127659574468085	0.011363636363636364	0.25	1.0	0	0.5
81eabf6b8425	0.14934089169295822	0.28335683364996944	0.4693637168858254	0.4501108987754788	0.389753060287233	0.02127659574468085	0.011764705882352941	0.25	1.0	0	0.2
bc8faac76681	0.11297202341832605	0.2598444173170428	0.27748728224918834	0.23691208862286453	0.25737420116409937	0.2	0.05555555555555555	1.0	1.0	0	1.0
71c2eec7a0d6	0.0	0.0	0.09862398942365351	0.0822567773113617	0.06296673784204228	0.043478260869565216	0.08333333333333333	1.0	1.0	0	0.5
768e0c8e4b3d	0.11297202341832605	0.3149681328686091	0.44676847422840404	0.4429750398501211	0.23300461763247096	0.020833333333333332	0.01818181818181818	0.25	1.0	0	0.2
f15277be8b1c	0.41804616249593934	0.37274596226375134	0.5071164607072851	0.4413457486232843	0.5169224979000296	0.030534351145038167	0.0125	1.0	0.48489538710571684	0	0.0625
7a08e810f2a9	0.14934089169295822	0.14167841682498472	0.3152364339923866	0.2711480195124297	0.2993997548171304	0.043478260869565216	0.023255813953488372	1.0	1.0	0	0.07692307692307693
bd73a440b8d9	0.0	0.0	0.03639918008035379	0.0	0.06296673784204228	0.043478260869565216	1.0	1.0	1.0	0	1.0
89cc8dfb1b14	0.11297202341832605	0.2759856130067989	0.3386861212955405	0.29587216121567017	0.3203409390061417	0.011764705882352941	0.043478260869565216	0.25	0.41559276351891056	0	0.2
295f31f8af75	0.30507413907761327	0.3797185388412312	0.4403535012841779	0.42827143080969776	0.32297421904561335	0.043478260869565216	0.037037037037037035	1.0	1.0	0	0.5
47d10df7fc31	0.0	0.052289288211202906	0.20670634235651703	0.2021018020798915	0.06296673784204228	0.020833333333333332	0.015625	0.25	1.0	0	0.5
bb936de3ef52	0.46649345769120276	0.6050020990892669	0.7282866223713642	0.6990289367844208	0.6837405745687868	0.022988505747126436	0.011494252873563218	0.5	1.0	0	0.5
bbac3d3dec30	0.14934089169295822	0.3492335459308247	0.43731011071919407	0.422781507587797	0.335104451164972	0.019230769230769232	0.012195121951219513	0.75	0.2413006195117587	0	0.1111111111111111
8e4cd3e3970d	0.11297202341832605	0.2310675454387666	0.32655128897148417	0.28340860774971316	0.30897089375326425	0.043478260869565216	0.04	1.0	1.0	0	0.125
313ca82fe335	0.0	0.0	0.0	0.0	0.0	0.0	0.0	0.0	0.0	0	0.0
909805c2e1b0	0.0	0.0	0.14448153301321734	0.11246238877989302	0.12593347568408456	0.09090909090909091	0.014285714285714285	0.75	1.0	0	0.06666666666666667
67096b484868	0.0	0.052289288211202906	0.03639918008035379	0.0	0.06296673784204228	0.02	0.017857142857142856	0.25	1.0	0	1.0
252daf14f7e3	0.0	0.0	0.23364715892766083	0.1921169119349664	0.21782912381320668	0.0196078431372549	0.14285714285714285	0.25	1.0	1	1.0
26d4133648cb	0.0	0.08938912861378186	0.2192529709249519	0.2021018020798915	0.14620423763884519	0.043478260869565216	0.038461538461538464	1.0	1.0	0	0.16666666666666666
ec92845df482	0.4617689478232709	0.522523261974449	0.6011468684816886	0.55451002903509	0.5893528968319866	0.022988505747126436	0.014925373134328358	0.5	1.0	0	0.05555555555555555
d1876b72a32b	0.0	0.16155788157855885	0.3322711483513144	0.24889939968594305	0.3553752131197327	0.02127659574468085	0.013333333333333334	0.25	1.0	0	1.0
4c1b4661175f	0.5037910132531164	0.5132247308791946	0.585034305020416	0.5435159952263107	0.5649088310000825	0.2	0.02857142857142857	1.0	0.8208464761373714	0	0.09090909090909091
4d36a0faa1b4	0.0	0.19396770503618765	0.2460491115198026	0.18088083104991842	0.25737420116409937	0.019230769230769232	0.06666666666666667	0.75	0.2413006195117587	0	0.05
aeec03e12bcb	0.14934089169295822	0.21984644927517105	0.3899495976898972	0.35028587083897605	0.36567019493289504	0.020833333333333332	0.012987012987012988	0.25	1.0	0	1.0
7012373d248c	0.14934089169295822	0.38951777658204884	0.4696040689005133	0.4676632944921593	0.19959983654475358	0.030534351145038167	0.014705882352941176	1.0	0.3660772607948244	0	0.14285714285714285
7fb5ef1cea79	0.0	0.0	0.03639918008035379	0.036399203817070964	0.0	0.019230769230769232	0.2	0.75	0.2413006195117587	0	0.0625
8c31110375c5	0.913657041496575	0.829080634531919	0.8781007659745617	0.8689093554294399	0.739930043956803	0.09090909090909091	0.010869565217391304	1.0	0.41559276351891056	1	1.0
c8dba40d8480	0.06608439733031304	0.14167841682498472	0.21526247290588865	0.16084890366004248	0.21782912381320668	0.09090909090909091	0.014084507042253521	0.75	1.0	0	0.03125
f2258c95c059	0.0	0.0	0.03639918008035379	0.0	0.06296673784204228	0.019230769230769232	0.013888888888888888	0.75	0.2413006195117587	0	0.043478260869565216
154703571f22	0.14934089169295822	0.16155788157855885	0.2689311516998168	0.16803445618334878	0.3027034570908527	0.032520325203252036	0.013157894736842105	1.0	0.8208464761373714	0	1.0
336171c4b0d9	0.06608439733031304	0.052289288211202906	0.2958719682709606	0.2543417618564522	0.27656989967914497	0.02127659574468085	0.07692307692307693	0.25	1.0	1	1.0
