revisions	files	functions	lines	addLines	deleteLines	pos	time	rf	ibf	isComponent	distance
56bec749e36f	0.2778469664164643	0.41250489177089955	0.4641617102790876	0.3961434443332668	0.475687815728001	0.08333333333333333	0.025	1.0	0.8208464761373714	0	0.5
52dae4e20ee6	0.0	0.11816600049205804	0.20210167028488468	0.1444816272328475	0.2091709754808875	0.0625	0.03333333333333333	1.0	1.0	0	0.16666666666666666
a6b6e3cf36a4	0.8805509317854763	1.0	1.0	1.0	0.06296673784204228	0.05	0.022727272727272728	1.0	0.21166332761200468	0	1.0
a435859b5764	0.06608439733031304	0.052289288211202906	0.1530376635625889	0.11246238877989302	0.14620423763884519	0.08333333333333333	0.02564102564102564	1.0	1.0	0	0.058823529411764705
2bc794b05dce	0.06608439733031304	0.21984644927517105	0.3950483989694681	0.39053089920676354	0.19959983654475358	0.05	0.058823529411764705	1.0	0.2413006195117587	0	0.5
ca7e8c7d0b23	0.0	0.0	0.20210167028488468	0.1444816272328475	0.2091709754808875	0.1	0.3333333333333333	1.0	1.0	1	0.058823529411764705
21982ffd50a9	0.3669249431097742	0.4151102582116798	0.4872030044016294	0.4467687655760907	0.4643821744483464	0.1	0.14285714285714285	1.0	1.0	1	0.5
169e7b3bb374	0.0	0.11816600049205804	0.1746871247840085	0.11246238877989302	0.18890021352612682	0.06666666666666667	0.07142857142857142	1.0	1.0	0	0.05
898e2f6cfa3d	0.0	0.0	0.23364715892766083	0.22307375358152826	0.12593347568408456	0.05555555555555555	0.05555555555555555	1.0	0.8208464761373714	0	0.08333333333333333
517c93a6d24f	0.06608439733031304	0.052289288211202906	0.1746871247840085	0.16084890366004248	0.09979991827237679	0.1	0.16666666666666666	1.0	1.0	1	0.16666666666666666
7f71a708d272	0.06608439733031304	0.4320078270524341	0.5338462985118493	0.5300106993574599	0.31762904208558346	0.06666666666666667	0.034482758620689655	1.0	1.0	0	0.5
8870deb3cd89	0.7192163022763876	0.7432839736633603	0.733626838882853	0.6902862430604149	0.718178042625765	0.05	0.024390243902439025	1.0	0.2357617184120198	0	0.08333333333333333
26d2a0f4d858	0.14934089169295822	0.40435726148239093	0.48023094399858596	0.46131188525726446	0.39919967308950716	0.06666666666666667	0.04	1.0	0.7185165141705541	0	0.09090909090909091
8da828b2d656	0.0	0.19396770503618765	0.25434159599462464	0.1921169119349664	0.2625665743867958	0.06666666666666667	0.037037037037037035	1.0	1.0	0	0.019230769230769232
c43371ba2559	0.06608439733031304	0.14167841682498472	0.25947278819060676	0.25947295739859916	0.0	0.08333333333333333	0.02631578947368421	1.0	1.0	0	0.05263157894736842
104dad9236b2	0.0	0.16155788157855885	0.11246231544070878	0.11246238877989302	0.0	0.0625	0.045454545454545456	1.0	1.0	0	0.07692307692307693
95da06f756f9	0.06608439733031304	0.11816600049205804	0.2975191965758062	0.29248415602632033	0.12593347568408456	0.05263157894736842	0.06666666666666667	1.0	0.2413006195117587	0	0.3333333333333333
76d117c2457e	0.20418054257991852	0.3448615593629846	0.5346640009345005	0.5262592559291318	0.38594095688765573	0.06666666666666667	0.03225806451612903	1.0	0.8208464761373714	0	1.0
aaceea816985	0.47989696652810027	0.5781336243395784	0.5158448422027437	0.44921167774367243	0.5265243214506846	0.1111111111111111	0.05	1.0	1.0	1	1.0
8229bd330ced	0.06608439733031304	0.052289288211202906	0.25434159599462464	0.2431056809714042	0.14620423763884519	0.1	0.2	1.0	1.0	1	0.09090909090909091
e53db7824cde	0.17905642074863906	0.11816600049205804	0.3502856424098959	0.34752345342449975	0.12593347568408456	0.1	0.03571428571428571	1.0	1.0	1	0.5
8ba5a2a9905b	0.0	0.08938912861378186	0.28147778026825165	0.25166181710041935	0.23973671924881043	0.1	0.125	1.0	1.0	1	1.0
843eb014e939	0.11297202341832605	0.35346216255331403	0.48337378855285384	0.43731039589887094	0.46969607518137574	0.05555555555555555	0.029411764705882353	1.0	0.8208464761373714	0	0.03125
2e31831b0630	0.0	0.20755512910583993	0.359744005919106	0.3417297347099609	0.27656989967914497	0.05555555555555555	0.02857142857142857	1.0	0.8208464761373714	0	0.1111111111111111
7093edc4235d	0.0	0.052289288211202906	0.27748728224918834	0.21925311390470442	0.28079586165524895	0.05555555555555555	0.030303030303030304	1.0	0.8208464761373714	0	0.3333333333333333
46dade38862a	0.0	0.0	0.09862398942365351	0.0822567773113617	0.06296673784204228	0.058823529411764705	0.1111111111111111	1.0	1.0	0	1.0
d00b1505c606	0.47989696652810027	0.41766402983178363	0.4239862355304419	0.36451198826472897	0.42700009929409416	0.1111111111111111	0.09090909090909091	1.0	1.0	1	0.5
6e6f9671d137	0.0	0.0	0.03639918008035379	0.0	0.06296673784204228	0.1	0.5	1.0	1.0	1	1.0
bbac3d3dec30	0.14934089169295822	0.3492335459308247	0.43731011071919407	0.422781507587797	0.335104451164972	0.05	0.023255813953488372	1.0	0.2413006195117587	0	0.1111111111111111
313ca82fe335	0.0	0.0	0.0	0.0	0.0	0.0	0.0	0.0	0.0	0	0.0
f10533829c90	0.2920284441669651	0.37274596226375134	0.5320685884633054	0.5311062293487824	0.19959983654475358	0.08333333333333333	0.022222222222222223	1.0	1.0	0	0.07142857142857142
96f5c992fe4c	0.4710848649156042	0.5236398165905484	0.6731842133585669	0.6175699685357551	0.6740443353877652	0.058823529411764705	0.047619047619047616	1.0	0.8208464761373714	0	1.0
4e3f11acd75b	0.0	0.052289288211202906	0.1350231695040073	0.0986240537385567	0.12593347568408456	0.05	0.08333333333333333	1.0	0.2413006195117587	0	0.1
5da4a19ee7ac	0.06608439733031304	0.21984644927517105	0.342721471388412	0.33764850999558577	0.16276665611441907	0.05555555555555555	0.1	1.0	0.8208464761373714	0	0.07142857142857142
4c1b4661175f	0.5037910132531164	0.5132247308791946	0.585034305020416	0.5435159952263107	0.5649088310000825	0.06666666666666667	0.038461538461538464	1.0	0.8208464761373714	0	0.125
870bdb7ff9c8	0.11297202341832605	0.2413899532786789	0.35384141113454926	0.346583429312739	0.19959983654475358	0.05263157894736842	0.023809523809523808	1.0	0.2413006195117587	0	1.0
29a6ac2322ef	0.06608439733031304	0.20755512910583993	0.2795047025172246	0.23025930610483455	0.27213771332292974	0.06666666666666667	0.07692307692307693	1.0	1.0	0	0.1
4d36a0faa1b4	0.0	0.19396770503618765	0.2460491115198026	0.18088083104991842	0.25737420116409937	0.05	0.0625	1.0	0.2413006195117587	0	0.05
61666eaab532	0.20418054257991852	0.3575565144551274	0.4806564017800665	0.4605186122096691	0.4046409281128831	0.06666666666666667	0.043478260869565216	1.0	0.8208464761373714	0	1.0
7fb5ef1cea79	0.0	0.0	0.03639918008035379	0.036399203817070964	0.0	0.05	0.25	1.0	0.2413006195117587	0	0.0625
8c31110375c5	0.913657041496575	0.829080634531919	0.8781007659745617	0.8689093554294399	0.739930043956803	0.08333333333333333	0.021739130434782608	1.0	0.41559276351891056	0	1.0
9b34cfe59b58	0.06608439733031304	0.16155788157855885	0.19724797884730702	0.1972481074771134	0.0	0.08333333333333333	0.027777777777777776	1.0	1.0	0	0.3333333333333333
f2258c95c059	0.0	0.0	0.03639918008035379	0.0	0.06296673784204228	0.05	0.02702702702702703	1.0	0.2413006195117587	0	0.043478260869565216
a1ed9377d15e	0.0	0.08938912861378186	0.2689311516998168	0.23691208862286453	0.23300461763247096	0.1	1.0	1.0	1.0	1	0.05555555555555555
a1d247bad1ea	0.0	0.0	0.08225672366991757	0.0822567773113617	0.0	0.06666666666666667	0.041666666666666664	1.0	1.0	0	0.05263157894736842
460d7785656e	0.22594404683665206	0.3149681328686091	0.3845436648851043	0.3022871383432432	0.40672933733933353	0.07142857142857142	0.05263157894736842	1.0	0.8208464761373714	0	0.2
