revisions	files	functions	lines	addLines	deleteLines	pos	time	rf	ibf	isComponent	distance
7847c6163ff8	0.0	0.052289288211202906	0.16803434660440356	0.1444816272328475	0.12593347568408456	0.125	0.0196078431372549	1.0	1.0	1	0.3333333333333333
b88330c46dcd	0.17905642074863906	0.2598444173170428	0.43451544383084056	0.3597442405161959	0.45146678791292266	0.1111111111111111	0.0625	1.0	0.7727449069190901	1	0.015151515151515152
52e4a2c778d7	0.4755504642001851	0.5202607258265587	0.6562784969304125	0.6562188971638723	0.09979991827237679	0.1111111111111111	0.025	1.0	1.0	1	0.03333333333333333
1d72052042a9	0.2920284441669651	0.2759856130067989	0.36903900009503976	0.3484537361784948	0.29597135547451325	0.08333333333333333	0.047619047619047616	1.0	0.7727449069190901	1	1.0
8421d64ceed2	0.5698754105834294	0.563489468051885	0.5585204285036666	0.49219191003258905	0.5693237814582429	0.1111111111111111	0.02127659574468085	1.0	1.0	1	0.01639344262295082
4410b5743ec8	0.24514081807895213	0.21984644927517105	0.2975191965758062	0.23025930610483455	0.30897089375326425	0.1111111111111111	0.05263157894736842	1.0	1.0	1	0.021739130434782608
f2ffc8c91026	0.11297202341832605	0.29694425771962174	0.4445749969832488	0.43272382173837337	0.32553331222883813	0.09090909090909091	0.01639344262295082	1.0	1.0	1	0.08333333333333333
b23cb396394e	0.17905642074863906	0.2413899532786789	0.22673825668313485	0.1921169119349664	0.19959983654475358	0.07692307692307693	0.045454545454545456	1.0	0.7727449069190901	1	0.16666666666666666
61a7d53ce199	0.0	0.17877825722756366	0.32293584370148376	0.3191688659342263	0.12593347568408456	1.0	0.5	1.0	1.0	1	1.0
c7cc8060994c	0.14934089169295822	0.25094701019234067	0.3311559610431165	0.2569440160127405	0.34780067764132017	0.09090909090909091	0.1111111111111111	1.0	0.7727449069190901	1	0.5
60975468a30f	0.3487969244049448	0.37274596226375134	0.38758705545008815	0.33764850999558577	0.37920885527131615	0.25	0.01818181818181818	1.0	1.0	1	0.5
57d856f1d98d	0.0	0.0	0.03639918008035379	0.0	0.06296673784204228	0.1111111111111111	0.013157894736842105	1.0	1.0	1	0.011363636363636364
ecf4de06fa4a	0.0	0.11816600049205804	0.27748728224918834	0.22673840454420918	0.27213771332292974	0.045454545454545456	0.02	1.0	0.7727449069190901	1	0.5
38e92efa42e8	0.5246258302225686	0.5132247308791946	0.6037158455626417	0.5787842047780599	0.5454039107283523	0.09090909090909091	0.25	1.0	0.5529330732412384	1	0.058823529411764705
3dbf6952f712	0.8144665344551633	0.8048794213305639	0.8039143660504939	0.7820982991411308	0.7371742132923765	0.1111111111111111	0.01282051282051282	1.0	1.0	1	0.05263157894736842
5cf9073dd3fe	0.5596855815960106	0.6168624706451694	0.6791687877812528	0.6410446148039528	0.6538959559384289	0.125	0.0136986301369863	1.0	1.0	1	0.09090909090909091
9af065c33f01	0.2623129151112843	0.45476387023436265	0.43557366540309816	0.35118810438718073	0.45931847235258116	0.07692307692307693	0.020833333333333332	1.0	0.7727449069190901	1	0.07692307692307693
77d416723829	0.11297202341832605	0.14167841682498472	0.31388646232954215	0.2543417618564522	0.31762904208558346	0.07692307692307693	0.2	0.5	0.7727449069190901	1	1.0
b9663c58bf32	0.0	0.052289288211202906	0.26665833602805705	0.2021018020798915	0.27656989967914497	0.09090909090909091	0.03571428571428571	1.0	1.0	1	1.0
81ca0404f948	0.0	0.19396770503618765	0.2871494402247173	0.21526261328334842	0.3027034570908527	0.045454545454545456	0.023255813953488372	1.0	0.7727449069190901	1	1.0
544dfabf06f6	0.06608439733031304	0.08938912861378186	0.1866744280298992	0.16803445618334878	0.12593347568408456	0.07692307692307693	0.017543859649122806	1.0	0.7727449069190901	1	0.047619047619047616
c231bb393e7d	0.20418054257991852	0.21984644927517105	0.23691193412730824	0.23025930610483455	0.09979991827237679	0.1111111111111111	0.03333333333333333	1.0	1.0	1	0.012987012987012988
075f8d86f3e0	0.0	0.052289288211202906	0.08225672366991757	0.036399203817070964	0.09979991827237679	0.125	0.038461538461538464	1.0	1.0	1	0.16666666666666666
2331c61a4711	0.0	0.0	0.1350231695040073	0.036399203817070964	0.17676998140676817	0.0625	0.08333333333333333	1.0	0.7727449069190901	1	1.0
ae99f50d4ca6	0.20418054257991852	0.21984644927517105	0.4912535301219329	0.4533330596863628	0.4638332797244286	0.06666666666666667	0.09090909090909091	1.0	0.7727449069190901	1	0.3333333333333333
4e3f11acd75b	0.0	0.052289288211202906	0.1350231695040073	0.0986240537385567	0.12593347568408456	0.037037037037037035	0.04	1.0	0.03759471421008239	0	0.1
57e10948011a	0.22594404683665206	0.2759856130067989	0.33659831966454223	0.31656661177793793	0.2625665743867958	0.1111111111111111	0.06666666666666667	1.0	1.0	1	0.5
870bdb7ff9c8	0.11297202341832605	0.2413899532786789	0.35384141113454926	0.346583429312739	0.19959983654475358	0.038461538461538464	0.011904761904761904	1.0	0.03759471421008239	0	1.0
7982ce273e65	0.39081898983479035	0.45285329821471976	0.4129627016963775	0.3572619215579765	0.41174949856652027	0.07692307692307693	0.02631578947368421	0.0	0.7727449069190901	1	0.047619047619047616
bbc033cb2f59	0.798270393500376	0.8332790294023129	0.8291252246666351	0.8199193358955581	0.6905250738334762	0.05	0.012658227848101266	1.0	0.7727449069190901	1	0.045454545454545456
75396df19965	0.0	0.2759856130067989	0.32415724245907257	0.28896325446569493	0.29240847527769037	0.05263157894736842	0.041666666666666664	1.0	0.7727449069190901	1	0.5
844f4b4a98d0	0.0	0.11816600049205804	0.14448153301321734	0.12444969984297151	0.09979991827237679	0.07692307692307693	0.05555555555555555	0.0	0.7727449069190901	1	0.1111111111111111
7ef76daae2b1	0.20418054257991852	0.2903294102274493	0.3475232267968525	0.28714962748127176	0.3516668696405459	0.1111111111111111	0.015625	1.0	1.0	1	0.017857142857142856
fcc67ef6a9e7	0.20418054257991852	0.2598444173170428	0.48192080893394573	0.4386757679587653	0.4638332797244286	0.1111111111111111	0.02702702702702703	1.0	0.7727449069190901	1	0.012658227848101266
2f814986f88f	0.6981568344402932	0.7146082875514054	0.6956870568066902	0.6765984280309322	0.6169267847634976	0.1111111111111111	0.012345679012345678	1.0	0.7727449069190901	1	0.023255813953488372
6bd4ad064b67	0.39081898983479035	0.5018940203846814	0.49049596086782743	0.4243846123739596	0.5004827557434718	0.058823529411764705	0.022222222222222223	1.0	0.7727449069190901	1	1.0
a6b6e3cf36a4	0.8805509317854763	1.0	1.0	1.0	0.06296673784204228	0.037037037037037035	0.011627906976744186	1.0	0.0	0	1.0
d427a392e266	0.0	0.0	0.03639918008035379	0.0	0.06296673784204228	0.07692307692307693	0.14285714285714285	0.0	0.7727449069190901	1	0.034482758620689655
28b979e4b2ed	0.4241972388275912	0.25094701019234067	0.2975191965758062	0.25947295739859916	0.27213771332292974	0.1111111111111111	0.016129032258064516	1.0	1.0	1	0.018518518518518517
2bc794b05dce	0.06608439733031304	0.21984644927517105	0.3950483989694681	0.39053089920676354	0.19959983654475358	0.037037037037037035	0.029411764705882353	1.0	0.03759471421008239	0	0.5
f8054826d14b	0.24514081807895213	0.28335683364996944	0.4219688152624057	0.4120561806379748	0.2887001317985036	0.08333333333333333	0.02040816326530612	1.0	1.0	1	0.1
d17846761e9a	0.0	0.08938912861378186	0.23364715892766083	0.1350232575556277	0.26747813811100074	0.08333333333333333	0.07142857142857142	1.0	1.0	1	0.1111111111111111
7f2443119440	0.22594404683665206	0.2903294102274493	0.41948649792296083	0.4151906655164946	0.21782912381320668	0.09090909090909091	0.16666666666666666	1.0	0.7727449069190901	1	0.3333333333333333
ff3112fa20e1	0.2920284441669651	0.5258443361283756	0.5545096674269682	0.5210002717783576	0.518444171677609	0.1111111111111111	0.014925373134328358	1.0	1.0	1	0.09090909090909091
568b633f82b7	0.20418054257991852	0.3149681328686091	0.39449595769461404	0.30072585581844824	0.4236352034845948	0.07692307692307693	0.030303030303030304	0.0	0.7727449069190901	1	0.2
d5cf289f9e98	0.22594404683665206	0.28335683364996944	0.40039351465970996	0.34937447740275757	0.3934116137950853	0.043478260869565216	0.017241379310344827	1.0	0.7727449069190901	1	0.5
8870deb3cd89	0.7192163022763876	0.7432839736633603	0.733626838882853	0.6902862430604149	0.718178042625765	0.037037037037037035	0.012048192771084338	1.0	0.0305686537796311	0	0.08333333333333333
622679bd3dfd	0.06608439733031304	0.11816600049205804	0.21526247290588865	0.2021018020798915	0.12593347568408456	0.09090909090909091	0.058823529411764705	1.0	1.0	1	0.2
933416f490bc	0.0	0.2759856130067989	0.48316765430875785	0.4255684292967893	0.48443377634403145	0.1111111111111111	0.027777777777777776	1.0	1.0	1	0.029411764705882353
d745f9e69376	0.9734289577645502	0.9817920792952424	0.9738374630342642	0.9738380980953941	0.0	0.5	0.012195121951219513	1.0	0.5529330732412384	1	1.0
8c8d75f8f87a	0.0	0.08938912861378186	0.3165664053379244	0.31656661177793793	0.0	0.04	0.017857142857142856	1.0	0.7727449069190901	0	1.0
95da06f756f9	0.06608439733031304	0.11816600049205804	0.2975191965758062	0.29248415602632033	0.12593347568408456	0.038461538461538464	0.037037037037037035	1.0	0.03759471421008239	0	0.3333333333333333
f868ca1a7bc3	0.11297202341832605	0.11816600049205804	0.1921167866513249	0.18088083104991842	0.09979991827237679	0.1111111111111111	0.019230769230769232	1.0	1.0	1	0.016666666666666666
8da0e11209da	0.0	0.14167841682498472	0.21526247290588865	0.21108644251844974	0.06296673784204228	0.0625	0.012987012987012988	1.0	0.7727449069190901	1	0.3333333333333333
d934251f0a1e	0.0	0.0	0.1866744280298992	0.12444969984297151	0.19959983654475358	0.07692307692307693	0.125	0.0	0.7727449069190901	1	0.029411764705882353
bbac3d3dec30	0.14934089169295822	0.3492335459308247	0.43731011071919407	0.422781507587797	0.335104451164972	0.037037037037037035	0.011764705882352941	1.0	0.03759471421008239	0	0.1111111111111111
e821c80466f3	0.0	0.21984644927517105	0.5333756739799337	0.46416201296929144	0.5465185480307825	0.05555555555555555	0.021739130434782608	1.0	0.7727449069190901	1	1.0
1c4721f1e793	0.0	0.0	0.0	0.0	0.0	0.1111111111111111	0.043478260869565216	1.0	1.0	1	0.018867924528301886
736230f314d6	0.2920284441669651	0.39862470650273474	0.4998782146447466	0.4413457486232843	0.5023032936356063	0.07692307692307693	0.014492753623188406	1.0	0.7727449069190901	1	0.14285714285714285
7add94b2e963	0.43012458941657056	0.4951405793782988	0.5457014877914969	0.4862113619428084	0.5495686791686795	0.3333333333333333	0.015384615384615385	1.0	1.0	1	0.25
2aec0850cb61	0.2920284441669651	0.28335683364996944	0.28147778026825165	0.22307375358152826	0.2848339397992779	0.25	0.013513513513513514	1.0	1.0	1	0.3333333333333333
c9fe78b68b4d	0.3487969244049448	0.41250489177089955	0.4787257591155587	0.41296297099856594	0.48829996834325723	0.2	0.015873015873015872	1.0	1.0	1	1.0
96c97f4383ba	0.3752849385296103	0.45476387023436265	0.5694991793680992	0.5463167192265621	0.5051423309554007	0.05	0.018867924528301886	1.0	0.7727449069190901	1	0.5
483649c03df2	0.6222267050758578	0.5824327308531699	0.6432218576440809	0.5810321214750622	0.6509263282129166	0.3333333333333333	0.02564102564102564	1.0	0.7727449069190901	1	0.5
53f53102afa4	0.22594404683665206	0.3092355778889529	0.36977183211452735	0.3265515019228631	0.3516668696405459	0.125	0.013888888888888888	1.0	1.0	1	0.07692307692307693
52b841c75824	0.0	0.11816600049205804	0.23364715892766083	0.11246238877989302	0.27656989967914497	0.09090909090909091	0.018518518518518517	1.0	1.0	1	0.025
896cfeff65a7	0.06608439733031304	0.3956599494367154	0.39394009570896044	0.32044224164478247	0.40977459903923913	0.05	0.034482758620689655	1.0	0.7727449069190901	1	0.14285714285714285
f9be6c21ce86	0.0	0.11816600049205804	0.25166165298624243	0.22673840454420918	0.19959983654475358	0.06666666666666667	0.07692307692307693	1.0	0.7727449069190901	1	1.0
9113225dc102	0.06608439733031304	0.19396770503618765	0.2941939488754821	0.2569440160127405	0.26747813811100074	0.3333333333333333	0.014285714285714285	1.0	1.0	1	1.0
39fa151608b1	0.3669249431097742	0.2759856130067989	0.26665833602805705	0.24889939968594305	0.18890021352612682	0.1111111111111111	0.014705882352941176	1.0	1.0	1	0.019230769230769232
6e796f8c300c	0.06608439733031304	0.21984644927517105	0.3502856424098959	0.28896325446569493	0.3553752131197327	0.1	0.016666666666666666	1.0	1.0	1	1.0
74de3e5cb6d2	0.0	0.0	0.03639918008035379	0.0	0.06296673784204228	0.1111111111111111	0.013333333333333334	1.0	1.0	1	0.01098901098901099
62c5b38abd42	0.0	0.4015228341420275	0.4696040689005133	0.4106785860999806	0.4722408298276872	0.125	0.015151515151515152	1.0	1.0	1	0.5
4d9dae33789c	0.3171525659982445	0.3448615593629846	0.30971029428801583	0.24889939968594305	0.3148336892102114	0.07692307692307693	0.024390243902439025	1.0	0.6429400081353716	1	0.05263157894736842
fa5f8d5873d8	0.20418054257991852	0.3653747416205808	0.3675551411234703	0.3022871383432432	0.37636981795152175	0.0625	0.05	1.0	0.6429400081353716	1	0.3333333333333333
846420f24b48	0.4116538068042425	0.44285129116709593	0.5118869302756786	0.44981215812573744	0.5181418692341517	0.1111111111111111	0.023809523809523808	1.0	1.0	1	0.010638297872340425
4d36a0faa1b4	0.0	0.19396770503618765	0.2460491115198026	0.18088083104991842	0.25737420116409937	0.037037037037037035	0.03225806451612903	1.0	0.03759471421008239	0	0.05
c22a35f7b7a4	0.11297202341832605	0.20755512910583993	0.40445167108458346	0.34272169488472753	0.40977459903923913	0.05	0.022727272727272728	1.0	0.7727449069190901	1	0.1111111111111111
da689672f3e6	0.0	0.20755512910583993	0.30971029428801583	0.28896325446569493	0.23973671924881043	0.041666666666666664	0.03125	1.0	0.7727449069190901	0	1.0
7fb5ef1cea79	0.0	0.0	0.03639918008035379	0.036399203817070964	0.0	0.037037037037037035	0.3333333333333333	1.0	0.03759471421008239	0	0.0625
2f455c0f3f09	0.06608439733031304	0.16155788157855885	0.16084879876695327	0.12444969984297151	0.14620423763884519	0.1111111111111111	0.1	1.0	1.0	1	1.0
23e6f6e0e49d	0.0	0.0	0.22673825668313485	0.17468723870137876	0.22573339395646133	0.09090909090909091	0.01694915254237288	1.0	1.0	1	0.027777777777777776
99b156744a40	0.0	0.08938912861378186	0.2110863048643623	0.18667454976445727	0.16276665611441907	0.1111111111111111	0.014084507042253521	1.0	1.0	1	0.01020408163265306
f2258c95c059	0.0	0.0	0.03639918008035379	0.0	0.06296673784204228	0.037037037037037035	0.0125	1.0	0.03759471421008239	0	0.043478260869565216
968b1ad5510b	0.0	0.08938912861378186	0.08225672366991757	0.036399203817070964	0.09979991827237679	1.0	1.0	1.0	1.0	1	1.0
dcf96998bf8d	0.06608439733031304	0.26816738584134553	0.4348695721948365	0.36055665766631123	0.45146678791292266	0.1111111111111111	0.02857142857142857	1.0	1.0	1	0.030303030303030304
