revisions	files	functions	lines	addLines	deleteLines	pos	time	rf	ibf	isComponent	distance
ee9744e6ecf9	0.11297202341832605	0.14167841682498472	0.2619324331157728	0.25947295739859916	0.06296673784204228	1.0	0.2	1.0	0.7727449069190901	1	0.008064516129032258
c1466184ac0c	0.06608439733031304	0.11816600049205804	0.223073608110253	0.21108644251844974	0.12593347568408456	1.0	0.16666666666666666	1.0	0.7727449069190901	1	0.038461538461538464
a6b6e3cf36a4	0.8805509317854763	1.0	1.0	1.0	0.06296673784204228	0.2	0.038461538461538464	1.0	0.0	0	1.0
2bc794b05dce	0.06608439733031304	0.21984644927517105	0.3950483989694681	0.39053089920676354	0.19959983654475358	0.16666666666666666	0.125	1.0	0.03759471421008239	0	0.5
c3b14c00ac13	0.06608439733031304	0.16155788157855885	0.24889923737319897	0.2021018020798915	0.23973671924881043	0.3333333333333333	0.045454545454545456	1.0	1.0	0	0.3333333333333333
898e2f6cfa3d	0.0	0.0	0.23364715892766083	0.22307375358152826	0.12593347568408456	0.25	0.1111111111111111	1.0	1.0	0	0.1111111111111111
fafdca3be201	0.11297202341832605	0.2310675454387666	0.28147778026825165	0.25166181710041935	0.23973671924881043	1.0	0.07142857142857142	1.0	0.7727449069190901	1	0.07692307692307693
da5d8af5ec5e	0.06608439733031304	0.17877825722756366	0.2711478426908739	0.268931327075819	0.06296673784204228	0.2	1.0	1.0	0.2586831782024952	0	0.25
7620cf8ef36f	0.3669249431097742	0.43862267454460646	0.4841936246057054	0.4120561806379748	0.49937265882841864	0.3333333333333333	0.043478260869565216	1.0	1.0	0	0.5
95da06f756f9	0.06608439733031304	0.11816600049205804	0.2975191965758062	0.29248415602632033	0.12593347568408456	0.2	0.25	1.0	0.2586831782024952	0	0.3333333333333333
e5fa705634a1	0.3487969244049448	0.3797185388412312	0.3754285959581471	0.29913693854435036	0.3934116137950853	1.0	0.058823529411764705	1.0	0.7727449069190901	1	0.009900990099009901
2e31831b0630	0.0	0.20755512910583993	0.359744005919106	0.3417297347099609	0.27656989967914497	0.25	0.05	1.0	1.0	0	0.5
843eb014e939	0.11297202341832605	0.35346216255331403	0.48337378855285384	0.43731039589887094	0.46969607518137574	0.25	0.05263157894736842	1.0	1.0	0	0.04
7093edc4235d	0.0	0.052289288211202906	0.27748728224918834	0.21925311390470442	0.28079586165524895	0.25	0.05555555555555555	1.0	1.0	0	0.2
73d33b74fd87	0.06608439733031304	0.16155788157855885	0.30533033178017055	0.23025930610483455	0.32297421904561335	1.0	0.047619047619047616	1.0	0.7727449069190901	1	0.012658227848101266
c4005287acdf	0.17905642074863906	0.0	0.31787696034860546	0.3138866670219051	0.12593347568408456	1.0	0.08333333333333333	1.0	0.7727449069190901	1	0.1
b91bb5a5841c	0.2920284441669651	0.38951777658204884	0.4698437791200057	0.3851609042166359	0.4940049152801654	1.0	0.0625	1.0	0.7727449069190901	1	0.06666666666666667
96f5c992fe4c	0.4710848649156042	0.5236398165905484	0.6731842133585669	0.6175699685357551	0.6740443353877652	0.25	0.1	1.0	0.7727449069190901	0	1.0
5da4a19ee7ac	0.06608439733031304	0.21984644927517105	0.342721471388412	0.33764850999558577	0.16276665611441907	0.25	0.3333333333333333	1.0	1.0	0	0.14285714285714285
870bdb7ff9c8	0.11297202341832605	0.2413899532786789	0.35384141113454926	0.346583429312739	0.19959983654475358	0.2	0.041666666666666664	1.0	0.03759471421008239	0	1.0
b9c1b4a35b7e	0.11297202341832605	0.3403361388061225	0.3547087746343028	0.30072585581844824	0.3516668696405459	1.0	0.14285714285714285	1.0	0.7727449069190901	1	0.14285714285714285
8ef29befd159	0.7387420023446497	0.8383176050530768	0.9445560654646791	0.8860151045765137	0.9519342181733677	1.0	0.09090909090909091	1.0	0.7727449069190901	1	1.0
a4847abc9bd8	0.11297202341832605	0.052289288211202906	0.12444961868659946	0.11246238877989302	0.06296673784204228	0.3333333333333333	0.5	1.0	1.0	0	0.125
8c31110375c5	0.913657041496575	0.829080634531919	0.8781007659745617	0.8689093554294399	0.739930043956803	0.3333333333333333	0.037037037037037035	1.0	0.2586831782024952	0	1.0
26847aebc78f	0.5596855815960106	0.6532860575182532	0.7303216791971582	0.7297945519251913	0.33734757254989495	1.0	0.04	1.0	0.5529330732412384	1	0.3333333333333333
987075c7de3b	0.0	0.0	0.11246231544070878	0.06222484992148576	0.12593347568408456	1.0	0.07692307692307693	1.0	0.7727449069190901	1	0.08333333333333333
e4c589c3b55b	0.8768381475942552	0.8533885767370973	0.8907530481100673	0.8898617603616132	0.5451793326153924	0.5	0.06666666666666667	1.0	0.5529330732412384	0	1.0
