revisions	files	functions	lines	addLines	deleteLines	pos	time	rf	ibf	isComponent	distance
bb276c9cffeb	0.2778469664164643	0.46910766745501303	0.5121861686322841	0.5093026398385373	0.27213771332292974	0.3333333333333333	0.2	1.0	0.6271948693925073	0	1.0
870bdb7ff9c8	0.11297202341832605	0.2413899532786789	0.35384141113454926	0.346583429312739	0.19959983654475358	0.08333333333333333	0.14285714285714285	1.0	0.04865087284751102	0	1.0
a6b6e3cf36a4	0.8805509317854763	1.0	1.0	1.0	0.06296673784204228	0.07692307692307693	0.125	1.0	0.0	0	1.0
b4085d2e2003	0.3283973124415973	0.4621350908775332	0.4700828509626587	0.4247809551034229	0.45517513139210947	0.1111111111111111	0.25	1.0	0.6271948693925073	0	1.0
3a9c53f3d00c	0.17905642074863906	0.3356461218611724	0.5314681084728269	0.4639066173990189	0.543132747423026	1.0	1.0	1.0	1.0	1	1.0
2bc794b05dce	0.06608439733031304	0.21984644927517105	0.3950483989694681	0.39053089920676354	0.19959983654475358	0.07692307692307693	0.3333333333333333	1.0	0.04865087284751102	0	0.5
493703d05279	0.6791005062725557	0.8309406848429126	0.8581113098000227	0.8580960291375812	0.16276665611441907	0.25	0.1111111111111111	1.0	0.4981117518053652	0	1.0
b8c63a046f4e	0.20418054257991852	0.38951777658204884	0.48759673934798464	0.4705593999170489	0.39807118900701427	0.09090909090909091	0.16666666666666666	1.0	0.6271948693925073	0	1.0
1b71dee63500	0.3980639238155956	0.3575565144551274	0.45699741263083815	0.39668587185911636	0.46103792684905653	0.2	0.5	1.0	0.6271948693925073	0	1.0
