revisions	files	functions	lines	addLines	deleteLines	pos	time	rf	ibf	isComponent	distance
632200769be0	0.22594404683665206	0.16155788157855885	0.2302591559477033	0.21526261328334842	0.14620423763884519	0.125	0.08333333333333333	1.0	1.0	1	0.041666666666666664
ffee9e8ec7aa	0.5341227403128965	0.45476387023436265	0.69271767319047	0.6162675614910612	0.7134356010535137	0.125	0.043478260869565216	1.0	1.0	1	0.14285714285714285
aa65a7eec3d1	0.17905642074863906	0.2310675454387666	0.4366195578997813	0.3944962149542268	0.41650670065557865	1.0	0.07692307692307693	1.0	1.0	1	1.0
b23cb396394e	0.17905642074863906	0.2413899532786789	0.22673825668313485	0.1921169119349664	0.19959983654475358	0.5	0.06666666666666667	1.0	1.0	1	0.14285714285714285
c7cc8060994c	0.14934089169295822	0.25094701019234067	0.3311559610431165	0.2569440160127405	0.34780067764132017	0.5	0.2	1.0	0.7727449069190901	1	0.023255813953488372
c158f020bdcc	0.06608439733031304	0.33077908189246075	0.3863820518023723	0.3365985391678139	0.37780042705225364	0.1111111111111111	0.023809523809523808	1.0	1.0	1	0.0625
38e92efa42e8	0.5246258302225686	0.5132247308791946	0.6037158455626417	0.5787842047780599	0.5454039107283523	1.0	1.0	1.0	0.6429400081353716	1	0.045454545454545456
9af065c33f01	0.2623129151112843	0.45476387023436265	0.43557366540309816	0.35118810438718073	0.45931847235258116	0.5	0.029411764705882353	1.0	1.0	1	0.07142857142857142
0634897c24a0	0.06608439733031304	0.0	0.1808807130935711	0.17468723870137876	0.06296673784204228	0.2	0.058823529411764705	1.0	1.0	1	0.5
ed567ee31586	0.20418054257991852	0.2759856130067989	0.3747406889609206	0.33971231312631994	0.34167419027084084	0.1111111111111111	0.02564102564102564	1.0	1.0	1	0.041666666666666664
77d416723829	0.11297202341832605	0.14167841682498472	0.31388646232954215	0.2543417618564522	0.31762904208558346	0.5	0.5	1.0	0.7727449069190901	1	0.5
81ca0404f948	0.0	0.19396770503618765	0.2871494402247173	0.21526261328334842	0.3027034570908527	0.08333333333333333	0.03571428571428571	1.0	0.7727449069190901	1	1.0
efd7db4d1952	0.4518880936733042	0.5460356783073758	0.6521651720303113	0.6473590062525922	0.45517513139210947	1.0	0.16666666666666666	1.0	0.7727449069190901	1	0.25
544dfabf06f6	0.06608439733031304	0.08938912861378186	0.1866744280298992	0.16803445618334878	0.12593347568408456	0.5	0.02631578947368421	1.0	1.0	1	0.045454545454545456
2331c61a4711	0.0	0.0	0.1350231695040073	0.036399203817070964	0.17676998140676817	0.2	0.125	1.0	0.7727449069190901	1	1.0
ae99f50d4ca6	0.20418054257991852	0.21984644927517105	0.4912535301219329	0.4533330596863628	0.4638332797244286	0.25	0.14285714285714285	1.0	1.0	1	0.3333333333333333
8cf91fc3daef	0.3752849385296103	0.45091399471393756	0.6112075972169315	0.5751551139197861	0.581108607076194	0.125	0.02857142857142857	1.0	1.0	1	0.3333333333333333
870bdb7ff9c8	0.11297202341832605	0.2413899532786789	0.35384141113454926	0.346583429312739	0.19959983654475358	0.06666666666666667	0.02040816326530612	1.0	0.03759471421008239	0	1.0
7982ce273e65	0.39081898983479035	0.45285329821471976	0.4129627016963775	0.3572619215579765	0.41174949856652027	0.5	0.041666666666666664	1.0	1.0	1	0.125
bbc033cb2f59	0.798270393500376	0.8332790294023129	0.8291252246666351	0.8199193358955581	0.6905250738334762	0.1111111111111111	0.02127659574468085	1.0	1.0	1	0.045454545454545456
75396df19965	0.0	0.2759856130067989	0.32415724245907257	0.28896325446569493	0.29240847527769037	0.125	0.0625	1.0	1.0	1	0.16666666666666666
844f4b4a98d0	0.0	0.11816600049205804	0.14448153301321734	0.12444969984297151	0.09979991827237679	0.5	0.09090909090909091	1.0	1.0	1	0.025
fcc67ef6a9e7	0.20418054257991852	0.2598444173170428	0.48192080893394573	0.4386757679587653	0.4638332797244286	0.125	0.045454545454545456	1.0	1.0	1	0.06666666666666667
6bd4ad064b67	0.39081898983479035	0.5018940203846814	0.49049596086782743	0.4243846123739596	0.5004827557434718	0.16666666666666666	0.03125	1.0	0.7727449069190901	1	1.0
a6b6e3cf36a4	0.8805509317854763	1.0	1.0	1.0	0.06296673784204228	0.0625	0.02	1.0	0.0	0	1.0
d427a392e266	0.0	0.0	0.03639918008035379	0.0	0.06296673784204228	0.5	0.3333333333333333	1.0	1.0	1	0.05
5365f819f133	0.14934089169295822	0.5460356783073758	0.5155575734012561	0.456165202527569	0.5190457752036846	0.5	0.022727272727272728	1.0	1.0	1	0.2
2bc794b05dce	0.06608439733031304	0.21984644927517105	0.3950483989694681	0.39053089920676354	0.19959983654475358	0.0625	0.047619047619047616	1.0	0.03759471421008239	0	0.5
1e673a7d44de	0.2778469664164643	0.29694425771962174	0.48378464246843705	0.4633936361037096	0.40877081202564103	0.1111111111111111	0.025	1.0	1.0	1	0.03333333333333333
568b633f82b7	0.20418054257991852	0.3149681328686091	0.39449595769461404	0.30072585581844824	0.4236352034845948	0.5	0.05	1.0	1.0	1	0.023809523809523808
a3dead8c1dae	0.3487969244049448	0.3356461218611724	0.3869865754596095	0.3229360542951501	0.3945991052199749	0.5	0.024390243902439025	1.0	1.0	1	0.04
d745f9e69376	0.9734289577645502	0.9817920792952424	0.9738374630342642	0.9738380980953941	0.0	0.5	0.020833333333333332	1.0	0.5529330732412384	1	0.3333333333333333
8c8d75f8f87a	0.0	0.08938912861378186	0.3165664053379244	0.31656661177793793	0.0	0.07142857142857142	0.02702702702702703	1.0	0.7727449069190901	0	1.0
8da0e11209da	0.0	0.14167841682498472	0.21526247290588865	0.21108644251844974	0.06296673784204228	0.5	0.022222222222222223	1.0	1.0	1	0.3333333333333333
d934251f0a1e	0.0	0.0	0.1866744280298992	0.12444969984297151	0.19959983654475358	0.5	0.25	1.0	1.0	1	0.1111111111111111
797a8d623afb	0.3283973124415973	0.3149681328686091	0.35556783787757956	0.32772500206324146	0.3058912157618215	0.125	0.038461538461538464	1.0	1.0	1	0.16666666666666666
e821c80466f3	0.0	0.21984644927517105	0.5333756739799337	0.46416201296929144	0.5465185480307825	0.14285714285714285	0.030303030303030304	1.0	0.7727449069190901	1	1.0
736230f314d6	0.2920284441669651	0.39862470650273474	0.4998782146447466	0.4413457486232843	0.5023032936356063	0.5	0.023255813953488372	1.0	1.0	1	0.125
96c97f4383ba	0.3752849385296103	0.45476387023436265	0.5694991793680992	0.5463167192265621	0.5051423309554007	0.1111111111111111	0.027777777777777776	1.0	1.0	1	0.5
483649c03df2	0.6222267050758578	0.5824327308531699	0.6432218576440809	0.5810321214750622	0.6509263282129166	0.5	0.04	1.0	0.7727449069190901	1	0.041666666666666664
896cfeff65a7	0.06608439733031304	0.3956599494367154	0.39394009570896044	0.32044224164478247	0.40977459903923913	0.125	0.05555555555555555	1.0	1.0	1	0.14285714285714285
e19b74a608dc	0.22594404683665206	0.3615248661001558	0.4610479383511417	0.4083345499955632	0.4563783516371276	0.125	0.03333333333333333	1.0	1.0	1	0.5
f9be6c21ce86	0.0	0.11816600049205804	0.25166165298624243	0.22673840454420918	0.19959983654475358	0.25	0.1111111111111111	1.0	0.7727449069190901	1	1.0
4d9dae33789c	0.3171525659982445	0.3448615593629846	0.30971029428801583	0.24889939968594305	0.3148336892102114	0.5	0.037037037037037035	1.0	0.7727449069190901	1	0.05
fa5f8d5873d8	0.20418054257991852	0.3653747416205808	0.3675551411234703	0.3022871383432432	0.37636981795152175	0.2	0.07142857142857142	1.0	0.7727449069190901	1	0.3333333333333333
102d908c58a7	0.3487969244049448	0.32572112959789795	0.3712197896963522	0.3097104962570064	0.37636981795152175	0.125	0.034482758620689655	1.0	1.0	1	0.2
c22a35f7b7a4	0.11297202341832605	0.20755512910583993	0.40445167108458346	0.34272169488472753	0.40977459903923913	0.1111111111111111	0.03225806451612903	1.0	0.7727449069190901	1	0.1111111111111111
da689672f3e6	0.0	0.20755512910583993	0.30971029428801583	0.28896325446569493	0.23973671924881043	0.07692307692307693	0.05263157894736842	1.0	0.7727449069190901	0	1.0
d5ee5a48f197	0.06608439733031304	0.08938912861378186	0.31916865779722586	0.3178771676432612	0.06296673784204228	0.25	0.1	1.0	1.0	1	0.25
f79a11deb86f	0.6589533872767394	0.5363347716826911	0.5745602239349135	0.5564466230154437	0.4903788187965703	0.5	0.021739130434782608	1.0	1.0	1	0.02040816326530612
