revisions	files	functions	lines	addLines	deleteLines	pos	time	rf	ibf	isComponent	distance
9daf949d30d1	0.2891494219928162	0.3956599494367154	0.4567207670379138	0.38758730820425163	0.5091528322453591	0.5	0.03571428571428571	1.0	1.0	1	0.07142857142857142
92eb61725564	0.0	0.052289288211202906	0.14448153301321734	0.06222484992148576	0.19183092362176826	0.2	1.0	1.0	0.7681793814935769	0	0.5
a805b6aeb667	0.2984110469409874	0.42972526741990447	0.5200470800640727	0.4940391250504796	0.503947902969574	1.0	0.08333333333333333	1.0	1.0	1	0.25
6cea063fb6a3	0.19894069796065825	0.32572112959789795	0.3899495976898972	0.3712200317770567	0.3352954582517288	0.5	0.0625	1.0	1.0	1	0.043478260869565216
5300d23b7bea	0.3624556468310243	0.4098458026663303	0.559583873403969	0.5058434156986835	0.6044260784511536	1.0	0.05555555555555555	1.0	1.0	1	1.0
abafffb7abb6	0.0	0.14167841682498472	0.25434159599462464	0.25166181710041935	0.06833155370364392	0.2	0.02040816326530612	1.0	0.7681793814935769	0	0.125
05bbc6538b65	0.17977822482838549	0.2759856130067989	0.32415724245907257	0.31251608341619624	0.22699250801543938	0.16666666666666666	0.02127659574468085	1.0	1.0	0	0.5
60d57bf5df89	0.05818642408713946	0.2598444173170428	0.3386861212955405	0.33764850999558577	0.06833155370364392	0.25	0.020833333333333332	1.0	0.7681793814935769	0	0.16666666666666666
fd6fa9a3ede7	0.0	0.0	0.08225672366991757	0.06222484992148576	0.06833155370364392	1.0	0.03333333333333333	1.0	1.0	1	0.3333333333333333
3b2a735848bb	0.0	0.17877825722756366	0.26432647962818445	0.21108644251844974	0.2849374541762228	0.5	0.07142857142857142	1.0	1.0	1	0.03571428571428571
ead0217f1e03	0.0	0.0	0.09862398942365351	0.0822567773113617	0.06833155370364392	0.25	0.2	1.0	0.7681793814935769	0	0.06666666666666667
cd1c20933a2c	0.0	0.08938912861378186	0.1866744280298992	0.11246238877989302	0.22699250801543938	0.16666666666666666	0.019230769230769232	1.0	1.0	0	0.037037037037037035
06445b80d189	0.0	0.052289288211202906	0.09862398942365351	0.0986240537385567	0.0	0.5	0.030303030303030304	1.0	1.0	1	0.1
0085a5c5f382	0.1314926489253476	0.26816738584134553	0.3621595262801692	0.36136178846583605	0.06833155370364392	0.16666666666666666	0.021739130434782608	1.0	1.0	0	0.03333333333333333
14773fd1a5bb	0.24464052139910775	0.32572112959789795	0.38877609831478394	0.36903924075360267	0.33852793124159536	0.5	0.07692307692307693	1.0	1.0	1	1.0
d0ea49889625	0.8533875503235837	0.9136987658197159	0.9549963543045487	0.9549969770789714	0.0	0.5	0.023255813953488372	1.0	1.0	1	0.02857142857142857
1a2675ebc8be	0.0	0.11816600049205804	0.1350231695040073	0.0822567773113617	0.15866095431179542	0.16666666666666666	0.02857142857142857	1.0	1.0	0	0.030303030303030304
efe0d828766c	0.0	0.14167841682498472	0.37193510363131554	0.3111242496074288	0.4084368240943472	0.16666666666666666	0.01818181818181818	1.0	0.7681793814935769	0	1.0
cdaabc6064f9	0.3978813959213166	0.5478912679119624	0.5457014877914969	0.46492386887762993	0.6163226482396753	0.5	0.02631578947368421	1.0	1.0	1	0.058823529411764705
2f9556adf482	0.0	0.20755512910583993	0.29913674347060804	0.29587216121567017	0.10830295023628947	0.2	0.022727272727272728	1.0	0.7681793814935769	0	0.16666666666666666
59539dbe627a	0.1314926489253476	0.3403361388061225	0.42712267414803223	0.4251755556614198	0.17663450393993338	0.16666666666666666	0.027777777777777776	1.0	1.0	0	0.03225806451612903
a8429e8af33b	0.5414114890122858	0.9769899482921102	0.9488328282098614	0.93269212211692	0.9324059630786824	0.5	0.037037037037037035	1.0	1.0	1	0.06666666666666667
8e0f33f0ae33	0.0	0.11816600049205804	0.1350231695040073	0.1350232575556277	0.0	0.25	0.018518518518518517	1.0	0.7681793814935769	0	0.25
2160fbaa2114	0.0	0.3863333863334036	0.4700828509626587	0.4251755556614198	0.49329700145161587	0.2	0.3333333333333333	1.0	0.7681793814935769	0	1.0
180776201731	0.25712712204779775	0.4741003394381032	0.5813088150871166	0.5764055357755102	0.41882343163720764	0.16666666666666666	0.023809523809523808	1.0	1.0	0	0.014285714285714285
870bdb7ff9c8	0.09947034898032915	0.2413899532786789	0.35384141113454926	0.346583429312739	0.21660590047257894	0.1111111111111111	0.016666666666666666	1.0	0.0765560236769618	0	1.0
334514863909	0.21584319715460806	0.25094701019234067	0.4348695721948365	0.41948677147946223	0.36608985252362575	0.2	0.01694915254237288	1.0	0.7681793814935769	0	1.0
efad8bd05876	0.0	0.11816600049205804	0.2460491115198026	0.1444816272328475	0.3047198911366423	0.16666666666666666	0.029411764705882353	1.0	1.0	0	0.03125
07de5a904de1	0.1314926489253476	0.16155788157855885	0.32169759753390653	0.3097104962570064	0.22699250801543938	0.16666666666666666	0.017857142857142856	1.0	0.7681793814935769	0	1.0
acef0e51c611	0.0	0.052289288211202906	0.24889923737319897	0.2067064771543332	0.252856795327255	0.16666666666666666	0.016129032258064516	1.0	1.0	0	0.043478260869565216
dfd884378fc8	0.0	0.052289288211202906	0.16084879876695327	0.11246238877989302	0.17663450393993338	0.5	0.047619047619047616	1.0	1.0	1	0.037037037037037035
a6b6e3cf36a4	0.7753132663236596	1.0	1.0	1.0	0.06833155370364392	0.1111111111111111	0.01639344262295082	1.0	0.0	0	1.0
75e1557189bb	0.0	0.11816600049205804	0.16084879876695327	0.15303776336186264	0.06833155370364392	0.125	0.02	0.0	1.0	0	0.06666666666666667
e04b56dad3ce	0.0	0.052289288211202906	0.16803434660440356	0.15303776336186264	0.10830295023628947	0.25	0.015873015873015872	1.0	0.636003530825719	0	1.0
2bc794b05dce	0.05818642408713946	0.21984644927517105	0.3950483989694681	0.39053089920676354	0.21660590047257894	0.1	0.125	1.0	0.0765560236769618	0	0.5
7a6fa0f8e860	0.35048993742280227	0.4789069051958307	0.49030556541181364	0.422781507587797	0.5443144166390301	0.16666666666666666	0.018867924528301886	1.0	1.0	0	0.3333333333333333
93690409b747	0.1576567730674686	0.2413899532786789	0.3022869412151867	0.2941941407259178	0.17663450393993338	0.5	0.09090909090909091	1.0	1.0	1	0.5
2b464bbf9f9e	0.05818642408713946	0.052289288211202906	0.30827392086310235	0.2666585099219055	0.3132976113472212	0.5	0.16666666666666666	1.0	1.0	1	0.1
824194a010bc	0.09947034898032915	0.3032362984035436	0.37193510363131554	0.33971231312631994	0.36115974556354447	0.5	0.05	1.0	1.0	1	0.034482758620689655
a8450048278f	0.0	0.0	0.03639918008035379	0.036399203817070964	0.0	0.5	0.05263157894736842	1.0	1.0	1	0.045454545454545456
a50cdaf71385	0.0	0.17877825722756366	0.2834084229327595	0.2431056809714042	0.2849374541762228	0.2	0.017241379310344827	1.0	0.7681793814935769	0	1.0
e79e3029b1e8	0.09947034898032915	0.3149681328686091	0.47675268136453164	0.47630857807875054	0.10830295023628947	0.2	0.041666666666666664	1.0	0.7681793814935769	0	0.07692307692307693
bc857e7522a0	0.21584319715460806	0.3403361388061225	0.40833428371166935	0.4059276636691618	0.17663450393993338	0.16666666666666666	0.024390243902439025	1.0	1.0	0	0.021739130434782608
95da06f756f9	0.05818642408713946	0.11816600049205804	0.2975191965758062	0.29248415602632033	0.13666310740728785	0.1111111111111111	0.25	1.0	0.15052611699151966	0	0.3333333333333333
57637df59335	0.1314926489253476	0.17877825722756366	0.21526247290588865	0.18667454976445727	0.19183092362176826	0.2	0.5	1.0	0.7681793814935769	0	0.045454545454545456
c8196ea006dc	0.0	0.14167841682498472	0.1746871247840085	0.11246238877989302	0.20499466111093176	0.125	0.025	1.0	1.0	0	0.1
5938d826b292	0.09947034898032915	0.2598444173170428	0.4352223090881957	0.427507413581948	0.3047198911366423	1.0	0.03225806451612903	1.0	1.0	1	0.3333333333333333
a6b285db0902	0.1314926489253476	0.21984644927517105	0.2619324331157728	0.16803445618334878	0.31732190862359083	0.5	0.04	1.0	1.0	1	0.16666666666666666
6473db3bcb13	0.05818642408713946	0.16155788157855885	0.2302591559477033	0.1921169119349664	0.22699250801543938	0.5	0.038461538461538464	1.0	1.0	1	0.25
28cd9c7a5fae	0.3978813959213166	0.4937463900961728	0.5337288734802474	0.4891549529453202	0.5622879662671681	0.5	0.058823529411764705	1.0	1.0	1	0.047619047619047616
1f74053488c5	0.09947034898032915	0.3403361388061225	0.3916815759881601	0.3417297347099609	0.41596579405583445	0.25	0.043478260869565216	1.0	0.636003530825719	0	0.3333333333333333
313ca82fe335	1.0	0.9707590513569039	0.9376609971434594	0.89618588676309	1.0	0.25	0.02564102564102564	1.0	0.10964061944276715	1	1.0
05402600636e	0.0	0.21984644927517105	0.30072565970853826	0.2643266520013773	0.29532406171908326	0.5	0.06666666666666667	1.0	1.0	1	0.05263157894736842
973950846d6a	0.24464052139910775	0.2903294102274493	0.33764828980760514	0.29913693854435036	0.33852793124159536	0.5	0.03125	1.0	1.0	1	0.05555555555555555
315136e13a9f	0.0	0.0	0.14448153301321734	0.1350232575556277	0.06833155370364392	0.125	0.017543859649122806	1.0	1.0	0	0.125
0c30b6632f78	0.0	0.2310675454387666	0.2941939488754821	0.21526261328334842	0.3416577685182196	0.25	0.1	1.0	0.7681793814935769	0	0.3333333333333333
fc2f87a798bb	0.09947034898032915	0.14167841682498472	0.26665833602805705	0.23691208862286453	0.24496605764357732	0.125	0.02702702702702703	1.0	1.0	0	0.5
bfa8f8e40960	0.09947034898032915	0.14167841682498472	0.16803434660440356	0.1350232575556277	0.15866095431179542	0.5	0.034482758620689655	1.0	1.0	1	0.09090909090909091
324ace413314	0.0	0.29694425771962174	0.346583203298102	0.2975193905947101	0.36608985252362575	0.2	0.022222222222222223	1.0	0.7681793814935769	0	0.3333333333333333
e1df49afab12	0.1314926489253476	0.2413899532786789	0.32169759753390653	0.2754236600741	0.3352954582517288	0.5	0.045454545454545456	1.0	1.0	1	0.5
8c31110375c5	0.8044627511846155	0.829080634531919	0.8781007659745617	0.8689093554294399	0.8029726688781246	0.3333333333333333	0.015625	1.0	0.5445066168433815	0	1.0
7a1b3683b834	0.6055220532239574	0.722456260133335	0.5635475551142567	0.5469274119381303	0.5124761220022791	0.5	0.14285714285714285	1.0	1.0	1	0.041666666666666664
a436501eca32	0.09947034898032915	0.14167841682498472	0.16803434660440356	0.11246238877989302	0.19183092362176826	0.16666666666666666	0.0196078431372549	1.0	1.0	0	0.024390243902439025
0b6520765cf5	0.17977822482838549	0.28335683364996944	0.32655128897148417	0.3152366395650962	0.22699250801543938	0.5	0.1111111111111111	1.0	1.0	1	0.3333333333333333
