revisions	files	functions	lines	addLines	deleteLines	pos	time	rf	ibf	isComponent	distance
878f861ca7bb	0.0	0.08938912861378186	0.1808807130935711	0.15303776336186264	0.15866095431179542	0.16666666666666666	0.2	1.0	1.0	0	1.0
aa3ed9307e49	0.09947034898032915	0.2598444173170428	0.366046342181228	0.3597442405161959	0.21660590047257894	0.06666666666666667	0.3333333333333333	1.0	1.0	0	1.0
a6b6e3cf36a4	0.7753132663236596	1.0	1.0	1.0	0.06833155370364392	0.125	0.1111111111111111	1.0	0.0	0	1.0
8559551465d2	0.8603445303979149	0.9192997660272638	0.9469898526770555	0.9469904702302598	0.0	0.017857142857142856	0.5	1.0	0.22367276465019534	1	1.0
ed6ebb1f0b3b	0.05818642408713946	0.25094701019234067	0.43833608101614163	0.4211492538501967	0.3795536864200723	0.018867924528301886	0.1	1.0	1.0	0	1.0
313ca82fe335	1.0	0.9707590513569039	0.9376609971434594	0.89618588676309	1.0	0.029411764705882353	0.16666666666666666	1.0	0.10964061944276715	0	1.0
7012373d248c	0.1314926489253476	0.38951777658204884	0.4696040689005133	0.4676632944921593	0.21660590047257894	0.1	0.14285714285714285	1.0	0.302056022048461	0	1.0
906c114f6a37	0.17977822482838549	0.25094701019234067	0.36903900009503976	0.36373474113755194	0.20499466111093176	0.01818181818181818	0.125	1.0	1.0	0	1.0
4780c4ff2851	0.1314926489253476	0.32572112959789795	0.4129627016963775	0.399349909557005	0.33195338925984125	0.07142857142857142	0.25	1.0	1.0	0	1.0
afa073274618	0.6745442172654429	0.8441891019595081	0.8869796960717886	0.8733079103306942	0.8494456984941277	0.023809523809523808	0.09090909090909091	1.0	0.636003530825719	0	1.0
dabaacb8e0c2	0.09947034898032915	0.19396770503618765	0.4064139661289901	0.4059276636691618	0.06833155370364392	0.09090909090909091	1.0	1.0	0.5445066168433815	0	1.0
