revisions	files	functions	lines	addLines	deleteLines	pos	time	rf	ibf	isComponent	distance
9f45d976f58f	0.09947034898032915	0.26816738584134553	0.4602523222967804	0.45447666091475725	0.3047198911366423	0.14285714285714285	0.047619047619047616	0.0	1.0	0	1.0
a6b6e3cf36a4	0.7753132663236596	1.0	1.0	1.0	0.06833155370364392	0.6666666666666666	0.03571428571428571	1.0	0.0	0	1.0
2bc794b05dce	0.05818642408713946	0.21984644927517105	0.3950483989694681	0.39053089920676354	0.21660590047257894	0.04878048780487805	0.16666666666666666	1.0	0.0765560236769618	0	0.5
3ae59f888cd5	0.0	0.08938912861378186	0.29248396529100307	0.2431056809714042	0.30910201673207033	0.0625	0.03125	0.0	0.7681793814935769	0	1.0
a5f5d5f8fd97	0.24464052139910775	0.46566849690770495	0.6031753778021582	0.5666952157310663	0.6227561622605542	0.125	0.0625	0.0	1.0	0	0.1111111111111111
93c0daf86b89	0.17977822482838549	0.2310675454387666	0.3857734296483708	0.3719353461784922	0.3047198911366423	1.0	0.041666666666666664	1.0	1.0	1	0.013513513513513514
bb5436a892c1	0.9177544406530644	0.9837831883028865	0.9665357627436776	0.9615394195298104	0.8422648823691108	0.1111111111111111	0.05555555555555555	0.0	0.4752158316245228	0	1.0
9bfca09c3c53	0.5142542440955955	0.6113504670300618	0.5451858549904106	0.47290343602146634	0.6088268377473582	0.25	0.05263157894736842	0.0	1.0	0	0.2
2683baca2630	0.09947034898032915	0.17877825722756366	0.32169759753390653	0.3152366395650962	0.17663450393993338	1.0	0.09090909090909091	1.0	1.0	1	0.02857142857142857
3e1e0257399e	0.0	0.0	0.06222480934329974	0.036399203817070964	0.06833155370364392	0.5	0.5	0.0	1.0	0	1.0
516d55e8b29f	0.05818642408713946	0.11816600049205804	0.23691193412730824	0.22673840454420918	0.13666310740728785	0.041666666666666664	0.05	0.0	1.0	0	1.0
84a1d576b4ec	0.09947034898032915	0.3448615593629846	0.458095547716768	0.44200101782755763	0.39504929174479375	0.05	0.037037037037037035	0.0	0.7681793814935769	0	1.0
c22944c3f643	0.1576567730674686	0.25094701019234067	0.2619324331157728	0.18667454976445727	0.3047198911366423	0.047619047619047616	0.030303030303030304	0.0	1.0	0	1.0
7893ff771dee	0.1314926489253476	0.2310675454387666	0.3288831453713568	0.31251608341619624	0.2601624773254122	0.16666666666666666	0.1	0.0	1.0	0	0.037037037037037035
0d16742315f5	0.1314926489253476	0.32572112959789795	0.42114897920955413	0.41948677147946223	0.15866095431179542	0.038461538461538464	0.03225806451612903	0.0	1.0	0	1.0
17e9dcddf9d2	0.05818642408713946	0.08938912861378186	0.11246231544070878	0.0986240537385567	0.06833155370364392	0.3333333333333333	1.0	0.0	1.0	0	0.07692307692307693
bfaef9e6fa46	0.24464052139910775	0.3032362984035436	0.4215598331251373	0.41114013715475295	0.31732190862359083	0.5	0.3333333333333333	1.0	1.0	0	1.0
32c29f21acfb	0.0	0.0	0.06222480934329974	0.036399203817070964	0.06833155370364392	0.07692307692307693	0.029411764705882353	0.0	1.0	0	1.0
5508d4ab4f82	0.6796699542531731	0.5247467869286484	0.6293256780297021	0.569499550751216	0.688473144593185	1.0	0.06666666666666667	1.0	1.0	1	0.01282051282051282
9189b6bb62b3	0.09947034898032915	0.3092355778889529	0.34172951186052436	0.32415745384924033	0.27930268664854657	0.3333333333333333	0.07142857142857142	0.0	1.0	0	0.3333333333333333
313ca82fe335	1.0	0.9707590513569039	0.9376609971434594	0.89618588676309	1.0	0.038461538461538464	0.08333333333333333	0.0	0.10964061944276715	1	1.0
719b3121a19c	0.0	0.052289288211202906	0.25434159599462464	0.24889939968594305	0.10830295023628947	0.07692307692307693	0.25	0.0	1.0	0	0.125
fe004192588a	0.0	0.0	0.06222480934329974	0.0	0.10830295023628947	0.125	0.07692307692307693	0.0	1.0	0	0.04
59311d25b7aa	0.24464052139910775	0.3403361388061225	0.4489096318335495	0.3446733257124728	0.5247508068354212	0.5	0.14285714285714285	1.0	1.0	0	0.16666666666666666
7216190d5436	0.4499602864031314	0.49923493128011215	0.4823383511930069	0.4211492538501967	0.5289864671262564	1.0	0.043478260869565216	1.0	1.0	1	1.0
03100a8bb339	0.0	0.0	0.03639918008035379	0.0	0.06833155370364392	0.1111111111111111	0.058823529411764705	0.0	0.636003530825719	0	0.5
646e73936c90	0.0	0.052289288211202906	0.06222480934329974	0.06222484992148576	0.0	1.0	0.2	1.0	1.0	1	0.012658227848101266
870bdb7ff9c8	0.09947034898032915	0.2413899532786789	0.35384141113454926	0.346583429312739	0.21660590047257894	0.05128205128205128	0.045454545454545456	1.0	0.0765560236769618	0	1.0
b9251d57bd73	0.05818642408713946	0.2310675454387666	0.3333726520341736	0.32415745384924033	0.21660590047257894	1.0	0.125	1.0	1.0	1	0.04
da2116aed37b	0.0	0.0	0.11246231544070878	0.0986240537385567	0.06833155370364392	1.0	0.04	1.0	1.0	1	0.25
e4265464f96c	0.0	0.14167841682498472	0.223073608110253	0.21526261328334842	0.10830295023628947	0.043478260869565216	0.034482758620689655	0.0	1.0	0	1.0
493703d05279	0.5979388728970172	0.8309406848429126	0.8581113098000227	0.8580960291375812	0.17663450393993338	0.08333333333333333	0.02857142857142857	0.0	0.5445066168433815	0	1.0
ae2e68254ecd	0.23096299790567676	0.5191143960336863	0.6371941848721019	0.637157481738793	0.06833155370364392	1.0	0.038461538461538464	1.0	1.0	1	0.5
e0a6f6c8e82e	0.0	0.16155788157855885	0.1808807130935711	0.16803445618334878	0.10830295023628947	0.045454545454545456	0.03333333333333333	0.0	1.0	0	0.5
2ddbcd35497d	0.0	0.17877825722756366	0.2619324331157728	0.22307375358152826	0.2601624773254122	0.1	0.1111111111111111	0.0	0.636003530825719	0	1.0
