revisions	files	functions	lines	addLines	deleteLines	pos	time	rf	ibf	isComponent	distance
a6b6e3cf36a4	0.7753132663236596	1.0	1.0	1.0	0.06833155370364392	1.0	0.125	1.0	0.0	0	1.0
da95a1b91da7	0.6658034835577394	0.9333001968632375	0.9488005359155721	0.9488011546495635	0.0	0.1111111111111111	0.25	1.0	0.7681793814935769	0	1.0
e109df9be1af	0.6137245930759246	0.6032150785425553	0.7183681874565422	0.657943609364512	0.7868856619347497	0.1	0.5	1.0	0.7681793814935769	0	1.0
313ca82fe335	1.0	0.9707590513569039	0.9376609971434594	0.89618588676309	1.0	0.043478260869565216	0.3333333333333333	1.0	0.10964061944276715	1	1.0
46679b74d88b	0.1576567730674686	0.3032362984035436	0.37264476285153675	0.33764850999558577	0.3684654275617017	0.058823529411764705	1.0	1.0	1.0	0	1.0
6cd3cdf49d80	0.19894069796065825	0.42016821050624265	0.4476923735378234	0.4251755556614198	0.41302284137293166	0.2	0.2	1.0	1.0	0	1.0
ebd3b0ceb37a	0.7756361132071594	0.7961791889997339	0.8423923572835764	0.8376743442782604	0.7004997208832561	0.08333333333333333	0.14285714285714285	1.0	0.7681793814935769	1	1.0
a1200d20a6c2	0.1314926489253476	0.2598444173170428	0.42478067809446846	0.4223762180398009	0.19183092362176826	0.14285714285714285	0.1111111111111111	1.0	1.0	0	1.0
a3c8c4da87d6	0.21584319715460806	0.21984644927517105	0.46078351570382264	0.42940540145476463	0.45496593550387293	0.16666666666666666	0.16666666666666666	1.0	1.0	0	1.0
