revisions	files	functions	lines	addLines	deleteLines	pos	time	rf	ibf	isComponent	distance
56bec749e36f	0.2778469664164643	0.41250489177089955	0.4641617102790876	0.3961434443332668	0.47727736891256717	1.0	0.009708737864077669	1.0	0.7326214192552911	0	0.5
ade58c61d69a	0.0	0.0	0.23364715892766083	0.18088083104991842	0.2337832233056255	0.25	0.010638297872340425	0.5	1.0	0	0.14285714285714285
7ee2469bbf78	0.11297202341832605	0.21984644927517105	0.2460491115198026	0.23025930610483455	0.1633105553861965	0.030303030303030304	0.019230769230769232	0.5	0.6647010817031233	0	1.0
ac8b09b99c40	0.0	0.11816600049205804	0.1808807130935711	0.16803445618334878	0.1001334085840143	0.0625	0.02127659574468085	1.0	0.5714147953641597	0	1.0
3f658c78cf90	0.11297202341832605	0.052289288211202906	0.06222480934329974	0.036399203817070964	0.0631771468021822	1.0	0.013513513513513514	1.0	0.830124569620279	0	0.015151515151515152
8704804c47ad	0.0	0.2310675454387666	0.3152364339923866	0.2569440160127405	0.31869042780677365	0.25	0.010101010101010102	0.5	0.830124569620279	0	0.05555555555555555
0a5c9092b3c6	0.0	0.052289288211202906	0.346583203298102	0.285298603503014	0.3528419957927431	0.030303030303030304	0.011235955056179775	0.5	0.7326214192552911	0	0.125
10cdff00be15	0.06608439733031304	0.20755512910583993	0.2834084229327595	0.23691208862286453	0.2730470857191745	0.027777777777777776	0.010526315789473684	0.5	1.0	0	0.1
c43371ba2559	0.06608439733031304	0.14167841682498472	0.25947278819060676	0.25947295739859916	0.0	0.09090909090909091	0.010416666666666666	1.0	0.830124569620279	0	0.05263157894736842
1a20802429be	0.0	0.0	0.08225672366991757	0.06222484992148576	0.0631771468021822	0.027777777777777776	0.01282051282051282	0.5	1.0	0	0.08333333333333333
52cb3b8b05b0	0.11297202341832605	0.16155788157855885	0.223073608110253	0.21925311390470442	0.0631771468021822	0.06666666666666667	0.013888888888888888	0.5	1.0	0	0.058823529411764705
90e7fafc040b	0.2623129151112843	0.3575565144551274	0.4305249458117773	0.4138606933036529	0.34067122942285855	0.030303030303030304	0.018867924528301886	0.5	0.7326214192552911	0	0.06666666666666667
343e4ba773e2	0.24514081807895213	0.3448615593629846	0.48857358711355064	0.4776352743785735	0.3635773725542251	0.045454545454545456	0.058823529411764705	0.5	1.0	0	0.06666666666666667
d2c448835bbb	0.0	0.052289288211202906	0.20210167028488468	0.15303776336186264	0.2002668171680286	1.0	0.0136986301369863	1.0	0.7326214192552911	0	0.0625
170ec57a6e92	0.14934089169295822	0.11816600049205804	0.1746871247840085	0.17468723870137876	0.0	0.25	0.010752688172043012	0.5	1.0	0	0.25
9165a27f05ed	0.0	0.0	0.1530376635625889	0.0986240537385567	0.1633105553861965	0.25	0.02702702702702703	0.5	1.0	0	0.2
af5d23c92a0c	0.0	0.0	0.2689311516998168	0.22307375358152826	0.25823423997013745	0.0625	0.008771929824561403	0.5	0.830124569620279	0	0.5
db5973aae5f6	0.06608439733031304	0.052289288211202906	0.21526247290588865	0.18667454976445727	0.17736067403666203	0.05	0.014084507042253521	0.5	1.0	0	0.125
d2c563a102b1	0.4050004675852912	0.38951777658204884	0.4125104517531957	0.33971231312631994	0.4292518086234766	0.25	0.02564102564102564	1.0	0.830124569620279	1	1.0
4a9ffa2b3792	0.06608439733031304	0.052289288211202906	0.21526247290588865	0.2021018020798915	0.1263542936043644	0.25	0.041666666666666664	0.5	0.830124569620279	0	0.16666666666666666
a6b6e3cf36a4	0.8805509317854763	1.0	1.0	1.0	0.0631771468021822	0.15384615384615385	0.008928571428571428	1.0	0.19649904201920165	0	1.0
3d3a2c23e751	0.06608439733031304	0.11816600049205804	0.2569438484539261	0.25166181710041935	0.1001334085840143	0.058823529411764705	0.014925373134328358	0.5	1.0	0	0.14285714285714285
a435859b5764	0.06608439733031304	0.052289288211202906	0.1530376635625889	0.11246238877989302	0.14669279211481012	0.09090909090909091	0.009900990099009901	1.0	0.830124569620279	0	0.058823529411764705
5cda33da0063	0.06608439733031304	0.19396770503618765	0.3288831453713568	0.30681439083211687	0.2634439639702108	0.3333333333333333	0.0625	1.0	1.0	1	1.0
bb5436a892c1	0.0	0.0	0.0	0.0	0.0	0.0	0.0	0.0	0.0	0	0.0
fe715a1d4fb1	0.0	0.052289288211202906	0.1808807130935711	0.17468723870137876	0.0631771468021822	1.0	0.008849557522123894	1.0	0.7326214192552911	0	0.1111111111111111
aeab4ec26a3c	0.0	0.11816600049205804	0.3675551411234703	0.3668041506363452	0.0631771468021822	1.0	0.01694915254237288	0.5	1.0	0	0.5
9744ec677e72	0.17905642074863906	0.3092355778889529	0.3972247825032021	0.36604658088821196	0.35656273103180247	0.0625	0.027777777777777776	1.0	0.5714147953641597	0	0.3333333333333333
6c563c769572	0.17905642074863906	0.25094701019234067	0.31388646232954215	0.285298603503014	0.26837194012185417	0.03571428571428571	0.02	0.5	0.6647010817031233	0	0.3333333333333333
bfaf3c5c23dc	0.06608439733031304	0.08938912861378186	0.1350231695040073	0.0822567773113617	0.14669279211481012	0.045454545454545456	0.03333333333333333	0.5	1.0	0	1.0
1fa57a19bb5d	0.0	0.16155788157855885	0.4156293757040912	0.35384164188242545	0.4224340253987229	1.0	0.00909090909090909	1.0	0.830124569620279	0	0.01818181818181818
03bdc8339349	0.0	0.08938912861378186	0.2754234804643054	0.23025930610483455	0.2634439639702108	0.058823529411764705	0.014285714285714285	0.5	1.0	0	1.0
256d78f9803e	0.11297202341832605	0.14167841682498472	0.1921167866513249	0.12444969984297151	0.20986993891699235	0.03125	0.023255813953488372	0.5	1.0	0	0.2
bea2208fcc5b	0.22594404683665206	0.42016821050624265	0.5986733603144505	0.5693416413307255	0.5547812517441161	0.03125	0.017241379310344827	0.5	1.0	0	1.0
af29291173ee	0.11297202341832605	0.16155788157855885	0.26665833602805705	0.17468723870137876	0.29696037010780774	0.02857142857142857	0.016666666666666666	0.5	1.0	0	1.0
2e0dcf5f412d	0.43012458941657056	0.49923493128011215	0.6253075549171714	0.6098595253680459	0.5302026698294051	0.06666666666666667	0.05	0.5	1.0	0	0.1111111111111111
2a5acc1be1f1	0.0	0.0	0.1530376635625889	0.1350232575556277	0.1001334085840143	0.03125	0.125	0.5	1.0	0	0.03225806451612903
98b55d1489c3	0.06608439733031304	0.14167841682498472	0.2834084229327595	0.2431056809714042	0.2634439639702108	0.03125	0.03571428571428571	0.5	1.0	0	0.047619047619047616
7606620a81fa	0.14934089169295822	0.20755512910583993	0.3165664053379244	0.3082741218954018	0.17736067403666203	0.0625	0.05555555555555555	1.0	0.6129557746355119	0	1.0
d40314454366	0.0	0.17877825722756366	0.3165664053379244	0.3138866670219051	0.1001334085840143	0.05	0.011494252873563218	0.5	1.0	0	0.3333333333333333
799eef0aa2b2	0.0	0.08938912861378186	0.3733488560597984	0.3229360542951501	0.3668921144432087	0.06666666666666667	0.012195121951219513	0.5	1.0	0	0.5
82ace56021b8	0.0	0.11816600049205804	0.1866744280298992	0.18088083104991842	0.0631771468021822	0.027777777777777776	0.025	0.5	0.830124569620279	0	0.045454545454545456
89f547830056	0.0	0.19396770503618765	0.33971209159248816	0.3053305308928899	0.30691337849138584	0.0625	0.00980392156862745	0.5	0.830124569620279	0	0.3333333333333333
acd7b58e970f	0.06608439733031304	0.20755512910583993	0.34467310094345616	0.24889939968594305	0.37616913439032323	1.0	0.011764705882352941	1.0	0.7326214192552911	0	0.05
926254e8d817	0.30507413907761327	0.3356461218611724	0.3826668420206856	0.3572619215579765	0.326621110772393	0.06666666666666667	0.09090909090909091	0.5	1.0	0	0.07692307692307693
8559551465d2	0.9771239714375873	0.9192997660272638	0.9469898526770555	0.9469904702302598	0.0	0.5	0.024390243902439025	1.0	0.3420714430385838	1	1.0
4babc24f2de4	0.0	0.0	0.03639918008035379	0.0	0.0631771468021822	1.0	0.14285714285714285	1.0	0.830124569620279	0	0.011904761904761904
59b27c76d200	0.0	0.052289288211202906	0.1746871247840085	0.1444816272328475	0.14669279211481012	0.25	0.012048192771084338	0.5	1.0	0	0.5
7012373d248c	0.14934089169295822	0.38951777658204884	0.4696040689005133	0.4676632944921593	0.2002668171680286	0.14285714285714285	0.015151515151515152	1.0	0.4395745934035716	0	0.14285714285714285
bd6b2c35cf80	0.38323696332855756	0.5144243790887361	0.5819291191403806	0.5763324617117263	0.3994013793235389	0.05	0.011363636363636364	0.5	1.0	0	0.2
bf87780d7374	0.2623129151112843	0.3092355778889529	0.4312638094383395	0.38818379865398855	0.41410022211038494	0.030303030303030304	0.018518518518518517	0.5	0.7326214192552911	0	0.2
8f38b42e6be4	0.0	0.2310675454387666	0.4795889525340731	0.43486985578298376	0.4653832199215837	0.041666666666666664	1.0	0.5	1.0	0	1.0
175d6523ecaa	0.0	0.16155788157855885	0.4182191155947112	0.35641899064740357	0.4250508182313436	1.0	0.009174311926605505	1.0	0.7326214192552911	0	0.1
cab113b3a58c	0.11297202341832605	0.32572112959789795	0.3851606530447835	0.37542884078350797	0.2527085872087288	0.07142857142857142	0.04	1.0	1.0	0	1.0
bc2e814493f0	0.14934089169295822	0.29694425771962174	0.40039351465970996	0.38139371585571197	0.3214113867723197	0.03125	0.034482758620689655	0.5	1.0	0	1.0
34092047b50d	0.3283973124415973	0.29694425771962174	0.5870679426896092	0.49566973162002814	0.6184748042131942	0.03125	0.16666666666666666	0.5	1.0	0	0.16666666666666666
93451dde9a3e	0.0	0.14167841682498472	0.42712267414803223	0.3740477138126567	0.42418687473548644	0.02857142857142857	0.01020408163265306	0.5	1.0	0	1.0
f66af0ea18b8	0.3171525659982445	0.4098458026663303	0.5650521393367227	0.5313478754769301	0.5312813256893121	0.0625	0.023809523809523808	1.0	0.5714147953641597	0	0.5
5169c551d5b4	0.39081898983479035	0.26816738584134553	0.3288831453713568	0.268931327075819	0.3339166318896398	0.2	0.043478260869565216	1.0	1.0	1	0.3333333333333333
fc946e8c34d2	0.2623129151112843	0.2598444173170428	0.2975191965758062	0.2814779638261902	0.20986993891699235	0.25	0.015384615384615385	0.5	1.0	0	0.09090909090909091
5c42cd158da0	0.17905642074863906	0.3092355778889529	0.49068595337019405	0.49049628073118345	0.0631771468021822	0.03571428571428571	0.017543859649122806	0.5	0.830124569620279	0	1.0
3d3c7e2888d4	0.14934089169295822	0.3032362984035436	0.52976507645893	0.3253624582827659	0.5913222720041441	0.058823529411764705	0.014705882352941176	0.5	1.0	0	1.0
51dcaa96f4d9	0.0	0.0	0.1866744280298992	0.1350232575556277	0.1895314404065466	0.02631578947368421	0.012987012987012988	0.5	0.830124569620279	0	0.5
1cbaa32947ef	0.06608439733031304	0.08938912861378186	0.1530376635625889	0.11246238877989302	0.14669279211481012	0.0625	0.07142857142857142	1.0	0.5714147953641597	0	0.05263157894736842
573874e8ea54	0.06608439733031304	0.08938912861378186	0.37404746988795895	0.2067064771543332	0.4284269581397517	0.038461538461538464	0.25	0.5	1.0	0	0.3333333333333333
cd25567cede7	0.06608439733031304	0.2903294102274493	0.382032412356413	0.372645005861498	0.24682620069882444	0.0625	0.05263157894736842	1.0	0.5714147953641597	0	0.058823529411764705
9976bc0309cd	0.20418054257991852	0.20755512910583993	0.2711478426908739	0.2666585099219055	0.1001334085840143	0.25	0.011904761904761904	0.5	1.0	0	0.1
57f73b705615	0.8499520174888998	0.7503737054521155	0.749247348718922	0.7028953792291754	0.7411512646063043	0.045454545454545456	0.016129032258064516	0.5	1.0	0	0.14285714285714285
47c0ebae455e	0.2623129151112843	0.3092355778889529	0.522210351580861	0.5222106921258786	0.0	0.02857142857142857	0.5	0.5	1.0	0	1.0
c9f7c16a0b71	0.06608439733031304	0.16155788157855885	0.223073608110253	0.18088083104991842	0.20986993891699235	0.02631578947368421	0.0125	0.5	0.830124569620279	0	1.0
14230dc08955	0.0	0.08938912861378186	0.14448153301321734	0.0986240537385567	0.14669279211481012	0.03571428571428571	0.020833333333333332	0.5	0.7326214192552911	0	0.14285714285714285
887eadc04fe4	0.9554474307282854	0.8058800956244184	0.8268074133456284	0.7989297784651308	0.7822817859059864	0.058823529411764705	0.015625	0.5	1.0	0	0.3333333333333333
6c633e5a329c	0.0	0.0	0.1530376635625889	0.1444816272328475	0.0631771468021822	0.06666666666666667	0.08333333333333333	0.5	1.0	0	0.022222222222222223
eaf0e76adf73	0.11297202341832605	0.2759856130067989	0.2619324331157728	0.2431056809714042	0.1895314404065466	0.03571428571428571	0.02040816326530612	0.5	0.7326214192552911	0	0.5
99ce8e7c2bdf	0.0	0.0	0.14448153301321734	0.036399203817070964	0.1895314404065466	0.06666666666666667	0.2	0.5	1.0	0	0.1
219a0ffbcdf1	0.20418054257991852	0.39862470650273474	0.47894233684149795	0.47336498707623875	0.29696037010780774	0.0625	0.030303030303030304	1.0	0.5368943496508024	0	1.0
870bdb7ff9c8	0.11297202341832605	0.2413899532786789	0.35384141113454926	0.346583429312739	0.2002668171680286	0.047619047619047616	0.009345794392523364	1.0	0.24307555138436987	0	1.0
61666eaab532	0.20418054257991852	0.3575565144551274	0.4806564017800665	0.4605186122096691	0.4059930717975038	0.07142857142857142	0.1	1.0	1.0	0	0.3333333333333333
74712deb2300	0.0	0.052289288211202906	0.1808807130935711	0.12444969984297151	0.1895314404065466	0.027777777777777776	0.012345679012345678	0.5	1.0	0	0.09090909090909091
54f02ea642a2	0.0	0.08938912861378186	0.20210167028488468	0.1444816272328475	0.20986993891699235	0.03125	0.045454545454545456	0.5	1.0	0	0.08333333333333333
8aac0154970d	0.20418054257991852	0.3032362984035436	0.35892416986625436	0.3111242496074288	0.34896288456876257	0.030303030303030304	0.02631578947368421	0.5	0.6647010817031233	0	0.07692307692307693
75d78a90d621	0.6439902093325914	0.681328570390296	0.7051164009447538	0.6858004205406656	0.6295186257915053	0.058823529411764705	0.010869565217391304	0.5	0.5714147953641597	0	1.0
93ecb234ad40	0.5543413592782493	0.6572913873004699	0.7475267129334384	0.7462037101757296	0.43786421022257593	0.25	0.009009009009009009	0.5	0.830124569620279	0	1.0
794bb4ee379b	0.06608439733031304	0.28335683364996944	0.37611127167284186	0.33227136503274113	0.3601375169099899	0.25	0.03225806451612903	0.5	0.830124569620279	0	1.0
d3e6ac8495bc	0.06608439733031304	0.17877825722756366	0.2889630660264346	0.2795048847884751	0.1633105553861965	0.037037037037037035	0.047619047619047616	0.5	1.0	0	1.0
95ef737376d2	0.06608439733031304	0.16155788157855885	0.22673825668313485	0.2067064771543332	0.1633105553861965	0.030303030303030304	0.021739130434782608	0.5	0.6647010817031233	0	0.3333333333333333
bd5e6cc54dc0	0.20418054257991852	0.28335683364996944	0.43089513777496785	0.3955977193554013	0.3994013793235389	0.027777777777777776	0.038461538461538464	0.5	1.0	0	0.041666666666666664
456ee76ce03f	0.3581128414972781	0.4621350908775332	0.49162993077340733	0.47541309451982705	0.3994013793235389	0.045454545454545456	0.011627906976744186	0.5	1.0	0	0.5
4ff3d2d19f1a	0.20418054257991852	0.32572112959789795	0.4639063148753641	0.45944989146382814	0.2634439639702108	0.030303030303030304	0.022222222222222223	0.5	1.0	0	0.08333333333333333
f1de8ab5753a	0.0	0.0	0.11246231544070878	0.06222484992148576	0.1263542936043644	1.0	0.013333333333333334	1.0	0.830124569620279	0	0.009708737864077669
8870deb3cd89	0.7192163022763876	0.7432839736633603	0.733626838882853	0.6902862430604149	0.720577898491306	0.045454545454545456	0.009523809523809525	1.0	0.24307555138436987	0	0.25
f523a1101c52	0.14934089169295822	0.2759856130067989	0.4639063148753641	0.34272169488472753	0.5071801956594144	0.03571428571428571	0.01818181818181818	0.5	0.7326214192552911	0	1.0
7620cf8ef36f	0.3669249431097742	0.43862267454460646	0.4841936246057054	0.4120561806379748	0.5010413570247582	0.0625	0.009615384615384616	0.5	0.7326214192552911	0	1.0
881791558a69	0.0	0.052289288211202906	0.09862398942365351	0.0822567773113617	0.0631771468021822	0.045454545454545456	0.022727272727272728	0.5	1.0	0	0.07142857142857142
f15277be8b1c	0.41804616249593934	0.37274596226375134	0.5071164607072851	0.4413457486232843	0.5186498404460089	0.14285714285714285	0.009433962264150943	1.0	0.6647010817031233	0	0.0625
72b9554c41af	0.11297202341832605	0.052289288211202906	0.3300267458539839	0.036399203817070964	0.3959176932594214	0.030303030303030304	0.037037037037037035	0.5	0.7326214192552911	0	0.037037037037037035
99f711bfc283	0.3752849385296103	0.49923493128011215	0.5504089319680685	0.49584909528089904	0.5505411683398509	0.030303030303030304	0.014492753623188406	0.5	1.0	0	0.5
ed7b645ad1db	0.06608439733031304	0.052289288211202906	0.1530376635625889	0.12444969984297151	0.1263542936043644	0.02857142857142857	0.029411764705882353	0.5	1.0	0	0.16666666666666666
e58558ba5304	0.3752849385296103	0.32572112959789795	0.7245086734752929	0.379449131178624	0.7968159386761087	0.06666666666666667	0.07692307692307693	1.0	1.0	0	1.0
bc0db962e9cd	0.24514081807895213	0.29694425771962174	0.3774612433356863	0.33764850999558577	0.35472134807332406	0.058823529411764705	0.013157894736842105	0.5	1.0	0	0.2
c4004ea3687f	0.4116538068042425	0.3356461218611724	0.30681419075174	0.24604927197391604	0.31299198758814106	0.027777777777777776	0.010309278350515464	0.5	1.0	0	0.05263157894736842
bbac3d3dec30	0.14934089169295822	0.3492335459308247	0.43731011071919407	0.422781507587797	0.33622423252135675	0.045454545454545456	0.009259259259259259	1.0	0.24307555138436987	0	0.1111111111111111
313ca82fe335	0.0	0.0	0.0	0.0	0.0	0.0	0.0	0.0	0.0	0	0.0
0a40e7fe5fc0	0.0	0.0	0.12444961868659946	0.11246238877989302	0.0631771468021822	0.3333333333333333	0.3333333333333333	1.0	1.0	1	0.25
023f99961826	0.0	0.32572112959789795	0.4683958215381809	0.4034544636588299	0.47872033345190196	0.058823529411764705	0.06666666666666667	0.5	1.0	0	1.0
f4762ebf49c4	0.0	0.11816600049205804	0.2302591559477033	0.21108644251844974	0.1633105553861965	1.0	0.008620689655172414	1.0	0.830124569620279	0	1.0
58f2988b6311	0.0	0.17877825722756366	0.16803434660440356	0.12444969984297151	0.1633105553861965	0.02631578947368421	0.012658227848101266	0.5	0.830124569620279	0	0.2
8477cefc6e3d	0.06608439733031304	0.16155788157855885	0.20210167028488468	0.1444816272328475	0.20986993891699235	0.3333333333333333	0.03125	0.5	1.0	0	0.3333333333333333
c5e17edee519	0.0	0.0	0.09862398942365351	0.0822567773113617	0.0631771468021822	0.02857142857142857	0.01639344262295082	0.5	1.0	0	0.5
9ba19de9942b	0.06608439733031304	0.08938912861378186	0.2711478426908739	0.21925311390470442	0.26837194012185417	0.045454545454545456	0.011111111111111112	0.5	1.0	0	0.05
4eff597b3dc6	0.11297202341832605	0.08938912861378186	0.24889923737319897	0.2021018020798915	0.2405378208388442	0.02564102564102564	0.1111111111111111	0.5	0.830124569620279	0	0.3333333333333333
ca9f6a9aad09	0.3581128414972781	0.3797185388412312	0.5146902099015025	0.47518782092005174	0.49201746327576296	0.0625	0.0196078431372549	1.0	0.5714147953641597	0	1.0
8c31110375c5	0.913657041496575	0.829080634531919	0.8781007659745617	0.8689093554294399	0.7424025860712729	1.0	0.008547008547008548	1.0	0.45955041386835127	0	1.0
ebdc4529e0aa	0.0	0.0	0.20670634235651703	0.2067064771543332	0.0	1.0	0.008695652173913044	1.0	0.830124569620279	0	0.125
f2258c95c059	0.0	0.0	0.03639918008035379	0.0	0.0631771468021822	0.045454545454545456	0.01098901098901099	1.0	0.24307555138436987	0	0.047619047619047616
7b680a4f4542	0.2920284441669651	0.4757225149471854	0.5313475289733554	0.4983232691152729	0.49565567668357274	0.03125	0.017857142857142856	0.5	1.0	0	1.0
63746fdf09ab	0.2920284441669651	0.2759856130067989	0.5182502094353023	0.3774614894865819	0.5682375874711441	1.0	0.02857142857142857	0.5	1.0	0	0.03333333333333333
