revisions	files	functions	lines	addLines	deleteLines	pos	time	rf	ibf	isComponent	distance
56bec749e36f	0.2778469664164643	0.41250489177089955	0.4641617102790876	0.3961434443332668	0.47727736891256717	0.08695652173913043	0.0136986301369863	1.0	0.7326214192552911	0	1.0
f9500015840d	0.5037910132531164	0.6600228926460963	0.6162671596095013	0.5574445982314135	0.6222078973068437	0.3333333333333333	0.013333333333333334	0.16666666666666666	0.830124569620279	0	0.05263157894736842
529866eee277	0.11297202341832605	0.38951777658204884	0.4870054874377682	0.4489099245775328	0.461432028538537	0.2222222222222222	0.14285714285714285	0.6666666666666666	1.0	1	1.0
3385a3589df2	0.11297202341832605	0.16155788157855885	0.29913674347060804	0.29587216121567017	0.1001334085840143	0.057692307692307696	0.013157894736842105	0.8333333333333334	1.0	1	0.5
acb14eef2d73	0.11297202341832605	0.32045667405254846	0.3893647654986319	0.3407266909519464	0.38047601542043563	0.2	0.02857142857142857	0.16666666666666666	0.5074949309557394	0	1.0
fae49fe4100a	0.0	0.052289288211202906	0.1866744280298992	0.16084890366004248	0.14669279211481012	0.1	0.018518518518518517	0.16666666666666666	0.830124569620279	0	0.3333333333333333
b115c5595f98	0.3487969244049448	0.4909119627558094	0.5966559400464142	0.5853658248013593	0.474820472004408	0.06666666666666667	0.010638297872340425	0.16666666666666666	1.0	0	0.04
c43371ba2559	0.06608439733031304	0.14167841682498472	0.25947278819060676	0.25947295739859916	0.0	0.06976744186046512	0.017857142857142856	0.8333333333333334	0.830124569620279	0	0.05263157894736842
accf68f0c4e4	0.4922814671122878	0.4923369634710196	0.4776349629021611	0.410214649757849	0.49035266162480307	0.06666666666666667	0.047619047619047616	0.16666666666666666	0.830124569620279	0	0.041666666666666664
34a04c926da7	0.24514081807895213	0.21984644927517105	0.3386861212955405	0.3191688659342263	0.2634439639702108	0.0625	0.010101010101010102	0.16666666666666666	1.0	0	1.0
9c2e192820ff	0.0	0.0	0.12444961868659946	0.06222484992148576	0.14669279211481012	0.07692307692307693	0.016129032258064516	0.8333333333333334	1.0	1	0.1
90735d827f67	0.0	0.14167841682498472	0.23691193412730824	0.18088083104991842	0.2405378208388442	0.08333333333333333	0.011904761904761904	0.16666666666666666	1.0	0	0.3333333333333333
405bc54f9208	0.3980639238155956	0.4673995464228827	0.49867089583864815	0.4745085883046332	0.43860825808009646	0.1	0.045454545454545456	0.16666666666666666	0.7326214192552911	0	0.05555555555555555
18a66457dba1	0.20418054257991852	0.3032362984035436	0.4846007519423279	0.4550430443859603	0.4400783763444305	0.06666666666666667	0.02	0.16666666666666666	1.0	0	0.043478260869565216
65b832eb0031	0.24514081807895213	0.28335683364996944	0.40445167108458346	0.3386863421603142	0.41506473223666435	0.08333333333333333	0.125	0.16666666666666666	1.0	0	1.0
c041454cde76	0.5074537331902363	0.42016821050624265	0.4362722792312587	0.3300269610717857	0.47331390288720315	0.08333333333333333	0.017543859649122806	0.16666666666666666	1.0	0	0.0625
d2c448835bbb	0.0	0.052289288211202906	0.20210167028488468	0.15303776336186264	0.2002668171680286	0.2	0.022727272727272728	0.16666666666666666	0.7326214192552911	0	0.16666666666666666
d4d5dd1f437c	0.6149003400776479	0.44075431402818516	0.4949483488930016	0.44981215812573744	0.48153948673163544	0.057692307692307696	0.015151515151515152	0.8333333333333334	1.0	1	0.017857142857142856
15bd9b703582	0.0	0.0	0.08225672366991757	0.06222484992148576	0.0631771468021822	0.057692307692307696	0.041666666666666664	0.8333333333333334	1.0	1	0.05263157894736842
e94ee0d684a0	0.06608439733031304	0.16155788157855885	0.25434159599462464	0.2543417618564522	0.0	1.0	0.1	0.16666666666666666	1.0	0	1.0
4b68f2320bdd	0.6204257566085625	0.5167907069947928	0.5836300306496793	0.5649695780380372	0.5036193773479372	0.06666666666666667	0.3333333333333333	0.16666666666666666	0.7326214192552911	0	0.058823529411764705
b91bb5a5841c	0.2920284441669651	0.38951777658204884	0.4698437791200057	0.3851609042166359	0.49565567668357274	0.07692307692307693	0.037037037037037035	0.8333333333333334	1.0	1	0.2
2728599120cb	0.0	0.0	0.16803434660440356	0.0822567773113617	0.2002668171680286	0.06666666666666667	0.01818181818181818	0.16666666666666666	1.0	0	0.09090909090909091
ff91334de8b7	0.5341227403128965	0.4937463900961728	0.672860532932968	0.6441199994084875	0.6284171579288791	0.06666666666666667	0.011627906976744186	0.16666666666666666	1.0	0	0.125
275472a94cb7	0.5488159427473349	0.5721690351711397	0.6628712474087772	0.6517247683918707	0.5406966017970113	0.07142857142857142	0.009900990099009901	0.16666666666666666	1.0	0	0.5
26847aebc78f	0.5596855815960106	0.6532860575182532	0.7303216791971582	0.7297945519251913	0.33847484949608225	0.23076923076923073	0.011363636363636364	0.8333333333333334	0.830124569620279	1	1.0
e4f79b21f0c7	0.5145411184125728	0.4850490780504972	0.6864669420248342	0.43451572718805287	0.7544939920910074	0.06666666666666667	0.03333333333333333	0.16666666666666666	1.0	0	0.5
a6b6e3cf36a4	0.8805509317854763	1.0	1.0	1.0	0.0631771468021822	0.16666666666666666	0.011235955056179775	0.8333333333333334	0.19649904201920165	0	1.0
128a62f8cfc8	0.06608439733031304	0.14167841682498472	0.3152364339923866	0.24604927197391604	0.3291184000394623	0.3333333333333333	0.022222222222222223	0.5	1.0	0	1.0
15df29c7d7db	0.17905642074863906	0.3149681328686091	0.485208001769834	0.4615747594784907	0.4233146637121721	0.012658227848101266	0.16666666666666666	0.16666666666666666	0.2977095698108656	0	0.5
d3b60a55df7f	0.06608439733031304	0.14167841682498472	0.1746871247840085	0.0986240537385567	0.2002668171680286	0.08108108108108107	0.02127659574468085	0.8333333333333334	1.0	1	0.058823529411764705
a435859b5764	0.06608439733031304	0.052289288211202906	0.1530376635625889	0.11246238877989302	0.14669279211481012	0.06976744186046512	0.014925373134328358	0.8333333333333334	0.830124569620279	0	0.058823529411764705
a3bcc6676c47	0.06608439733031304	0.20755512910583993	0.3475232267968525	0.3407266909519464	0.1895314404065466	0.5	0.038461538461538464	0.16666666666666666	0.830124569620279	0	1.0
d5b9c38679c2	0.0	0.14167841682498472	0.2192529709249519	0.21526261328334842	0.0631771468021822	0.06666666666666667	0.023809523809523808	0.16666666666666666	0.830124569620279	0	1.0
fe715a1d4fb1	0.0	0.052289288211202906	0.1808807130935711	0.17468723870137876	0.0631771468021822	0.2	0.01098901098901099	0.16666666666666666	0.7326214192552911	0	0.022727272727272728
4463952b3f2a	0.11297202341832605	0.14167841682498472	0.1530376635625889	0.0986240537385567	0.1633105553861965	0.05	0.016666666666666666	0.16666666666666666	0.830124569620279	0	1.0
e72fcf80c591	0.06608439733031304	0.3032362984035436	0.34563323227605924	0.2795048847884751	0.35656273103180247	0.3333333333333333	0.034482758620689655	0.16666666666666666	0.830124569620279	0	0.02702702702702703
c13ac6cf500a	0.20418054257991852	0.3691130106843987	0.4290287207786332	0.40193716304780563	0.37762749120469064	0.4	0.012345679012345678	0.6666666666666666	1.0	1	0.5
19cf188ef913	0.2623129151112843	0.4320078270524341	0.5304989068982753	0.48001776959426873	0.5251842268153579	0.09523809523809523	0.012658227848101266	0.6666666666666666	1.0	1	0.125
ba21ebdb445a	0.11297202341832605	0.19396770503618765	0.31916865779722586	0.3178771676432612	0.0631771468021822	0.1111111111111111	0.009708737864077669	0.16666666666666666	0.830124569620279	0	1.0
2bace1ffcc84	0.14934089169295822	0.33077908189246075	0.39281793829913564	0.379449131178624	0.2857857377665804	0.07692307692307693	0.013513513513513514	0.16666666666666666	0.830124569620279	0	0.5
423080123a29	0.5430966128348967	0.5995649881164022	0.5600232840896977	0.4850063575092828	0.5801174760605669	0.08333333333333333	0.024390243902439025	0.8333333333333334	0.830124569620279	1	0.25
6aa4de4067e5	0.0	0.11816600049205804	0.3754285959581471	0.3407266909519464	0.34281592499532165	0.5	0.05263157894736842	0.16666666666666666	1.0	0	1.0
afa073274618	0.7661039283644008	0.8441891019595081	0.8869796960717886	0.8733079103306942	0.7853700477380463	0.1111111111111111	0.009615384615384616	0.16666666666666666	0.5074949309557394	0	1.0
9eca54b3d126	0.06608439733031304	0.20755512910583993	0.2711478426908739	0.2569440160127405	0.17736067403666203	0.03333333333333333	0.013888888888888888	0.16666666666666666	0.7326214192552911	0	1.0
a42de38c7be3	0.20418054257991852	0.2903294102274493	0.39559746137747337	0.3229360542951501	0.4121400313709448	0.07692307692307693	0.020833333333333332	0.8333333333333334	1.0	1	1.0
b9454eb06196	0.06608439733031304	0.19396770503618765	0.2975191965758062	0.23691208862286453	0.3037149676410264	0.07692307692307693	0.015625	0.8333333333333334	1.0	1	0.3333333333333333
418c356e0499	0.2623129151112843	0.3032362984035436	0.42977995046677003	0.4059276636691618	0.36850534870586854	0.1111111111111111	0.02631578947368421	0.16666666666666666	1.0	0	1.0
8b160fccffcd	0.2623129151112843	0.2598444173170428	0.40091093063884026	0.3082741218954018	0.43087944752565904	0.06666666666666667	0.03125	0.16666666666666666	1.0	0	0.045454545454545456
67ebaf1a10cb	0.06608439733031304	0.19396770503618765	0.3747406889609206	0.3740477138126567	0.0631771468021822	0.1	0.0196078431372549	0.16666666666666666	0.830124569620279	0	0.08333333333333333
acd7b58e970f	0.06608439733031304	0.20755512910583993	0.34467310094345616	0.24889939968594305	0.37616913439032323	0.2	0.021739130434782608	0.16666666666666666	0.7326214192552911	0	0.5
7012373d248c	0.14934089169295822	0.38951777658204884	0.4696040689005133	0.4676632944921593	0.2002668171680286	0.13636363636363638	0.029411764705882353	0.8333333333333334	0.4395745934035716	0	1.0
10e8aabfdaec	0.4050004675852912	0.39262542701732545	0.46441638115586986	0.43272382173837337	0.4250508182313436	0.08333333333333333	0.019230769230769232	0.16666666666666666	1.0	0	0.125
175d6523ecaa	0.0	0.16155788157855885	0.4182191155947112	0.35641899064740357	0.4250508182313436	0.2	0.011494252873563218	0.16666666666666666	0.7326214192552911	0	1.0
74bfd04dc7a8	0.06608439733031304	0.33077908189246075	0.44676847422840404	0.4429750398501211	0.2337832233056255	0.3333333333333333	0.05	0.5	1.0	0	0.25
63d55ca89ce1	0.06608439733031304	0.17877825722756366	0.28147778026825165	0.24006228842175747	0.2634439639702108	0.07692307692307693	0.011111111111111112	0.16666666666666666	1.0	0	0.5
15712f5bd2a1	0.11297202341832605	0.28335683364996944	0.42073623630381113	0.42073651067529483	0.0	0.06666666666666667	0.07142857142857142	0.16666666666666666	1.0	0	0.06666666666666667
565be3214153	0.11297202341832605	0.3575565144551274	0.45699741263083815	0.4039545846314467	0.45423260163829776	0.02564102564102564	0.09090909090909091	0.16666666666666666	0.7326214192552911	0	0.14285714285714285
57157b6e2100	0.4518880936733042	0.5958085695553254	0.5829535283987878	0.5155579096078485	0.5969702511245251	0.1111111111111111	0.014492753623188406	0.16666666666666666	0.830124569620279	0	0.1111111111111111
41b61008de5d	0.06608439733031304	0.052289288211202906	0.12444961868659946	0.11246238877989302	0.0631771468021822	0.5	0.06666666666666667	0.16666666666666666	1.0	0	0.05555555555555555
23a442bff758	0.5698754105834294	0.42972526741990447	0.5193602257274647	0.4369657832591678	0.5442527884798707	0.1111111111111111	0.1111111111111111	0.16666666666666666	1.0	1	1.0
4cf897b6f916	0.3487969244049448	0.44075431402818516	0.5530056083893632	0.5497236352209789	0.3240534661514722	0.06666666666666667	0.010526315789473684	0.16666666666666666	1.0	0	0.16666666666666666
5dafd01cc66e	0.0	0.11816600049205804	0.23691193412730824	0.22307375358152826	0.14669279211481012	0.4	0.011764705882352941	0.6666666666666666	1.0	1	0.125
0d93760a63c2	0.06608439733031304	0.20755512910583993	0.42073623630381113	0.4083345499955632	0.30691337849138584	0.07692307692307693	0.010752688172043012	0.16666666666666666	1.0	0	0.5
5f9b5696a013	0.11297202341832605	0.11816600049205804	0.25166165298624243	0.23691208862286453	0.1633105553861965	0.09523809523809523	0.023255813953488372	0.6666666666666666	1.0	1	1.0
8cc54be85825	0.0	0.08938912861378186	0.20210167028488468	0.1921169119349664	0.1001334085840143	0.02564102564102564	0.012195121951219513	0.16666666666666666	0.7326214192552911	0	0.2
3ade11e3e1b1	0.06608439733031304	0.11816600049205804	0.19724797884730702	0.17468723870137876	0.14669279211481012	0.057692307692307696	0.014705882352941176	0.8333333333333334	1.0	1	1.0
9e29145f1f6b	0.45690338716510337	0.3492335459308247	0.4722063213598148	0.470321594526592	0.2002668171680286	0.09375	0.015384615384615385	0.8333333333333334	1.0	1	1.0
f10533829c90	0.2920284441669651	0.37274596226375134	0.5320685884633054	0.5311062293487824	0.2002668171680286	0.1111111111111111	0.01020408163265306	0.16666666666666666	1.0	1	0.05
c8023491c14a	0.5928689899464263	0.615778756263088	0.7586151282046801	0.6983179459209531	0.7682458924918254	0.06666666666666667	0.0625	0.16666666666666666	0.830124569620279	0	0.25
7f063225c752	0.0	0.0	0.1746871247840085	0.16084890366004248	0.1001334085840143	0.07692307692307693	0.015873015873015872	0.8333333333333334	1.0	1	0.16666666666666666
213542ee3cc7	0.45690338716510337	0.4151102582116798	0.5472308505693255	0.5029105111413247	0.533138791703396	0.08333333333333333	0.04	0.16666666666666666	1.0	0	0.07692307692307693
46e62ca0de5b	0.06608439733031304	0.25094701019234067	0.3529655854182781	0.34752345342449975	0.17736067403666203	0.3333333333333333	0.027777777777777776	0.16666666666666666	0.830124569620279	0	0.041666666666666664
4bde9d6cc7c9	0.2623129151112843	0.32572112959789795	0.3621595262801692	0.3456334576711989	0.2730470857191745	0.06666666666666667	0.025	0.16666666666666666	1.0	0	0.05263157894736842
75d78a90d621	0.6439902093325914	0.681328570390296	0.7051164009447538	0.6858004205406656	0.6295186257915053	0.1111111111111111	0.018867924528301886	0.16666666666666666	0.5714147953641597	0	0.25
7d7d7609f445	0.06608439733031304	0.16155788157855885	0.1921167866513249	0.1921169119349664	0.0	0.075	0.0125	0.8333333333333334	1.0	1	0.3333333333333333
d19bfd6c52d4	0.3980639238155956	0.46566849690770495	0.5181104873466144	0.5043889404231349	0.4121400313709448	0.08333333333333333	0.2	0.16666666666666666	1.0	1	0.5
f084174cf4ce	0.557035373968769	0.6119123905882309	0.5998624031791463	0.5319491602593552	0.6145822586378903	0.05	0.014285714285714285	0.16666666666666666	0.5074949309557394	0	1.0
a31abe20eaad	0.11297202341832605	0.3956599494367154	0.4286507352776374	0.4134129543086664	0.3315490869240364	0.08333333333333333	0.043478260869565216	0.16666666666666666	0.830124569620279	0	0.3333333333333333
bd42b2fe53ec	0.0	0.0	0.09862398942365351	0.0822567773113617	0.0631771468021822	0.5	0.012048192771084338	0.16666666666666666	1.0	0	0.5
2a6a3bb9a45e	0.5622933840771966	0.39262542701732545	0.5951273785451796	0.5380868027884449	0.5987777253547214	1.0	0.07692307692307693	0.16666666666666666	1.0	1	1.0
304c64df01bd	0.0	0.0	0.09862398942365351	0.06222484992148576	0.1001334085840143	0.5	0.010869565217391304	0.16666666666666666	1.0	0	0.09090909090909091
b751b66176b7	0.11297202341832605	0.19396770503618765	0.3899495976898972	0.2543417618564522	0.43711403844551866	0.06666666666666667	0.010416666666666666	0.16666666666666666	1.0	0	0.037037037037037035
2cae83b86e89	0.20418054257991852	0.21984644927517105	0.3712197896963522	0.3668041506363452	0.17736067403666203	0.1111111111111111	0.05555555555555555	0.16666666666666666	1.0	0	1.0
864df8889f87	0.20418054257991852	0.2903294102274493	0.4510009076580837	0.43380325136568826	0.3635773725542251	0.06666666666666667	0.02564102564102564	0.16666666666666666	1.0	0	0.3333333333333333
0e1dbde05ef1	0.0	0.0	0.0	0.0	0.0	0.0	0.0	0.0	0.0	0	0.0
a54bc24dcb81	0.7740559531633479	0.8450196245244627	0.836064422993992	0.8255647794665045	0.7112096443468949	0.06666666666666667	0.02040816326530612	0.16666666666666666	1.0	0	1.0
313ca82fe335	0.0	0.0	0.0	0.0	0.0	0.0	0.0	0.0	0.0	0	0.0
3d8c257c8ac6	0.3283973124415973	0.4850490780504972	0.45419182730123314	0.3928181944644745	0.46085332591897055	0.06666666666666667	0.01694915254237288	0.16666666666666666	0.830124569620279	0	0.16666666666666666
6ff62eb1cb80	0.24514081807895213	0.3956599494367154	0.48857358711355064	0.48023125716789555	0.34067122942285855	0.3333333333333333	0.01282051282051282	0.16666666666666666	0.830124569620279	0	0.07142857142857142
b6c862445c1f	0.20418054257991852	0.17877825722756366	0.2711478426908739	0.2543417618564522	0.1895314404065466	0.06122448979591836	0.01	0.8333333333333334	0.830124569620279	0	0.3333333333333333
92891bfdb2d6	0.06608439733031304	0.2413899532786789	0.38818354551084056	0.38454391565460494	0.17736067403666203	0.1111111111111111	0.010309278350515464	0.16666666666666666	1.0	0	1.0
7fa103447f15	0.38323696332855756	0.3032362984035436	0.563125100575299	0.49049628073118345	0.5813639277099952	0.06666666666666667	0.030303030303030304	0.16666666666666666	1.0	0	0.05
f897bded373c	0.06608439733031304	0.3092355778889529	0.35809677761426034	0.3417297347099609	0.26837194012185417	0.3333333333333333	0.02702702702702703	0.16666666666666666	0.830124569620279	0	0.022222222222222223
8c31110375c5	0.913657041496575	0.829080634531919	0.8781007659745617	0.8689093554294399	0.7424025860712729	0.08888888888888889	0.00980392156862745	1.0	0.45955041386835127	0	1.0
9fe0f954b2b0	0.06608439733031304	0.14167841682498472	0.223073608110253	0.21108644251844974	0.1263542936043644	0.07692307692307693	0.5	0.8333333333333334	1.0	1	0.06666666666666667
0c4dda94476b	0.0	0.0	0.20670634235651703	0.1972481074771134	0.1001334085840143	0.041666666666666664	1.0	0.16666666666666666	1.0	0	1.0
44d072dbe69f	0.06608439733031304	0.20755512910583993	0.3322711483513144	0.25947295739859916	0.34896288456876257	0.0625	0.012987012987012988	0.16666666666666666	0.830124569620279	0	0.3333333333333333
c640a3c74f27	0.06608439733031304	0.17877825722756366	0.37611127167284186	0.3712200317770567	0.1895314404065466	0.18181818181818182	0.25	0.6666666666666666	1.0	1	1.0
9506818a964f	0.06608439733031304	0.16155788157855885	0.1350231695040073	0.12444969984297151	0.0631771468021822	0.034482758620689655	0.014084507042253521	0.16666666666666666	0.7326214192552911	0	1.0
ce101a690ce8	0.22594404683665206	0.3092355778889529	0.3386861212955405	0.3178771676432612	0.26837194012185417	0.09523809523809523	0.08333333333333333	0.6666666666666666	1.0	1	0.14285714285714285
473e0412d9f3	0.06608439733031304	0.3492335459308247	0.4567207670379138	0.40927952169377846	0.4464153541028635	0.3333333333333333	0.03225806451612903	0.16666666666666666	0.830124569620279	0	0.029411764705882353
154703571f22	0.14934089169295822	0.16155788157855885	0.2689311516998168	0.16803445618334878	0.3037149676410264	0.06122448979591836	0.017241379310344827	0.8333333333333334	0.830124569620279	0	0.5
dabaacb8e0c2	0.11297202341832605	0.19396770503618765	0.4064139661289901	0.4059276636691618	0.0631771468021822	0.024390243902439025	0.058823529411764705	0.16666666666666666	0.5368943496508024	0	1.0
