revisions	files	functions	lines	addLines	deleteLines	pos	time	rf	ibf	isComponent	distance
d3354600ed81	0.0	0.08938912861378186	0.4423265790352049	0.38010201756474693	0.44975438522753747	0.0392156862745098	0.06666666666666667	0.14516129032258063	0.6129557746355119	1	0.16666666666666666
185a18736d02	0.0	0.08938912861378186	0.2733111142076621	0.2733112924399355	0.0	0.05263157894736842	0.003787878787878788	0.016129032258064516	1.0	0	0.3333333333333333
ba4fbe6e95a4	0.20418054257991852	0.26816738584134553	0.3826668420206856	0.38139371585571197	0.1001334085840143	0.013986013986013986	0.0037593984962406013	0.06451612903225806	0.830124569620279	0	0.3333333333333333
05bbc6538b65	0.20418054257991852	0.2759856130067989	0.32415724245907257	0.31251608341619624	0.20986993891699235	0.04477611940298508	0.006060606060606061	0.11290322580645161	0.7326214192552911	0	0.125
8a2e742f7040	0.17905642074863906	0.4449147152285283	0.5417063155164193	0.5311062293487824	0.41410022211038494	0.045454545454545456	0.006535947712418301	0.04838709677419355	1.0	0	0.06666666666666667
197b8d811943	0.0	0.11816600049205804	0.2110863048643623	0.1972481074771134	0.1263542936043644	0.04615384615384615	0.009523809523809525	0.04838709677419355	1.0	0	1.0
b7b9418c5943	0.0	0.11816600049205804	0.16803434660440356	0.16084890366004248	0.0631771468021822	0.036458333333333336	0.012195121951219513	0.4193548387096774	0.830124569620279	0	1.0
cd1c20933a2c	0.0	0.08938912861378186	0.1866744280298992	0.11246238877989302	0.20986993891699235	0.04477611940298508	0.005025125628140704	0.11290322580645161	0.7326214192552911	0	0.03225806451612903
3b7f0448940a	0.0	0.0	0.16084879876695327	0.1444816272328475	0.1001334085840143	0.08333333333333333	0.034482758620689655	0.04838709677419355	1.0	0	0.5
90c6f7a4549b	0.11297202341832605	0.28335683364996944	0.3933807703864162	0.3916818314124518	0.1263542936043644	0.08333333333333333	0.02857142857142857	0.016129032258064516	1.0	0	1.0
405bc54f9208	0.3980639238155956	0.4673995464228827	0.49867089583864815	0.4745085883046332	0.43860825808009646	0.023076923076923075	0.01020408163265306	0.04838709677419355	0.7326214192552911	0	0.05555555555555555
54d32fe83d02	0.11297202341832605	0.33077908189246075	0.4341599129746153	0.4169338558692918	0.3469596092828387	0.027777777777777776	0.0036496350364963502	0.016129032258064516	1.0	0	0.125
3a0c55fd4d5e	0.11297202341832605	0.17877825722756366	0.36451175055848645	0.3138866670219051	0.35836764855415176	0.045454545454545456	0.005291005291005291	0.04838709677419355	1.0	0	0.5
b181c17b8a6b	0.7111160426532659	0.5951717225694594	0.551764728972329	0.47697437704462203	0.5715714755331608	0.038461538461538464	0.008403361344537815	0.016129032258064516	1.0	0	0.25
751b6d588067	0.11297202341832605	0.3615248661001558	0.4426512499998029	0.4423268674862326	0.0631771468021822	0.03571428571428571	0.009345794392523364	0.03225806451612903	1.0	0	1.0
6f40e478320f	0.22594404683665206	0.3032362984035436	0.39449595769461404	0.38454391565460494	0.2634439639702108	0.04225352112676056	0.010101010101010102	0.04838709677419355	1.0	0	1.0
8e0f33f0ae33	0.0	0.11816600049205804	0.1350231695040073	0.1350232575556277	0.0	0.041841004184100423	0.0047169811320754715	0.5322580645161291	0.7326214192552911	0	0.25
4b68f2320bdd	0.6204257566085625	0.5167907069947928	0.5836300306496793	0.5649695780380372	0.5036193773479372	0.09090909090909091	0.038461538461538464	0.04838709677419355	0.7326214192552911	1	1.0
931e3fc693cb	0.24514081807895213	0.19396770503618765	0.32044203267738586	0.2754236600741	0.30691337849138584	0.025	0.05263157894736842	0.016129032258064516	1.0	0	0.1
72ca2e399733	0.14934089169295822	0.25094701019234067	0.29913674347060804	0.268931327075819	0.25823423997013745	0.022222222222222223	0.03125	0.016129032258064516	1.0	0	1.0
682aa0d5edac	0.22594404683665206	0.26816738584134553	0.39882312900784195	0.38818379865398855	0.2730470857191745	0.1	0.006493506493506494	0.016129032258064516	0.830124569620279	0	0.3333333333333333
87e7cad3b187	0.06608439733031304	0.19396770503618765	0.3547087746343028	0.34752345342449975	0.2002668171680286	0.10505836575875485	0.0625	1.0	0.7326214192552911	1	1.0
412d24645d60	0.0	0.0	0.03639918008035379	0.036399203817070964	0.0	0.08333333333333333	0.0045045045045045045	0.04838709677419355	1.0	0	0.06666666666666667
f64ab851da28	0.45690338716510337	0.4865399761879694	0.6278553215660712	0.6278145419776997	0.0631771468021822	0.07317073170731708	0.005208333333333333	0.04838709677419355	0.830124569620279	0	1.0
5d45954e870d	0.0	0.08938912861378186	0.2302591559477033	0.16084890366004248	0.24682620069882444	0.039603960396039604	0.14285714285714285	0.1935483870967742	0.830124569620279	0	1.0
63e25a9ed0fb	0.0	0.19396770503618765	0.1921167866513249	0.16084890366004248	0.1633105553861965	0.06000000000000001	0.007142857142857143	0.04838709677419355	1.0	0	1.0
334514863909	0.24514081807895213	0.25094701019234067	0.4348695721948365	0.41948677147946223	0.33847484949608225	0.04040404040404041	0.004545454545454545	0.12903225806451613	0.7326214192552911	0	1.0
ca55c295a311	0.3487969244049448	0.49923493128011215	0.4578222707207731	0.4078583075926847	0.4510564838922171	0.037037037037037035	0.005494505494505495	0.03225806451612903	1.0	0	0.5
b01475838357	0.0	0.11816600049205804	0.30827392086310235	0.2543417618564522	0.30691337849138584	0.03418803418803419	0.05	0.1935483870967742	0.830124569620279	0	1.0
6c1567cbacd2	0.06608439733031304	0.3403361388061225	0.4829610456471109	0.47518782092005174	0.3291184000394623	0.04	0.006578947368421052	0.03225806451612903	1.0	0	1.0
20d1fd9d3b66	0.0	0.19396770503618765	0.32293584370148376	0.2711480195124297	0.31869042780677365	0.02564102564102564	0.07142857142857142	0.03225806451612903	0.830124569620279	0	0.2
ff2cbef6b3af	0.38323696332855756	0.48201455563110723	0.5079032442173015	0.44425751140975567	0.5174097484404799	0.029411764705882353	0.005714285714285714	0.016129032258064516	1.0	0	1.0
d5b9c38679c2	0.0	0.14167841682498472	0.2192529709249519	0.21526261328334842	0.0631771468021822	0.02097902097902098	0.006896551724137931	0.04838709677419355	0.830124569620279	0	1.0
4e691f31e44a	0.4116538068042425	0.43425068797676647	0.5722950552177868	0.5293962446491849	0.5562198779909449	0.02857142857142857	0.003968253968253968	0.016129032258064516	0.830124569620279	0	1.0
4463952b3f2a	0.11297202341832605	0.14167841682498472	0.1530376635625889	0.0986240537385567	0.1633105553861965	0.02040816326530612	0.00546448087431694	0.016129032258064516	0.830124569620279	0	1.0
e72fcf80c591	0.06608439733031304	0.3032362984035436	0.34563323227605924	0.2795048847884751	0.35656273103180247	0.027522935779816512	0.00819672131147541	0.04838709677419355	0.830124569620279	0	0.02702702702702703
22d149a03944	0.3487969244049448	0.5478912679119624	0.5870679426896092	0.5781417023602087	0.445044721411138	0.023809523809523808	0.005434782608695652	0.016129032258064516	1.0	0	0.5
a639e49061e0	0.11297202341832605	0.052289288211202906	0.09862398942365351	0.036399203817070964	0.1263542936043644	0.07142857142857142	0.00411522633744856	0.04838709677419355	1.0	0	0.125
ba21ebdb445a	0.11297202341832605	0.19396770503618765	0.31916865779722586	0.3178771676432612	0.0631771468021822	0.023622047244094488	0.003875968992248062	0.04838709677419355	0.830124569620279	0	1.0
2bace1ffcc84	0.14934089169295822	0.33077908189246075	0.39281793829913564	0.379449131178624	0.2857857377665804	0.021582733812949638	0.004901960784313725	0.04838709677419355	0.830124569620279	0	0.5
b95b1cd23e9c	0.2623129151112843	0.3615248661001558	0.3977607328942615	0.386382303770726	0.2774940826206763	0.023255813953488372	0.007042253521126761	0.016129032258064516	1.0	0	1.0
e79e3029b1e8	0.11297202341832605	0.3149681328686091	0.47675268136453164	0.47630857807875054	0.1001334085840143	0.03802281368821293	0.017857142857142856	0.5322580645161291	0.7326214192552911	0	0.2
bc857e7522a0	0.24514081807895213	0.3403361388061225	0.40833428371166935	0.4059276636691618	0.1633105553861965	0.04477611940298508	0.008	0.11290322580645161	0.7326214192552911	0	0.023809523809523808
bc3ee344a4ef	0.11297202341832605	0.3863333863334036	0.39449595769461404	0.35384164188242545	0.37318049430318884	0.016666666666666666	0.007462686567164179	0.016129032258064516	0.830124569620279	0	0.5
d89a3e66feda	0.0	0.2598444173170428	0.366046342181228	0.3053305308928899	0.37164860351436985	0.013422818791946308	0.006097560975609756	0.06451612903225806	0.830124569620279	0	0.3333333333333333
2b9467555564	0.24514081807895213	0.43862267454460646	0.3863820518023723	0.3344610219376306	0.3818675746089558	0.0136986301369863	0.00684931506849315	0.016129032258064516	0.830124569620279	0	0.16666666666666666
29313eb2c393	0.0	0.0	0.14448153301321734	0.11246238877989302	0.1263542936043644	0.044117647058823525	0.0051813471502590676	0.04838709677419355	0.830124569620279	0	1.0
fc2a43593c27	0.3389160702549781	0.32045667405254846	0.5442501860512816	0.5351282859429521	0.4038483762250407	0.05442176870748299	0.012987012987012988	0.3548387096774193	0.830124569620279	1	0.14285714285714285
ff4dcd4e7cbf	0.17905642074863906	0.2598444173170428	0.35384141113454926	0.343702813747676	0.22648770218837871	0.075	0.014492753623188406	0.33870967741935487	0.6647010817031233	1	1.0
87bb62b257d4	0.2778469664164643	0.5107914275093834	0.6232506494944389	0.5905043651160531	0.5880743013915997	0.0136986301369863	0.004016064257028112	0.016129032258064516	0.830124569620279	0	1.0
caa05fa5dc09	0.0	0.17877825722756366	0.31388646232954215	0.2814779638261902	0.2774940826206763	0.02531645569620253	0.008547008547008548	0.16129032258064516	0.830124569620279	0	0.2
e40326dfa9b6	0.6359598079137424	0.6978926532612499	0.7844671428377498	0.7844676544062703	0.0	0.02631578947368421	0.007874015748031496	0.016129032258064516	1.0	0	1.0
6825565854d6	0.30507413907761327	0.3403361388061225	0.5148353537065401	0.514835689442157	0.0	0.10505836575875485	0.043478260869565216	1.0	0.7326214192552911	1	1.0
32b89f63cf8e	0.2623129151112843	0.3403361388061225	0.39110795471465654	0.37542884078350797	0.29696037010780774	0.041666666666666664	0.08333333333333333	0.03225806451612903	0.7326214192552911	0	1.0
808d2cc229c6	0.0	0.08938912861378186	0.16084879876695327	0.15303776336186264	0.0631771468021822	0.029411764705882353	0.006802721088435374	0.016129032258064516	1.0	0	0.14285714285714285
315136e13a9f	0.0	0.0	0.14448153301321734	0.1350232575556277	0.0631771468021822	0.02857142857142857	0.0045871559633027525	0.016129032258064516	0.830124569620279	0	0.125
f13fc55ca772	0.06608439733031304	0.14167841682498472	0.16803434660440356	0.1350232575556277	0.14669279211481012	0.02564102564102564	0.018867924528301886	0.016129032258064516	0.830124569620279	0	0.1
3a77553061f9	0.0	0.11816600049205804	0.1530376635625889	0.11246238877989302	0.14669279211481012	0.04838709677419355	0.011235955056179775	0.04838709677419355	1.0	0	0.09090909090909091
67ebaf1a10cb	0.06608439733031304	0.19396770503618765	0.3747406889609206	0.3740477138126567	0.0631771468021822	0.023076923076923075	0.006211180124223602	0.04838709677419355	0.830124569620279	0	0.08333333333333333
e8451ed3f7b0	0.22594404683665206	0.17877825722756366	0.2569438484539261	0.2431056809714042	0.1633105553861965	0.02702702702702703	0.030303030303030304	0.016129032258064516	1.0	0	1.0
8f7521bd12b3	0.17905642074863906	0.43425068797676647	0.5205928046860592	0.4967405771095386	0.4596847797029512	0.058823529411764705	0.02	0.04838709677419355	1.0	0	0.16666666666666666
87231505d3b5	0.11297202341832605	0.19396770503618765	0.30072565970853826	0.2543417618564522	0.28966484899056094	0.0392156862745098	0.04	0.14516129032258063	0.6129557746355119	1	0.14285714285714285
7012373d248c	0.14934089169295822	0.38951777658204884	0.4696040689005133	0.4676632944921593	0.2002668171680286	0.037037037037037035	0.007692307692307693	0.3225806451612903	0.4395745934035716	0	1.0
b52bd8327a6e	0.22594404683665206	0.3149681328686091	0.4620979084942046	0.4586399177067642	0.2405378208388442	0.05263157894736842	0.012345679012345678	0.016129032258064516	1.0	0	1.0
966b05367961	0.0	0.0	0.20670634235651703	0.17468723870137876	0.17736067403666203	0.027586206896551724	0.007575757575757576	0.1935483870967742	0.830124569620279	0	0.0625
78494d510c1b	0.06608439733031304	0.17877825722756366	0.3311559610431165	0.2569440160127405	0.34896288456876257	0.012578616352201259	0.008849557522123894	0.06451612903225806	0.830124569620279	0	1.0
1dc57e0d99c1	0.17905642074863906	0.3356461218611724	0.4156293757040912	0.40445193483653896	0.29338558422962024	0.016666666666666666	0.006172839506172839	0.016129032258064516	0.830124569620279	0	0.3333333333333333
78e10891a932	0.9403995196509866	0.7652006926941957	0.6945972537553731	0.6102611881517791	0.7232593244353094	0.012903225806451613	0.013888888888888888	0.06451612903225806	0.7326214192552911	1	0.043478260869565216
013c4862a792	0.14934089169295822	0.2413899532786789	0.45419182730123314	0.28896325446569493	0.5089097609606984	0.02666666666666667	0.3333333333333333	0.16129032258064516	0.830124569620279	0	0.1
ec9db3d2acf6	0.0	0.08938912861378186	0.16084879876695327	0.15303776336186264	0.0631771468021822	0.022727272727272728	0.027777777777777776	0.016129032258064516	1.0	1	1.0
a436501eca32	0.11297202341832605	0.14167841682498472	0.16803434660440356	0.11246238877989302	0.17736067403666203	0.04477611940298508	0.005154639175257732	0.11290322580645161	0.7326214192552911	0	0.022222222222222223
e1dddf1ea9a0	0.14934089169295822	0.40435726148239093	0.4874000877384375	0.4696043751398006	0.40275680202390485	0.02631578947368421	0.017543859649122806	0.016129032258064516	1.0	0	1.0
253f26624e44	0.3389160702549781	0.5018940203846814	0.57928039120372	0.5430935404118609	0.550974163721346	0.029411764705882353	0.003816793893129771	0.016129032258064516	1.0	0	0.3333333333333333
2c6d217d573a	0.06608439733031304	0.16155788157855885	0.2889630660264346	0.285298603503014	0.1001334085840143	0.025974025974025976	0.009009009009009009	0.16129032258064516	0.830124569620279	0	0.5
abafffb7abb6	0.0	0.14167841682498472	0.25434159599462464	0.25166181710041935	0.0631771468021822	0.046875	0.005649717514124294	0.11290322580645161	0.7326214192552911	0	0.125
3b40ebb75bbe	0.0	0.0	0.2302591559477033	0.17468723870137876	0.2337832233056255	0.02040816326530612	0.018518518518518517	0.016129032258064516	0.830124569620279	0	1.0
565be3214153	0.11297202341832605	0.3575565144551274	0.45699741263083815	0.4039545846314467	0.45423260163829776	0.014705882352941176	0.02127659574468085	0.016129032258064516	0.7326214192552911	0	0.14285714285714285
db5695982144	0.06608439733031304	0.16155788157855885	0.19724797884730702	0.16084890366004248	0.17736067403666203	0.044444444444444446	0.011111111111111112	0.14516129032258063	0.6129557746355119	1	0.5
917b620b06b0	0.06608439733031304	0.2310675454387666	0.4156293757040912	0.37611151694339084	0.3922955468416446	0.025974025974025976	0.00847457627118644	0.16129032258064516	0.830124569620279	0	1.0
9de8383ec493	0.22594404683665206	0.20755512910583993	0.40039351465970996	0.38075018992863535	0.3240534661514722	0.05309734513274337	0.02631578947368421	0.29032258064516125	0.830124569620279	1	1.0
28bcba73b7d4	0.3171525659982445	0.49923493128011215	0.5338462985118493	0.5019111893295535	0.49565567668357274	0.012903225806451613	0.003861003861003861	0.06451612903225806	0.830124569620279	0	0.030303030303030304
796147becbdc	0.6186046853956467	0.5393224246657808	0.5453924636520576	0.47675299226558854	0.5600139893426929	0.041841004184100423	0.0048543689320388345	0.5322580645161291	0.7326214192552911	0	0.2
d8fef01722d7	0.20418054257991852	0.3032362984035436	0.3982935025521068	0.3668041506363452	0.35836764855415176	0.044117647058823525	0.00425531914893617	0.04838709677419355	0.830124569620279	0	0.5
5a18a349e23d	0.11297202341832605	0.35346216255331403	0.4908755446209372	0.4263490558017981	0.5010413570247582	0.037037037037037035	0.0037174721189591076	0.016129032258064516	1.0	0	1.0
ceb09c1870da	0.2778469664164643	0.41250489177089955	0.5738115004633308	0.5314684550550342	0.5568295481998311	0.015873015873015872	0.0058823529411764705	0.016129032258064516	0.830124569620279	0	1.0
aea5068169a4	0.11297202341832605	0.3356461218611724	0.41779264722087933	0.37542884078350797	0.3994013793235389	0.045454545454545456	0.005263157894736842	0.04838709677419355	1.0	0	1.0
40fd46a67c66	0.0	0.0	0.19724797884730702	0.1921169119349664	0.0631771468021822	0.017241379310344827	0.008264462809917356	0.016129032258064516	0.830124569620279	0	0.5
8f4d5b726d43	0.3669249431097742	0.43425068797676647	0.5346640009345005	0.5152697184056029	0.4573017588299519	0.058823529411764705	0.02040816326530612	0.016129032258064516	1.0	0	1.0
2f9556adf482	0.0	0.20755512910583993	0.29913674347060804	0.29587216121567017	0.1001334085840143	0.046875	0.006756756756756757	0.11290322580645161	0.7326214192552911	0	0.16666666666666666
15fab9719250	0.0	0.08938912861378186	0.25166165298624243	0.24604927197391604	0.1001334085840143	0.038461538461538464	0.008771929824561403	0.03225806451612903	1.0	0	1.0
2d9d6d6bdcf8	0.06608439733031304	0.19396770503618765	0.3813934671405255	0.29587216121567017	0.4070467870754001	0.0392156862745098	0.125	0.14516129032258063	0.6129557746355119	1	0.3333333333333333
bc4910456f73	0.06608439733031304	0.3830683701036636	0.4515895748419317	0.44981215812573744	0.17736067403666203	0.026143790849673203	0.013157894736842105	0.1935483870967742	0.830124569620279	0	1.0
90a6b7e5ae8f	0.5516020649158329	0.6325903795807941	0.6808274294004435	0.662564481899962	0.600298962721006	0.017543859649122806	0.005847953216374269	0.016129032258064516	0.830124569620279	0	1.0
3ed00e38a873	0.0	0.14167841682498472	0.1808807130935711	0.18088083104991842	0.0	0.04838709677419355	0.01818181818181818	0.04838709677419355	1.0	0	1.0
030c3057aeeb	0.06608439733031304	0.28335683364996944	0.35641875821878183	0.2975193905947101	0.3601375169099899	0.045454545454545456	0.015625	0.03225806451612903	1.0	1	0.5
3dab3ccdddf8	0.06608439733031304	0.21984644927517105	0.31388646232954215	0.24889939968594305	0.3240534661514722	0.02631578947368421	0.01694915254237288	0.016129032258064516	0.830124569620279	0	1.0
c2d3d1b7cb10	0.17905642074863906	0.42262468958867977	0.48759673934798464	0.48759705732069364	0.0	0.026143790849673203	0.005780346820809248	0.1935483870967742	0.830124569620279	0	0.08333333333333333
b8c02c64be7c	0.11297202341832605	0.3092355778889529	0.4626183240030097	0.46261862568673695	0.0	0.05442176870748299	0.014084507042253521	0.3548387096774193	0.7326214192552911	1	0.16666666666666666
5cf653731d0a	0.0	0.2413899532786789	0.37678879506889323	0.3333728694339155	0.3601375169099899	0.038461538461538464	0.004273504273504274	0.016129032258064516	1.0	0	1.0
eba8a42a4c90	0.0	0.08938912861378186	0.29913674347060804	0.22673840454420918	0.315885734010911	0.02702702702702703	0.004464285714285714	0.016129032258064516	1.0	0	0.3333333333333333
f55451afeac8	0.14934089169295822	0.26816738584134553	0.32293584370148376	0.28714962748127176	0.29338558422962024	0.013605442176870748	0.004672897196261682	0.06451612903225806	0.830124569620279	0	0.3333333333333333
a2f859f65852	0.5341227403128965	0.6495717166950754	0.5951273785451796	0.5314684550550342	0.6057876321764136	0.012903225806451613	0.005319148936170213	0.06451612903225806	0.830124569620279	0	0.3333333333333333
c8e6d9debe86	0.11297202341832605	0.20755512910583993	0.3916815759881601	0.38877635184434883	0.1633105553861965	0.06802721088435375	0.09090909090909091	0.40322580645161293	0.830124569620279	1	1.0
f084174cf4ce	0.557035373968769	0.6119123905882309	0.5998624031791463	0.5319491602593552	0.6145822586378903	0.03333333333333333	0.005128205128205128	0.03225806451612903	0.5074949309557394	0	1.0
7cce58411eaf	0.3669249431097742	0.5618466273312274	0.5960124145389949	0.5817232063537975	0.49405659432784127	0.027777777777777776	0.015384615384615385	0.016129032258064516	1.0	0	1.0
fef78628ae8e	0.0	0.11816600049205804	0.240062131871887	0.18088083104991842	0.24682620069882444	0.020833333333333332	0.01	0.016129032258064516	0.830124569620279	0	0.3333333333333333
5241706184b6	0.0	0.0	0.30681419075174	0.24604927197391604	0.31299198758814106	0.025	0.004807692307692308	0.016129032258064516	1.0	0	0.07142857142857142
74877d4e1c6f	0.2623129151112843	0.32045667405254846	0.41474925665589546	0.3893650194120798	0.35836764855415176	0.022727272727272728	0.014925373134328358	0.016129032258064516	1.0	1	0.3333333333333333
56c7fe06d640	0.17905642074863906	0.3149681328686091	0.37193510363131554	0.3555680697512972	0.28173416602494156	0.030303030303030304	0.003703703703703704	0.016129032258064516	1.0	0	1.0
d0bc44447e65	0.5673870541888975	0.6874022177069344	0.6181220070797211	0.5580739452023848	0.6254131255667121	0.024390243902439025	0.005235602094240838	0.016129032258064516	0.6129557746355119	0	1.0
c8196ea006dc	0.0	0.14167841682498472	0.1746871247840085	0.11246238877989302	0.1895314404065466	0.02857142857142857	0.008130081300813009	0.016129032258064516	0.830124569620279	0	0.07692307692307693
1f74053488c5	0.11297202341832605	0.3403361388061225	0.3916815759881601	0.3417297347099609	0.3845885335745019	0.041841004184100423	0.022222222222222223	0.5322580645161291	0.7326214192552911	0	0.5
313ca82fe335	0.0	0.0	0.0	0.0	0.0	0.0	0.0	0.0	0.0	0	0.0
380bcb4c7744	0.0	0.052289288211202906	0.06222480934329974	0.036399203817070964	0.0631771468021822	0.038461538461538464	0.011363636363636364	0.03225806451612903	1.0	0	0.0625
3d8c257c8ac6	0.3283973124415973	0.4850490780504972	0.45419182730123314	0.3928181944644745	0.46085332591897055	0.01910828025477707	0.0055248618784530384	0.04838709677419355	0.830124569620279	0	1.0
2084edd78093	0.17905642074863906	0.37274596226375134	0.42114897920955413	0.3933810269187905	0.37164860351436985	0.013422818791946308	0.005555555555555556	0.06451612903225806	0.830124569620279	0	0.2
bc641db5560a	0.0	0.0	0.09862398942365351	0.06222484992148576	0.1001334085840143	0.09090909090909091	0.004032258064516129	0.016129032258064516	1.0	0	0.1
416a2e21be06	0.2623129151112843	0.3653747416205808	0.5205928046860592	0.5164169734113397	0.31299198758814106	0.03125	0.014705882352941176	0.016129032258064516	1.0	0	0.5
a6ebacc9d306	0.06608439733031304	0.08938912861378186	0.16803434660440356	0.16803445618334878	0.0	0.05442176870748299	0.029411764705882353	0.3548387096774193	0.830124569620279	1	0.06666666666666667
ee444a04dcc1	0.14934089169295822	0.3032362984035436	0.3322711483513144	0.3082741218954018	0.2730470857191745	0.01639344262295082	0.006134969325153374	0.016129032258064516	0.830124569620279	0	1.0
6ff62eb1cb80	0.24514081807895213	0.3956599494367154	0.48857358711355064	0.48023125716789555	0.34067122942285855	0.027522935779816512	0.004694835680751174	0.04838709677419355	0.830124569620279	0	0.07142857142857142
0673dacb1520	0.3487969244049448	0.3797185388412312	0.34937424956801705	0.30681439083211687	0.3315490869240364	0.01694915254237288	0.006622516556291391	0.016129032258064516	0.830124569620279	0	0.3333333333333333
324ace413314	0.0	0.29694425771962174	0.346583203298102	0.2975193905947101	0.33847484949608225	0.046875	0.006329113924050633	0.11290322580645161	0.7326214192552911	0	0.3333333333333333
c4a8bea2a07e	0.3581128414972781	0.3615248661001558	0.4156293757040912	0.4034544636588299	0.3004002257520429	0.012903225806451613	0.004098360655737705	0.06451612903225806	0.830124569620279	0	0.16666666666666666
f897bded373c	0.06608439733031304	0.3092355778889529	0.35809677761426034	0.3417297347099609	0.26837194012185417	0.027522935779816512	0.0072992700729927005	0.04838709677419355	0.830124569620279	0	0.022222222222222223
0bfbad79b7bd	0.06608439733031304	0.20755512910583993	0.2733111142076621	0.23025930610483455	0.25823423997013745	0.04666666666666667	0.0136986301369863	0.6451612903225806	0.830124569620279	1	1.0
ae59b0746ce7	0.3581128414972781	0.4951405793782988	0.48621104487374167	0.449512420009539	0.45790338052840085	0.016666666666666666	0.006993006993006993	0.016129032258064516	0.830124569620279	0	0.25
805d879dc0cf	0.06608439733031304	0.25094701019234067	0.29248396529100307	0.22673840454420918	0.3037149676410264	0.038461538461538464	0.0056179775280898875	0.03225806451612903	0.830124569620279	0	0.07142857142857142
f2258c95c059	0.0	0.0	0.03639918008035379	0.0	0.0631771468021822	0.030581039755351678	0.006024096385542169	0.8870967741935485	0.24307555138436987	0	0.047619047619047616
2ab7ae4404f5	0.0	0.08938912861378186	0.16803434660440356	0.15303776336186264	0.1001334085840143	0.1	0.07692307692307693	0.04838709677419355	1.0	1	1.0
44d072dbe69f	0.06608439733031304	0.20755512910583993	0.3322711483513144	0.25947295739859916	0.34896288456876257	0.022222222222222223	0.004761904761904762	0.016129032258064516	0.830124569620279	0	0.3333333333333333
8564e5cdb18a	0.0	0.0	0.1808807130935711	0.15303776336186264	0.14669279211481012	0.09090909090909091	0.011494252873563218	0.016129032258064516	1.0	0	0.047619047619047616
dabaacb8e0c2	0.11297202341832605	0.19396770503618765	0.4064139661289901	0.4059276636691618	0.0631771468021822	0.014285714285714285	0.011764705882352941	0.016129032258064516	0.5368943496508024	0	1.0
7cc9a4f70281	0.0	0.35346216255331403	0.48798875492228544	0.4379956777182098	0.48153948673163544	0.058823529411764705	0.006289308176100629	0.04838709677419355	1.0	0	1.0
f9500015840d	0.5037910132531164	0.6600228926460963	0.6162671596095013	0.5574445982314135	0.6222078973068437	0.027522935779816512	0.004830917874396135	0.04838709677419355	0.830124569620279	0	0.05263157894736842
7c8dfce1e51b	0.0	0.08938912861378186	0.1350231695040073	0.0822567773113617	0.14669279211481012	0.027777777777777776	0.004201680672268907	0.016129032258064516	1.0	0	1.0
2ac68f59b417	0.0	0.2413899532786789	0.29913674347060804	0.2543417618564522	0.2857857377665804	0.06382978723404256	0.006944444444444444	0.04838709677419355	1.0	0	1.0
8c9940673a65	0.3980639238155956	0.45476387023436265	0.4403535012841779	0.37611151694339084	0.44975438522753747	0.01639344262295082	0.006666666666666667	0.016129032258064516	0.830124569620279	0	0.5
a239f9ec0c0e	0.8182760208839162	0.8409074680823564	0.9499762973278433	0.9499769168285749	0.0	0.06097560975609757	0.004424778761061947	0.5806451612903225	0.7326214192552911	0	1.0
acb14eef2d73	0.11297202341832605	0.32045667405254846	0.3893647654986319	0.3407266909519464	0.38047601542043563	0.03614457831325301	0.007407407407407408	0.04838709677419355	0.5074949309557394	0	1.0
59885f62109a	0.17905642074863906	0.3032362984035436	0.36373450393816925	0.3152366395650962	0.35472134807332406	0.03007518796992481	0.009708737864077669	0.1935483870967742	0.830124569620279	0	1.0
cff59ab75a95	0.06608439733031304	0.3403361388061225	0.45836799534275946	0.45419212348985394	0.2527085872087288	0.03125	0.010752688172043012	0.016129032258064516	1.0	0	1.0
fae49fe4100a	0.0	0.052289288211202906	0.1866744280298992	0.16084890366004248	0.14669279211481012	0.023076923076923075	0.005747126436781609	0.04838709677419355	0.830124569620279	0	0.3333333333333333
b8a36b28ddde	0.14934089169295822	0.4098458026663303	0.4742807212704239	0.4156296467452772	0.4782418790388466	0.03125	0.003663003663003663	0.016129032258064516	1.0	0	0.16666666666666666
68e187b6cabc	0.06608439733031304	0.16155788157855885	0.2711478426908739	0.21108644251844974	0.2774940826206763	0.02857142857142857	0.0036900369003690036	0.016129032258064516	1.0	0	1.0
1299755a9055	0.8643547908306891	0.9381706730039311	0.9849212902870814	0.9226939970348417	1.0	0.027777777777777776	0.0036231884057971015	0.016129032258064516	1.0	0	1.0
fd61014f23f8	0.11297202341832605	0.16155788157855885	0.36903900009503976	0.2431056809714042	0.4131253961721554	0.025	0.003676470588235294	0.016129032258064516	1.0	0	0.5
06226bd35247	0.24514081807895213	0.19396770503618765	0.3111240467164987	0.22673840454420918	0.33622423252135675	0.07142857142857142	0.00625	0.04838709677419355	1.0	0	0.5
25fb75d5ed7b	0.0	0.08938912861378186	0.24310552243687084	0.21526261328334842	0.2002668171680286	0.07317073170731708	0.023809523809523808	0.04838709677419355	1.0	0	0.3333333333333333
d31028169722	0.2623129151112843	0.4015228341420275	0.5601109087173085	0.5601112739781247	0.0	0.02564102564102564	0.0196078431372549	0.016129032258064516	1.0	0	1.0
5b47d761d33c	0.17905642074863906	0.20755512910583993	0.3547087746343028	0.35028587083897605	0.1633105553861965	0.09507042253521127	0.045454545454545456	1.0	0.7326214192552911	1	0.018518518518518517
7439597802a3	0.06608439733031304	0.19396770503618765	0.2975191965758062	0.21526261328334842	0.3214113867723197	0.04	0.025	0.03225806451612903	1.0	0	0.16666666666666666
428c7d138e45	0.11297202341832605	0.33077908189246075	0.35556783787757956	0.28340860774971316	0.37164860351436985	0.07692307692307693	0.037037037037037035	0.016129032258064516	0.830124569620279	0	1.0
4737cd82c9eb	0.06608439733031304	0.42972526741990447	0.6104609495205524	0.5483364103171593	0.6198039243813661	0.025	0.0036363636363636364	0.016129032258064516	1.0	0	1.0
6740d85a98b3	0.0	0.11816600049205804	0.16803434660440356	0.11246238877989302	0.17736067403666203	0.08681672025723472	0.058823529411764705	1.0	0.7326214192552911	1	0.5
5628706a2c7e	0.2623129151112843	0.42972526741990447	0.56455340792142	0.5527211306526693	0.4464153541028635	0.02702702702702703	0.011904761904761904	0.016129032258064516	1.0	0	1.0
68a1f4619812	0.4755504642001851	0.3615248661001558	0.40039351465970996	0.3097104962570064	0.4292518086234766	0.07142857142857142	0.05555555555555555	0.04838709677419355	1.0	1	0.14285714285714285
48cdcb685705	0.11297202341832605	0.2413899532786789	0.3300267458539839	0.3229360542951501	0.17736067403666203	0.07397260273972603	0.019230769230769232	1.0	0.7326214192552911	1	1.0
b6a993f10394	0.17905642074863906	0.2903294102274493	0.4231846996354073	0.41296297099856594	0.29338558422962024	0.02040816326530612	0.005988023952095809	0.016129032258064516	0.830124569620279	0	0.125
a9b382a169c9	0.14934089169295822	0.2759856130067989	0.42358636215720746	0.3826670915662682	0.40275680202390485	0.01694915254237288	0.005917159763313609	0.016129032258064516	0.830124569620279	0	0.125
e7f5a2bbb87b	0.0	0.3691130106843987	0.4912535301219329	0.44425751140975567	0.48060942400444995	0.045454545454545456	0.0044444444444444444	0.04838709677419355	1.0	0	1.0
180776201731	0.2920284441669651	0.4741003394381032	0.5813088150871166	0.5764055357755102	0.3872306129536544	0.03861003861003861	0.007751937984496124	0.5322580645161291	0.7326214192552911	0	0.3333333333333333
842dd205106a	0.06608439733031304	0.3956599494367154	0.5478353742265628	0.5478357314822291	0.0	0.05555555555555555	0.004081632653061225	0.04838709677419355	1.0	0	1.0
256a812570b2	0.11297202341832605	0.2759856130067989	0.4688810736594906	0.3311561769973047	0.5174097484404799	0.08333333333333333	0.004149377593360996	0.04838709677419355	1.0	0	0.047619047619047616
fc04748f8174	0.0	0.0	0.08225672366991757	0.0822567773113617	0.0	0.08333333333333333	0.03571428571428571	0.04838709677419355	1.0	0	0.16666666666666666
7a94213a56b4	0.06608439733031304	0.16155788157855885	0.36373450393816925	0.2666585099219055	0.3959176932594214	0.1	0.041666666666666664	0.016129032258064516	0.830124569620279	0	1.0
f1ada0839f06	0.06608439733031304	0.26816738584134553	0.42478067809446846	0.42196909043768166	0.1895314404065466	0.020833333333333332	0.007633587786259542	0.016129032258064516	0.830124569620279	0	1.0
42fe82896e9c	0.20418054257991852	0.2759856130067989	0.43163097323793465	0.38877635184434883	0.41410022211038494	0.016129032258064516	0.005952380952380952	0.016129032258064516	0.830124569620279	0	1.0
493703d05279	0.6791005062725557	0.8309406848429126	0.8581113098000227	0.8580960291375812	0.1633105553861965	0.024844720496894408	0.0037735849056603774	0.06451612903225806	0.6647010817031233	0	1.0
073f60a98c45	0.06608439733031304	0.14167841682498472	0.2871494402247173	0.2666585099219055	0.21855701922275933	0.031007751937984496	0.00909090909090909	0.1935483870967742	0.830124569620279	0	1.0
a6b6e3cf36a4	0.8805509317854763	1.0	1.0	1.0	0.0631771468021822	0.040419161676646706	0.004329004329004329	1.0	0.19649904201920165	0	1.0
15df29c7d7db	0.17905642074863906	0.3149681328686091	0.485208001769834	0.4615747594784907	0.4233146637121721	0.014736842105263158	0.03333333333333333	0.11290322580645161	0.2977095698108656	0	0.5
a8863e38d9d9	0.0	0.16155788157855885	0.31787696034860546	0.3053305308928899	0.20986993891699235	0.03305785123966942	0.010309278350515464	0.1935483870967742	0.830124569620279	0	0.5
d4aea8918519	0.11297202341832605	0.41766402983178363	0.46717109007501156	0.40445193483653896	0.475317178173127	0.016666666666666666	0.006369426751592357	0.016129032258064516	0.830124569620279	0	1.0
144e1f70d7b3	0.0	0.19396770503618765	0.29248396529100307	0.2643266520013773	0.24682620069882444	0.02666666666666667	0.011627906976744186	0.16129032258064516	0.830124569620279	0	0.5
e04b56dad3ce	0.0	0.052289288211202906	0.16803434660440356	0.15303776336186264	0.1001334085840143	0.041841004184100423	0.00423728813559322	0.5322580645161291	0.7326214192552911	0	1.0
a3bcc6676c47	0.06608439733031304	0.20755512910583993	0.3475232267968525	0.3407266909519464	0.1895314404065466	0.028301886792452827	0.009615384615384616	0.04838709677419355	0.830124569620279	0	1.0
7a6fa0f8e860	0.3980639238155956	0.4789069051958307	0.49030556541181364	0.422781507587797	0.5032555231466126	0.04477611940298508	0.005	0.11290322580645161	0.6647010817031233	0	0.14285714285714285
4bcbfd0e4386	0.14934089169295822	0.3403361388061225	0.4578222707207731	0.45419212348985394	0.2405378208388442	0.036458333333333336	0.021739130434782608	0.4193548387096774	0.830124569620279	0	0.2
b2c397f51fb0	0.2920284441669651	0.4449147152285283	0.5692622111076858	0.5657954484662558	0.34491131282712373	0.02531645569620253	0.16666666666666666	0.16129032258064516	0.830124569620279	0	1.0
2728bff12ca2	0.14934089169295822	0.26816738584134553	0.40833428371166935	0.4059276636691618	0.1633105553861965	0.043478260869565216	0.1111111111111111	0.03225806451612903	0.7326214192552911	0	0.1
3bba4cd96313	0.17905642074863906	0.19396770503618765	0.382032412356413	0.3668041506363452	0.2857857377665804	0.06369426751592357	0.5	0.40322580645161293	0.830124569620279	1	1.0
09914b7f0b81	0.3171525659982445	0.42262468958867977	0.5348962686549122	0.5010698384438396	0.5010413570247582	0.04	0.004310344827586207	0.016129032258064516	1.0	0	1.0
25901b86d2de	0.0	0.052289288211202906	0.2733111142076621	0.23025930610483455	0.25823423997013745	0.036458333333333336	0.003952569169960474	0.4193548387096774	0.830124569620279	0	0.06666666666666667
43df79412c67	0.6186046853956467	0.5795826424219426	0.6628712474087772	0.648837976810679	0.5602093706745065	0.038461538461538464	0.004166666666666667	0.016129032258064516	1.0	0	0.14285714285714285
4f7e74b1693c	0.6713378878609267	0.5810155599702417	0.49403880287675733	0.4319969231724721	0.5017854048822787	0.025	0.005405405405405406	0.016129032258064516	1.0	0	0.2
afa073274618	0.7661039283644008	0.8441891019595081	0.8869796960717886	0.8733079103306942	0.7853700477380463	0.016901408450704227	0.0038022813688212928	0.0967741935483871	0.5074949309557394	0	1.0
9eca54b3d126	0.06608439733031304	0.20755512910583993	0.2711478426908739	0.2569440160127405	0.17736067403666203	0.01694915254237288	0.005050505050505051	0.016129032258064516	0.7326214192552911	0	1.0
1635bfd3831c	0.0	0.17877825722756366	0.3253622461067884	0.3053305308928899	0.2527085872087288	0.04838709677419355	0.01098901098901099	0.04838709677419355	1.0	0	1.0
f1aaa871c14c	0.17905642074863906	0.20755512910583993	0.30681419075174	0.28896325446569493	0.22648770218837871	0.03305785123966942	0.017241379310344827	0.1935483870967742	0.830124569620279	0	1.0
8f492e69aa21	0.0	0.0	0.16084879876695327	0.12444969984297151	0.14669279211481012	0.036458333333333336	0.2	0.4193548387096774	0.830124569620279	0	0.25
9cd2476c33e0	0.14934089169295822	0.17877825722756366	0.2834084229327595	0.25947295739859916	0.22648770218837871	0.09090909090909091	0.00398406374501992	0.016129032258064516	0.7326214192552911	0	1.0
f7d5709ee3bd	0.0	0.0	0.06222480934329974	0.036399203817070964	0.0631771468021822	0.05442176870748299	1.0	0.3548387096774193	0.830124569620279	1	1.0
96d7b0b3803c	0.4755504642001851	0.515612970475485	0.6520708908133207	0.6484459609807361	0.4316824955080507	0.03225806451612903	0.015151515151515152	0.016129032258064516	1.0	0	1.0
a703b3780f60	0.2623129151112843	0.40435726148239093	0.5035702701553654	0.48439773495838523	0.4250508182313436	0.07692307692307693	0.0040650406504065045	0.04838709677419355	1.0	0	1.0
30b89717bac5	0.0	0.0	0.03639918008035379	0.0	0.0631771468021822	0.0392156862745098	0.02702702702702703	0.14516129032258063	0.6129557746355119	1	1.0
fc2f87a798bb	0.11297202341832605	0.14167841682498472	0.26665833602805705	0.23691208862286453	0.22648770218837871	0.02857142857142857	0.009433962264150943	0.016129032258064516	0.830124569620279	0	1.0
04b13382be1d	0.14934089169295822	0.2598444173170428	0.2733111142076621	0.2643266520013773	0.14669279211481012	0.012738853503184714	0.0038314176245210726	0.06451612903225806	0.830124569620279	0	0.5
8559551465d2	0.9771239714375873	0.9192997660272638	0.9469898526770555	0.9469904702302598	0.0	0.0621301775147929	0.010416666666666666	0.7580645161290323	0.3420714430385838	1	1.0
6d1de89ec39b	0.11297202341832605	0.17877825722756366	0.16803434660440356	0.1444816272328475	0.1263542936043644	0.057971014492753624	0.02564102564102564	0.25806451612903225	1.0	1	0.1
ebfaf27aee27	0.14934089169295822	0.17877825722756366	0.29248396529100307	0.285298603503014	0.14669279211481012	0.041841004184100423	0.004347826086956522	0.5322580645161291	0.7326214192552911	0	0.3333333333333333
dc289925d4d5	0.3980639238155956	0.4865399761879694	0.5558971977364213	0.5251025565453391	0.5151981408206787	0.08333333333333333	0.004048582995951417	0.04838709677419355	1.0	0	0.058823529411764705
022463076c19	0.14934089169295822	0.45664654969359386	0.5289012897711829	0.4731345081758211	0.5302026698294051	0.01694915254237288	0.00641025641025641	0.016129032258064516	0.830124569620279	0	1.0
11707f6c16f9	0.06608439733031304	0.3448615593629846	0.3966856131715804	0.34752345342449975	0.38852347656524444	0.036458333333333336	0.004219409282700422	0.4193548387096774	0.830124569620279	0	0.05263157894736842
4d9c92199632	0.5310181859142654	0.6007931998053314	0.5523395746325763	0.4858114883088076	0.5651476184615233	0.025	0.0049504950495049506	0.016129032258064516	1.0	0	0.09090909090909091
d7a3a55ba8db	0.06608439733031304	0.33077908189246075	0.4432970903671096	0.4416739811001098	0.1633105553861965	0.02631578947368421	0.013513513513513514	0.17741935483870966	0.830124569620279	0	1.0
9362087a438a	0.17905642074863906	0.39862470650273474	0.59387348393237	0.3899498519847272	0.6562852930198558	0.06666666666666667	0.013333333333333334	0.016129032258064516	1.0	0	1.0
ebd3b0ceb37a	0.880917600506931	0.7961791889997339	0.8423923572835764	0.8376743442782604	0.6476594091957418	0.023809523809523808	0.004366812227074236	0.016129032258064516	0.6129557746355119	0	1.0
60d57bf5df89	0.06608439733031304	0.2598444173170428	0.3386861212955405	0.33764850999558577	0.0631771468021822	0.041841004184100423	0.005813953488372093	0.5322580645161291	0.7326214192552911	0	0.16666666666666666
0a2fb38ec08a	0.3171525659982445	0.4071307286455093	0.5295191271986214	0.4931202686927836	0.5010413570247582	0.023809523809523808	0.004	0.016129032258064516	0.830124569620279	0	1.0
9ca825acc305	0.11297202341832605	0.19396770503618765	0.2795047025172246	0.2619326039277545	0.2002668171680286	0.01694915254237288	0.0064516129032258064	0.016129032258064516	0.830124569620279	0	0.2
a5aa40c05edd	0.5000440855239167	0.6395629561582741	0.7075388559908385	0.7074545233159374	0.1633105553861965	0.013986013986013986	0.003745318352059925	0.06451612903225806	0.830124569620279	0	1.0
26fa6b6d64a8	0.2623129151112843	0.2310675454387666	0.3253622461067884	0.2666585099219055	0.3291184000394623	0.037037037037037035	0.0038910505836575876	0.016129032258064516	1.0	0	0.25
622b14c530f6	0.4050004675852912	0.4741003394381032	0.5900031618668092	0.589436765824515	0.20986993891699235	0.1	0.00392156862745098	0.016129032258064516	0.5714147953641597	0	1.0
19bcb5a6573d	0.11297202341832605	0.28335683364996944	0.32772478834659746	0.28714962748127176	0.30691337849138584	0.013422818791946308	0.007194244604316547	0.06451612903225806	0.830124569620279	0	1.0
1d2c3fca8353	0.14934089169295822	0.17877825722756366	0.2907407760749784	0.2733112924399355	0.20986993891699235	0.0392156862745098	0.012048192771084338	0.14516129032258063	0.6129557746355119	1	1.0
02f4dd6a2c74	0.3171525659982445	0.3653747416205808	0.5132257170013834	0.5060035789568714	0.3528419957927431	0.025	0.004484304932735426	0.016129032258064516	0.830124569620279	0	1.0
d03eac1e5a42	0.11297202341832605	0.19396770503618765	0.25947278819060676	0.22673840454420918	0.22648770218837871	0.02531645569620253	0.020833333333333332	0.16129032258064516	0.830124569620279	0	0.3333333333333333
2250f3fb4c63	0.06608439733031304	0.08938912861378186	0.2110863048643623	0.1972481074771134	0.1263542936043644	0.018867924528301886	0.004739336492890996	0.016129032258064516	0.830124569620279	0	0.5
3bede0725dfe	0.0	0.052289288211202906	0.1530376635625889	0.15303776336186264	0.0	0.10505836575875485	0.047619047619047616	1.0	1.0	1	0.3333333333333333
3fa8268540a1	0.3171525659982445	0.40435726148239093	0.49709438153813623	0.48798907315063655	0.35656273103180247	0.03007518796992481	0.0038461538461538464	0.1935483870967742	0.830124569620279	0	0.16666666666666666
8cc54be85825	0.0	0.08938912861378186	0.20210167028488468	0.1921169119349664	0.1001334085840143	0.014705882352941176	0.004608294930875576	0.016129032258064516	0.7326214192552911	0	0.2
a43d3b308c6a	0.06608439733031304	0.2310675454387666	0.30072565970853826	0.268931327075819	0.2634439639702108	0.02564102564102564	0.01282051282051282	0.03225806451612903	0.830124569620279	0	0.5
cdba21b47239	0.14934089169295822	0.20755512910583993	0.32655128897148417	0.3265515019228631	0.0	0.027777777777777776	0.0078125	0.016129032258064516	1.0	0	1.0
b18dcbf17740	0.0	0.0	0.0	0.0	0.0	0.0	0.0	0.0	0.0	0	0.0
efe0d828766c	0.0	0.14167841682498472	0.37193510363131554	0.3111242496074288	0.37762749120469064	0.0392156862745098	0.004651162790697674	0.12903225806451613	0.7326214192552911	0	1.0
d6323cdb74c5	0.20418054257991852	0.29694425771962174	0.4092792547936479	0.4083345499955632	0.1001334085840143	0.05442176870748299	0.014285714285714285	0.3548387096774193	0.830124569620279	1	0.2
72708eba14b8	0.06608439733031304	0.19396770503618765	0.33971209159248816	0.2619326039277545	0.3601375169099899	0.03125	0.0037313432835820895	0.016129032258064516	1.0	0	1.0
fcb697bbaa80	0.4882569619479364	0.5412764204197901	0.5034057028794717	0.4416739811001098	0.5109428271788663	0.037037037037037035	0.0049261083743842365	0.03225806451612903	1.0	0	0.2
f2c594676f5d	0.0	0.3032362984035436	0.342721471388412	0.2814779638261902	0.34896288456876257	0.058823529411764705	0.03225806451612903	0.04838709677419355	1.0	0	1.0
74a7ac1e7541	0.38323696332855756	0.4585021392981806	0.5868731402467455	0.5866782967522381	0.1263542936043644	0.06153846153846154	0.008928571428571428	0.1935483870967742	0.830124569620279	0	1.0
cf0d857f3696	0.06608439733031304	0.2310675454387666	0.4097480361401522	0.406414231160602	0.1895314404065466	0.08333333333333333	0.0041841004184100415	0.04838709677419355	1.0	0	1.0
0a031da99b41	0.11297202341832605	0.19396770503618765	0.33659831966454223	0.32888335984339123	0.1895314404065466	0.0625	0.004132231404958678	0.04838709677419355	1.0	0	1.0
75895c329e95	0.17905642074863906	0.2598444173170428	0.34467310094345616	0.32888335984339123	0.2527085872087288	0.08333333333333333	0.004291845493562232	0.04838709677419355	1.0	0	0.25
bbbbb1aa15b5	0.14934089169295822	0.37274596226375134	0.4489096318335495	0.444891941487754	0.2405378208388442	0.02666666666666667	0.010869565217391304	0.16129032258064516	0.830124569620279	0	1.0
870bdb7ff9c8	0.11297202341832605	0.2413899532786789	0.35384141113454926	0.346583429312739	0.2002668171680286	0.031545741324921134	0.004524886877828055	0.8870967741935485	0.24307555138436987	0	1.0
46e62ca0de5b	0.06608439733031304	0.25094701019234067	0.3529655854182781	0.34752345342449975	0.17736067403666203	0.027522935779816512	0.007352941176470588	0.04838709677419355	0.830124569620279	0	0.041666666666666664
a5addb20f14b	0.06608439733031304	0.2310675454387666	0.36903900009503976	0.36528256366046225	0.1633105553861965	0.020833333333333332	0.023255813953488372	0.016129032258064516	0.830124569620279	0	0.5
07de5a904de1	0.14934089169295822	0.16155788157855885	0.32169759753390653	0.3097104962570064	0.20986993891699235	0.037037037037037035	0.004629629629629629	0.12903225806451613	0.7326214192552911	0	1.0
3fd863e8ce59	0.06608439733031304	0.14167841682498472	0.3311559610431165	0.25947295739859916	0.3469596092828387	0.027586206896551724	0.024390243902439025	0.1935483870967742	0.830124569620279	0	0.07142857142857142
b80cd8d87227	0.06608439733031304	0.16155788157855885	0.41021438224790097	0.36528256366046225	0.3959176932594214	0.038461538461538464	0.015873015873015872	0.016129032258064516	1.0	1	1.0
737052fdf35b	0.3171525659982445	0.2413899532786789	0.42712267414803223	0.42398651202132265	0.2002668171680286	0.024390243902439025	0.00980392156862745	0.016129032258064516	0.7326214192552911	0	1.0
4e7f6df10678	0.0	0.052289288211202906	0.21526247290588865	0.21108644251844974	0.0631771468021822	0.09090909090909091	0.012658227848101266	0.016129032258064516	0.7326214192552911	0	0.09090909090909091
fe15228c9896	0.11297202341832605	0.3797185388412312	0.45362003285944397	0.44799853114131427	0.2730470857191745	0.025974025974025976	0.009259259259259259	0.16129032258064516	0.830124569620279	0	0.25
bf830d95f761	0.0	0.0	0.12444961868659946	0.11246238877989302	0.0631771468021822	0.017241379310344827	0.008333333333333333	0.016129032258064516	0.830124569620279	0	0.16666666666666666
75e1557189bb	0.0	0.11816600049205804	0.16084879876695327	0.15303776336186264	0.0631771468021822	0.02857142857142857	0.00558659217877095	0.016129032258064516	0.830124569620279	0	0.022727272727272728
a31abe20eaad	0.11297202341832605	0.3956599494367154	0.4286507352776374	0.4134129543086664	0.3315490869240364	0.022058823529411763	0.009900990099009901	0.04838709677419355	0.830124569620279	0	0.3333333333333333
dfd114b082c8	0.0	0.14167841682498472	0.1808807130935711	0.17468723870137876	0.0631771468021822	0.07692307692307693	0.004405286343612335	0.016129032258064516	0.5074949309557394	0	1.0
946fd0cc791b	0.0	0.052289288211202906	0.03639918008035379	0.0	0.0631771468021822	0.0449438202247191	0.010526315789473684	0.1935483870967742	0.830124569620279	0	1.0
8d3383935a74	0.20418054257991852	0.3448615593629846	0.41736414319077336	0.3972250415423424	0.34281592499532165	0.043478260869565216	0.008695652173913044	0.03225806451612903	0.7326214192552911	0	1.0
9bfca09c3c53	0.5840568883339302	0.6113504670300618	0.5451858549904106	0.47290343602146634	0.5629016233450879	0.038461538461538464	0.004975124378109453	0.03225806451612903	0.830124569620279	0	0.5
df30ea9c92a5	0.0	0.052289288211202906	0.21526247290588865	0.16084890366004248	0.21855701922275933	0.017241379310344827	0.007246376811594203	0.016129032258064516	0.830124569620279	0	1.0
f24c3d8638cb	0.2623129151112843	0.4098458026663303	0.5154135935406252	0.4940391250504796	0.4457326141585162	0.04	0.006711409395973154	0.03225806451612903	1.0	0	0.14285714285714285
8870deb3cd89	0.7192163022763876	0.7432839736633603	0.733626838882853	0.6902862430604149	0.720577898491306	0.030581039755351678	0.004878048780487805	0.8870967741935485	0.24307555138436987	0	0.25
1482584928f5	0.2920284441669651	0.2310675454387666	0.4278899559459768	0.4235866383873218	0.22648770218837871	0.02631578947368421	0.007936507936507936	0.016129032258064516	1.0	0	0.2
3b2a90971455	0.0	0.2759856130067989	0.223073608110253	0.2067064771543332	0.14669279211481012	0.016260162601626018	0.005681818181818182	0.06451612903225806	0.6647010817031233	0	0.05
a50cdaf71385	0.0	0.17877825722756366	0.2834084229327595	0.2431056809714042	0.2634439639702108	0.04040404040404041	0.0045662100456621	0.12903225806451613	0.7326214192552911	0	1.0
ff7dbfba4a51	0.3669249431097742	0.16155788157855885	0.4290287207786332	0.36295070573993404	0.4400783763444305	0.023255813953488372	0.0125	0.016129032258064516	1.0	1	1.0
f15277be8b1c	0.41804616249593934	0.37274596226375134	0.5071164607072851	0.4413457486232843	0.5186498404460089	0.043010752688172046	0.004784688995215311	0.1935483870967742	0.6647010817031233	0	0.0625
dd2c4de0cdb1	0.14934089169295822	0.16155788157855885	0.38329681951029215	0.3832970694666971	0.0	0.05442176870748299	0.016129032258064516	0.3548387096774193	0.830124569620279	1	0.25
a90ae029cad6	0.06608439733031304	0.11816600049205804	0.1746871247840085	0.16084890366004248	0.1001334085840143	0.09507042253521127	0.25	1.0	0.7326214192552911	1	0.06666666666666667
eaf43055f658	0.816110086311535	0.7015815654631168	0.7270539814176639	0.653475242730424	0.7484385369017538	0.025	0.00510204081632653	0.016129032258064516	0.7326214192552911	0	0.5
bbac3d3dec30	0.14934089169295822	0.3492335459308247	0.43731011071919407	0.422781507587797	0.33622423252135675	0.030581039755351678	0.0043859649122807015	0.8870967741935485	0.24307555138436987	0	0.1111111111111111
6cd3cdf49d80	0.22594404683665206	0.42016821050624265	0.4476923735378234	0.4251755556614198	0.3818675746089558	0.027586206896551724	0.0070921985815602835	0.1935483870967742	0.830124569620279	0	1.0
a18a8443ca29	0.11297202341832605	0.052289288211202906	0.1746871247840085	0.16084890366004248	0.1001334085840143	0.047619047619047616	0.005376344086021506	0.04838709677419355	1.0	0	1.0
d01c9a7b8d5b	0.0	0.052289288211202906	0.2460491115198026	0.2021018020798915	0.2337832233056255	0.045454545454545456	0.01639344262295082	0.04838709677419355	1.0	0	1.0
1c6ed0c751b3	0.0	0.052289288211202906	0.240062131871887	0.1972481074771134	0.22648770218837871	0.09507042253521127	0.1	1.0	0.7326214192552911	1	0.125
8c31110375c5	0.913657041496575	0.829080634531919	0.8781007659745617	0.8689093554294399	0.7424025860712729	0.04366812227074236	0.00390625	0.5322580645161291	0.45955041386835127	0	1.0
8158aadd04cf	0.0	0.052289288211202906	0.2889630660264346	0.2619326039277545	0.2405378208388442	0.0136986301369863	0.007518796992481203	0.016129032258064516	0.830124569620279	0	1.0
9506818a964f	0.06608439733031304	0.16155788157855885	0.1350231695040073	0.12444969984297151	0.0631771468021822	0.017241379310344827	0.005076142131979695	0.016129032258064516	0.7326214192552911	0	1.0
917a3b0e6eb2	0.0	0.052289288211202906	0.03639918008035379	0.0	0.0631771468021822	0.035398230088495575	0.010638297872340425	0.1935483870967742	0.830124569620279	0	1.0
a53b695cf57b	0.20418054257991852	0.25094701019234067	0.44799823899167057	0.4386757679587653	0.31000334750100667	0.05442176870748299	0.016666666666666666	0.3548387096774193	0.830124569620279	1	0.3333333333333333
be3686c05545	0.17905642074863906	0.19396770503618765	0.29913674347060804	0.2941941407259178	0.1263542936043644	0.08928571428571429	0.022727272727272728	0.08064516129032258	0.7326214192552911	1	1.0
5bafad827a5e	0.3669249431097742	0.43645520751459366	0.5194980176560676	0.5061634569731308	0.4111438973422875	0.04615384615384615	0.003937007874015748	0.04838709677419355	0.5368943496508024	0	0.25
473e0412d9f3	0.06608439733031304	0.3492335459308247	0.4567207670379138	0.40927952169377846	0.4464153541028635	0.027522935779816512	0.008064516129032258	0.04838709677419355	0.830124569620279	0	0.029411764705882353
d5e354ff2378	0.0	0.28335683364996944	0.38392240687720625	0.3826670915662682	0.1001334085840143	0.047058823529411764	0.009174311926605505	0.1935483870967742	0.830124569620279	0	1.0
