revisions	files	functions	lines	addLines	deleteLines	pos	time	rf	ibf	isComponent	distance
2cf8af195faf	0.0	0.0	0.09862398942365351	0.0822567773113617	0.0631771468021822	0.06666666666666667	0.05	1.0	1.0	0	0.25
6c08609a8a8b	0.22594404683665206	0.3797185388412312	0.471972845483452	0.41906629538333917	0.469170218599686	1.0	1.0	1.0	1.0	1	1.0
f66af0ea18b8	0.3171525659982445	0.4098458026663303	0.5650521393367227	0.5313478754769301	0.5312813256893121	0.16666666666666666	0.1111111111111111	1.0	0.5714147953641597	0	0.5
a6b6e3cf36a4	0.8805509317854763	1.0	1.0	1.0	0.0631771468021822	0.1	0.029411764705882353	1.0	0.19649904201920165	0	1.0
95ef737376d2	0.06608439733031304	0.16155788157855885	0.22673825668313485	0.2067064771543332	0.1633105553861965	0.125	0.1	1.0	0.6647010817031233	0	0.3333333333333333
26eb0ac12e3c	0.3171525659982445	0.43645520751459366	0.5636318079818768	0.56363217553875	0.0	0.07142857142857142	0.034482758620689655	1.0	1.0	1	1.0
7ee2469bbf78	0.11297202341832605	0.21984644927517105	0.2460491115198026	0.23025930610483455	0.1633105553861965	0.125	0.0625	1.0	0.6647010817031233	0	1.0
bb5436a892c1	0.0	0.0	0.0	0.0	0.0	0.0	0.0	0.0	0.0	0	0.0
ac8b09b99c40	0.0	0.11816600049205804	0.1808807130935711	0.16803445618334878	0.1001334085840143	0.16666666666666666	0.09090909090909091	1.0	0.5714147953641597	0	1.0
18c67f102f36	0.06608439733031304	0.19396770503618765	0.3022869412151867	0.2754236600741	0.2527085872087288	0.043478260869565216	0.041666666666666664	1.0	0.830124569620279	0	0.5
b3dcb286377d	0.11297202341832605	0.26816738584134553	0.4097480361401522	0.3572619215579765	0.4059930717975038	0.058823529411764705	0.02857142857142857	1.0	1.0	0	1.0
9744ec677e72	0.17905642074863906	0.3092355778889529	0.3972247825032021	0.36604658088821196	0.35656273103180247	0.16666666666666666	0.14285714285714285	1.0	0.5714147953641597	0	0.3333333333333333
8870deb3cd89	0.7192163022763876	0.7432839736633603	0.733626838882853	0.6902862430604149	0.720577898491306	0.043478260869565216	0.03571428571428571	1.0	0.24307555138436987	0	0.25
bb276c9cffeb	0.2778469664164643	0.46910766745501303	0.5121861686322841	0.5093026398385373	0.2730470857191745	0.06666666666666667	0.037037037037037035	1.0	0.830124569620279	0	1.0
0a5c9092b3c6	0.0	0.052289288211202906	0.346583203298102	0.285298603503014	0.3528419957927431	0.125	0.045454545454545456	1.0	0.7326214192552911	0	0.125
6c563c769572	0.17905642074863906	0.25094701019234067	0.31388646232954215	0.285298603503014	0.26837194012185417	0.3333333333333333	0.07142857142857142	1.0	0.6647010817031233	0	0.3333333333333333
1cbaa32947ef	0.06608439733031304	0.08938912861378186	0.1530376635625889	0.11246238877989302	0.14669279211481012	0.16666666666666666	0.5	1.0	0.5714147953641597	0	0.05263157894736842
cd25567cede7	0.06608439733031304	0.2903294102274493	0.382032412356413	0.372645005861498	0.24682620069882444	0.16666666666666666	0.25	1.0	0.5714147953641597	0	0.058823529411764705
f523a1101c52	0.14934089169295822	0.2759856130067989	0.4639063148753641	0.34272169488472753	0.5071801956594144	0.3333333333333333	0.05263157894736842	1.0	0.7326214192552911	0	1.0
72b9554c41af	0.11297202341832605	0.052289288211202906	0.3300267458539839	0.036399203817070964	0.3959176932594214	0.125	0.2	1.0	0.7326214192552911	0	0.037037037037037035
90e7fafc040b	0.2623129151112843	0.3575565144551274	0.4305249458117773	0.4138606933036529	0.34067122942285855	0.125	0.058823529411764705	1.0	0.7326214192552911	0	0.06666666666666667
0001c5cf49d5	0.0	0.0	0.08225672366991757	0.0	0.1263542936043644	0.07692307692307693	0.047619047619047616	1.0	1.0	1	0.5
14230dc08955	0.0	0.08938912861378186	0.14448153301321734	0.0986240537385567	0.14669279211481012	0.3333333333333333	0.08333333333333333	1.0	0.7326214192552911	0	0.14285714285714285
9133807c4acb	0.14934089169295822	0.3149681328686091	0.36977183211452735	0.35641899064740357	0.2634439639702108	0.07692307692307693	0.03125	1.0	1.0	1	1.0
b4085d2e2003	0.3283973124415973	0.4621350908775332	0.4700828509626587	0.4247809551034229	0.45669613961581673	0.05	0.04	1.0	0.830124569620279	0	1.0
bbac3d3dec30	0.14934089169295822	0.3492335459308247	0.43731011071919407	0.422781507587797	0.33622423252135675	0.04	0.030303030303030304	1.0	0.24307555138436987	0	0.1111111111111111
b8c63a046f4e	0.20418054257991852	0.38951777658204884	0.48759673934798464	0.4705593999170489	0.3994013793235389	0.043478260869565216	0.03333333333333333	1.0	0.830124569620279	0	1.0
7606620a81fa	0.14934089169295822	0.20755512910583993	0.3165664053379244	0.3082741218954018	0.17736067403666203	0.25	0.3333333333333333	1.0	0.6129557746355119	0	1.0
eaf0e76adf73	0.11297202341832605	0.2759856130067989	0.2619324331157728	0.2431056809714042	0.1895314404065466	0.3333333333333333	0.07692307692307693	1.0	0.7326214192552911	0	0.5
219a0ffbcdf1	0.20418054257991852	0.39862470650273474	0.47894233684149795	0.47336498707623875	0.29696037010780774	0.16666666666666666	0.16666666666666666	1.0	0.5368943496508024	0	0.043478260869565216
870bdb7ff9c8	0.11297202341832605	0.2413899532786789	0.35384141113454926	0.346583429312739	0.2002668171680286	0.041666666666666664	0.03225806451612903	1.0	0.24307555138436987	0	1.0
bf87780d7374	0.2623129151112843	0.3092355778889529	0.4312638094383395	0.38818379865398855	0.41410022211038494	0.125	0.05555555555555555	1.0	0.7326214192552911	0	0.2
ca9f6a9aad09	0.3581128414972781	0.3797185388412312	0.5146902099015025	0.47518782092005174	0.49201746327576296	0.16666666666666666	0.06666666666666667	1.0	0.5714147953641597	0	0.5
493703d05279	0.6791005062725557	0.8309406848429126	0.8581113098000227	0.8580960291375812	0.1633105553861965	0.0625	0.027777777777777776	1.0	0.6647010817031233	0	1.0
f2258c95c059	0.0	0.0	0.03639918008035379	0.0	0.0631771468021822	0.04	0.043478260869565216	1.0	0.24307555138436987	0	0.047619047619047616
8aac0154970d	0.20418054257991852	0.3032362984035436	0.35892416986625436	0.3111242496074288	0.34896288456876257	0.125	0.125	1.0	0.6647010817031233	0	0.07692307692307693
