revisions	files	functions	lines	addLines	deleteLines	pos	time	rf	ibf	isComponent	distance
4f31df7b30bb	0.4518880936733042	0.4707934594675118	0.5224771316400801	0.4671713947276991	0.5231554705797604	0.25	0.05555555555555555	1.0	1.0	0	1.0
f66af0ea18b8	0.3171525659982445	0.4098458026663303	0.5650521393367227	0.5313478754769301	0.5312813256893121	0.05555555555555555	0.0625	1.0	0.5714147953641597	0	0.5
44a4cf43ec91	0.5459813638584133	0.5213969556662159	0.5879072357574254	0.4747355706819476	0.6297919254157326	0.16666666666666666	0.03333333333333333	1.0	1.0	1	0.14285714285714285
ac8b09b99c40	0.0	0.11816600049205804	0.1808807130935711	0.16803445618334878	0.1001334085840143	0.05555555555555555	0.058823529411764705	1.0	0.5714147953641597	0	1.0
8704804c47ad	0.0	0.2310675454387666	0.3152364339923866	0.2569440160127405	0.31869042780677365	0.047619047619047616	0.027777777777777776	1.0	0.830124569620279	0	0.05555555555555555
ba9fd7dd4576	0.7396159142397352	0.747270728626659	0.7823707068483857	0.7575343746537336	0.7281185971906504	0.14285714285714285	0.05	1.0	0.830124569620279	1	1.0
4bee0a9d84a8	0.0	0.14167841682498472	0.21526247290588865	0.18667454976445727	0.17736067403666203	0.1	0.16666666666666666	1.0	1.0	0	0.3333333333333333
1cbaa32947ef	0.06608439733031304	0.08938912861378186	0.1530376635625889	0.11246238877989302	0.14669279211481012	0.05555555555555555	0.3333333333333333	1.0	0.5714147953641597	0	0.05263157894736842
51dcaa96f4d9	0.0	0.0	0.1866744280298992	0.1350232575556277	0.1895314404065466	0.07142857142857142	0.04	1.0	0.830124569620279	0	0.5
7fd6ba9bcb96	0.0	0.0	0.23364715892766083	0.18667454976445727	0.22648770218837871	0.1111111111111111	0.14285714285714285	1.0	1.0	0	0.016129032258064516
cd25567cede7	0.06608439733031304	0.2903294102274493	0.382032412356413	0.372645005861498	0.24682620069882444	0.05555555555555555	0.2	1.0	0.5714147953641597	0	0.058823529411764705
c1b97f227c17	0.0	0.0	0.1746871247840085	0.16084890366004248	0.1001334085840143	0.1111111111111111	0.029411764705882353	1.0	1.0	0	0.047619047619047616
89f71cf3d34d	0.0	0.0	0.16803434660440356	0.16084890366004248	0.0631771468021822	0.1111111111111111	0.06666666666666667	1.0	1.0	0	1.0
6e1cdc178209	0.06608439733031304	0.052289288211202906	0.21526247290588865	0.1921169119349664	0.1633105553861965	0.125	0.023255813953488372	1.0	1.0	1	0.2
9cfe93113935	0.06608439733031304	0.19396770503618765	0.19724797884730702	0.16803445618334878	0.1633105553861965	0.1	0.043478260869565216	1.0	1.0	0	0.2
c9f7c16a0b71	0.06608439733031304	0.16155788157855885	0.223073608110253	0.18088083104991842	0.20986993891699235	0.07142857142857142	0.037037037037037035	1.0	0.830124569620279	0	1.0
20e740a2b4f2	0.0	0.14167841682498472	0.30827392086310235	0.29248415602632033	0.21855701922275933	0.2	0.02127659574468085	1.0	1.0	1	1.0
baf63f6cd06c	0.0	0.11816600049205804	0.21526247290588865	0.2067064771543332	0.1001334085840143	0.14285714285714285	0.07692307692307693	1.0	1.0	1	0.02631578947368421
219a0ffbcdf1	0.20418054257991852	0.39862470650273474	0.47894233684149795	0.47336498707623875	0.29696037010780774	0.05555555555555555	0.09090909090909091	1.0	0.5368943496508024	0	1.0
870bdb7ff9c8	0.11297202341832605	0.2413899532786789	0.35384141113454926	0.346583429312739	0.2002668171680286	0.043478260869565216	0.024390243902439025	1.0	0.24307555138436987	0	1.0
2e2856bbae1b	0.0	0.0	0.25947278819060676	0.1972481074771134	0.26837194012185417	0.1111111111111111	0.047619047619047616	1.0	1.0	0	0.125
fe5d08b521b6	0.0	0.11816600049205804	0.37264476285153675	0.3712200317770567	0.1001334085840143	0.1111111111111111	0.02857142857142857	1.0	1.0	0	0.5
4a9ffa2b3792	0.06608439733031304	0.052289288211202906	0.21526247290588865	0.2021018020798915	0.1263542936043644	0.047619047619047616	0.1111111111111111	1.0	0.830124569620279	0	0.16666666666666666
1610e23ca92b	0.11297202341832605	0.16155788157855885	0.4369654983042203	0.4177929196727829	0.35836764855415176	0.14285714285714285	0.02040816326530612	1.0	1.0	1	0.07692307692307693
93ecb234ad40	0.5543413592782493	0.6572913873004699	0.7475267129334384	0.7462037101757296	0.43786421022257593	0.045454545454545456	0.022727272727272728	1.0	0.830124569620279	0	1.0
a6b6e3cf36a4	0.8805509317854763	1.0	1.0	1.0	0.0631771468021822	0.25	0.022222222222222223	1.0	0.19649904201920165	0	1.0
794bb4ee379b	0.06608439733031304	0.28335683364996944	0.37611127167284186	0.33227136503274113	0.3601375169099899	0.06666666666666667	0.1	1.0	0.830124569620279	0	1.0
4b38c4442186	0.0	0.0	0.06222480934329974	0.036399203817070964	0.0631771468021822	0.1111111111111111	0.5	1.0	1.0	0	0.022727272727272728
bb5436a892c1	0.0	0.0	0.0	0.0	0.0	0.0	0.0	0.0	0.0	0	0.0
b15380c816e0	0.06608439733031304	0.14167841682498472	0.240062131871887	0.21526261328334842	0.1895314404065466	0.07692307692307693	0.030303030303030304	1.0	1.0	0	0.045454545454545456
9744ec677e72	0.17905642074863906	0.3092355778889529	0.3972247825032021	0.36604658088821196	0.35656273103180247	0.05555555555555555	0.08333333333333333	1.0	0.5714147953641597	0	0.3333333333333333
8870deb3cd89	0.7192163022763876	0.7432839736633603	0.733626838882853	0.6902862430604149	0.720577898491306	0.041666666666666664	0.025	1.0	0.24307555138436987	0	0.25
745dbf28ecc1	0.06608439733031304	0.14167841682498472	0.3311559610431165	0.3082741218954018	0.26837194012185417	0.1111111111111111	0.034482758620689655	1.0	1.0	0	0.07142857142857142
7620cf8ef36f	0.3669249431097742	0.43862267454460646	0.4841936246057054	0.4120561806379748	0.5010413570247582	0.125	0.02564102564102564	1.0	0.7326214192552911	0	0.5
5f4434682020	0.4116538068042425	0.4707934594675118	0.6353949478831278	0.6068404221089561	0.5899243096854525	0.1	0.03571428571428571	1.0	1.0	0	1.0
c48142fbb8bd	0.0	0.0	0.1921167866513249	0.18088083104991842	0.1001334085840143	0.07692307692307693	0.03125	1.0	1.0	0	1.0
8310b178c98f	0.0	0.3032362984035436	0.3857734296483708	0.3300269610717857	0.3859191463505947	0.1	0.125	1.0	1.0	0	0.14285714285714285
eaf43055f658	0.816110086311535	0.7015815654631168	0.7270539814176639	0.653475242730424	0.7484385369017538	0.25	0.02631578947368421	1.0	0.7326214192552911	0	0.25
bbac3d3dec30	0.14934089169295822	0.3492335459308247	0.43731011071919407	0.422781507587797	0.33622423252135675	0.041666666666666664	0.023809523809523808	1.0	0.24307555138436987	0	0.1111111111111111
1521cdc53e31	0.0	0.16155788157855885	0.33971209159248816	0.32044224164478247	0.2634439639702108	0.1	0.045454545454545456	1.0	1.0	0	1.0
58f2988b6311	0.0	0.17877825722756366	0.16803434660440356	0.12444969984297151	0.1633105553861965	0.07142857142857142	0.038461538461538464	1.0	0.830124569620279	0	0.09090909090909091
7606620a81fa	0.14934089169295822	0.20755512910583993	0.3165664053379244	0.3082741218954018	0.17736067403666203	0.0625	0.25	1.0	0.6129557746355119	0	1.0
b612a6628984	0.11297202341832605	0.11816600049205804	0.3529655854182781	0.31656661177793793	0.3240534661514722	0.125	0.021739130434782608	1.0	1.0	0	1.0
82ace56021b8	0.0	0.11816600049205804	0.1866744280298992	0.18088083104991842	0.0631771468021822	0.07692307692307693	0.07142857142857142	1.0	0.830124569620279	0	0.07142857142857142
b6c862445c1f	0.20418054257991852	0.17877825722756366	0.2711478426908739	0.2543417618564522	0.1895314404065466	0.125	0.0196078431372549	1.0	0.830124569620279	0	0.2
9280ba0cf471	0.14934089169295822	0.20755512910583993	0.43089513777496785	0.36136178846583605	0.445044721411138	0.14285714285714285	0.02	1.0	1.0	1	0.25
791a7b76cbe5	0.0	0.0	0.11246231544070878	0.06222484992148576	0.1263542936043644	0.1111111111111111	0.041666666666666664	1.0	1.0	0	0.02564102564102564
4eff597b3dc6	0.11297202341832605	0.08938912861378186	0.24889923737319897	0.2021018020798915	0.2405378208388442	0.06666666666666667	1.0	1.0	0.830124569620279	0	0.3333333333333333
63323195bc5c	0.0	0.0	0.03639918008035379	0.036399203817070964	0.0	0.14285714285714285	0.020833333333333332	1.0	1.0	1	0.022222222222222223
ca9f6a9aad09	0.3581128414972781	0.3797185388412312	0.5146902099015025	0.47518782092005174	0.49201746327576296	0.05555555555555555	0.05263157894736842	1.0	0.5714147953641597	0	0.5
8c31110375c5	0.913657041496575	0.829080634531919	0.8781007659745617	0.8689093554294399	0.7424025860712729	0.14285714285714285	0.019230769230769232	1.0	0.45955041386835127	1	0.5
f2258c95c059	0.0	0.0	0.03639918008035379	0.0	0.0631771468021822	0.041666666666666664	0.03225806451612903	1.0	0.24307555138436987	0	0.047619047619047616
