revisions	files	functions	lines	addLines	deleteLines	pos	time	rf	ibf	isComponent	distance
18191cbac7cc	0.0	0.0	0.08225672366991757	0.0822567773113617	0.0	0.125	0.05263157894736842	1.0	0.6129557746355119	0	0.14285714285714285
625c869b74a9	0.6375978536408947	0.6861471104514933	0.7473636995894627	0.7473641869620002	0.0	0.25	0.07142857142857142	1.0	1.0	1	1.0
a6b6e3cf36a4	0.8805509317854763	1.0	1.0	1.0	0.0631771468021822	0.16666666666666666	0.029411764705882353	1.0	0.19649904201920165	0	1.0
15df29c7d7db	0.17905642074863906	0.3149681328686091	0.485208001769834	0.4615747594784907	0.4233146637121721	0.0196078431372549	1.0	1.0	0.2977095698108656	0	0.5
f084174cf4ce	0.557035373968769	0.6119123905882309	0.5998624031791463	0.5319491602593552	0.6145822586378903	0.08333333333333333	0.030303030303030304	1.0	0.5074949309557394	0	0.14285714285714285
1681e9bf49ea	0.06608439733031304	0.3403361388061225	0.35726168857966106	0.30072585581844824	0.35836764855415176	0.125	0.04	1.0	0.6129557746355119	0	1.0
3a5627d9f9a9	0.17905642074863906	0.28335683364996944	0.240062131871887	0.1921169119349664	0.2337832233056255	0.037037037037037035	0.043478260869565216	1.0	1.0	0	1.0
d286c52c9e19	0.0	0.0	0.03639918008035379	0.0	0.0631771468021822	0.08333333333333333	0.25	1.0	1.0	1	0.2
0d0f2cff6ee4	0.06608439733031304	0.4250352504749542	0.4641617102790876	0.40244578470528286	0.47126560643148807	0.08333333333333333	0.14285714285714285	1.0	0.830124569620279	1	1.0
da4080f9a31b	0.17905642074863906	0.3032362984035436	0.37812869194087817	0.3712200317770567	0.21855701922275933	0.09090909090909091	0.047619047619047616	1.0	0.6129557746355119	0	0.5
4f0a34c170f2	0.20418054257991852	0.42016821050624265	0.5483360527349893	0.5483364103171593	0.0	0.020833333333333332	0.05	1.0	0.830124569620279	1	0.5
f67ba75f8e90	0.0	0.3653747416205808	0.35892416986625436	0.16084890366004248	0.4178984948755063	0.08333333333333333	0.3333333333333333	1.0	1.0	1	0.16666666666666666
342c8dc0fb10	0.06608439733031304	0.44075431402818516	0.41990501347752274	0.39110820976487704	0.37318049430318884	0.2	0.2	1.0	0.7326214192552911	1	1.0
2967401542eb	0.0	0.052289288211202906	0.11246231544070878	0.06222484992148576	0.1263542936043644	0.1111111111111111	0.1	1.0	0.6129557746355119	0	0.058823529411764705
0e1dbde05ef1	0.0	0.0	0.0	0.0	0.0	0.0	0.0	0.0	0.0	0	0.0
b18dcbf17740	0.0	0.0	0.0	0.0	0.0	0.0	0.0	0.0	0.0	0	0.0
d0216ad21b66	0.14934089169295822	0.26816738584134553	0.3807499416331062	0.3572619215579765	0.31869042780677365	0.08333333333333333	0.06666666666666667	1.0	0.6647010817031233	0	1.0
32f3e0522438	0.2778469664164643	0.48354074211263887	0.6271110125443109	0.5729810009895621	0.6277684337924986	0.14285714285714285	0.03571428571428571	1.0	0.5714147953641597	0	1.0
313ca82fe335	0.0	0.0	0.0	0.0	0.0	0.0	0.0	0.0	0.0	0	0.0
94e121ddd100	0.06608439733031304	0.11816600049205804	0.1921167866513249	0.18088083104991842	0.1001334085840143	0.037037037037037035	0.09090909090909091	1.0	1.0	0	0.5
f7e9a6739560	0.22594404683665206	0.32045667405254846	0.40445167108458346	0.36528256366046225	0.38047601542043563	0.1	0.038461538461538464	1.0	0.6129557746355119	0	1.0
2c9472137fd4	0.14934089169295822	0.3956599494367154	0.46617913054712384	0.4251755556614198	0.4457326141585162	0.14285714285714285	0.058823529411764705	1.0	0.5714147953641597	0	0.3333333333333333
370f35c6869b	0.06608439733031304	0.2310675454387666	0.35641875821878183	0.354709005947806	0.1001334085840143	0.1111111111111111	0.0625	1.0	0.6129557746355119	0	0.25
9ebacdc7ab3f	0.5179724910036173	0.6272263784862637	0.5834276147265821	0.5393097149583956	0.569480094530962	0.09090909090909091	0.08333333333333333	1.0	0.830124569620279	1	1.0
dff3f2f294e0	0.06608439733031304	0.17877825722756366	0.3529655854182781	0.32772500206324146	0.29696037010780774	0.024390243902439025	0.07692307692307693	1.0	1.0	0	1.0
8027842efbc0	0.06608439733031304	0.08938912861378186	0.2192529709249519	0.21108644251844974	0.1001334085840143	0.08333333333333333	0.041666666666666664	1.0	0.6647010817031233	0	1.0
da9ae5b7a4e9	0.22594404683665206	0.44075431402818516	0.446147216220506	0.4078583075926847	0.4206468042857854	0.1	0.1111111111111111	1.0	1.0	1	1.0
afb30d8941c1	0.06608439733031304	0.37627936829392306	0.44425722169971277	0.4156296467452772	0.397093778691822	0.25	0.16666666666666666	1.0	0.7326214192552911	1	1.0
7012373d248c	0.14934089169295822	0.38951777658204884	0.4696040689005133	0.4676632944921593	0.2002668171680286	0.034482758620689655	0.03333333333333333	1.0	0.4395745934035716	0	1.0
58aba1254249	0.06608439733031304	0.46566849690770495	0.6025770807299853	0.5535729486849468	0.5961845104274499	0.25	0.125	1.0	0.7326214192552911	1	1.0
4780c4ff2851	0.14934089169295822	0.32572112959789795	0.4129627016963775	0.399349909557005	0.30691337849138584	0.03571428571428571	0.045454545454545456	1.0	1.0	0	1.0
d3a95c874907	0.0	0.11816600049205804	0.09862398942365351	0.06222484992148576	0.1001334085840143	0.125	0.5	1.0	0.6129557746355119	0	0.09090909090909091
0ec1dbdaddd6	0.24514081807895213	0.4673995464228827	0.5249727671939045	0.4990178295038078	0.47074625826628236	0.07142857142857142	0.037037037037037035	1.0	0.6647010817031233	0	1.0
dabaacb8e0c2	0.11297202341832605	0.19396770503618765	0.4064139661289901	0.4059276636691618	0.0631771468021822	0.022727272727272728	0.05555555555555555	1.0	0.5368943496508024	0	1.0
