revisions	files	functions	lines	addLines	deleteLines	pos	time	rf	ibf	isComponent	distance
19edf36a6609	0.0	0.0	0.2460491115198026	0.15303776336186264	0.2774940826206763	0.17333333333333334	0.029411764705882353	1.0	0.830124569620279	1	0.025
acb14eef2d73	0.11297202341832605	0.3175986754602486	0.3893647654986319	0.3407266909519464	0.38047601542043563	0.06944444444444445	0.017543859649122806	0.9850746268656715	0.5074949309557394	0	0.5
ac8b09b99c40	0.0	0.11711213489833155	0.1808807130935711	0.16803445618334878	0.1001334085840143	0.08695652173913043	0.022222222222222223	0.32835820895522383	0.5714147953641597	0	1.0
0e36336f74a9	0.17905642074863906	0.05182294525691176	0.3845436648851043	0.38454391565460494	0.0	0.14285714285714285	0.015873015873015872	0.6865671641791045	0.830124569620279	0	1.0
9b7bf1bee925	0.20418054257991852	0.37633201224543794	0.5444589568985359	0.5444593119523652	0.0	0.05063291139240506	0.014925373134328358	0.2835820895522388	1.0	0	1.0
44a86a1cffb1	0.0	0.05182294525691176	0.16803434660440356	0.15303776336186264	0.1001334085840143	0.07079646017699115	0.009345794392523364	0.7164179104477612	0.830124569620279	0	0.14285714285714285
5f26d9639e6f	0.0	0.0	0.1808807130935711	0.1350232575556277	0.17736067403666203	0.07079646017699115	0.018867924528301886	0.7164179104477612	0.830124569620279	0	1.0
5b3a44ad38c4	0.14934089169295822	0.05182294525691176	0.11246231544070878	0.11246238877989302	0.0	0.17333333333333334	0.5	1.0	0.830124569620279	1	0.021739130434782608
fc91be1bcde8	0.0	0.0	0.06222480934329974	0.0	0.1001334085840143	0.06349206349206349	0.02631578947368421	0.10447761194029849	0.830124569620279	0	0.04
ea79749c1951	0.06608439733031304	0.11711213489833155	0.4059273989548512	0.33764850999558577	0.4188238363907879	0.20967741935483872	0.043478260869565216	1.0	0.830124569620279	1	0.038461538461538464
7ba93c424e52	0.0	0.14041485532469067	0.2975191965758062	0.2711480195124297	0.24682620069882444	0.10526315789473684	0.05263157894736842	0.32835820895522383	1.0	0	1.0
023fd982bef6	0.06608439733031304	0.08859191006777895	0.1866744280298992	0.1350232575556277	0.1895314404065466	0.08227848101265824	0.016129032258064516	1.0	0.830124569620279	1	0.5
4f5bd7469d77	0.20418054257991852	0.29429595503388944	0.4512957237649573	0.4507054140768145	0.1001334085840143	0.06944444444444445	0.0125	0.9850746268656715	0.5714147953641597	0	0.3333333333333333
b8b96f40a72d	0.22594404683665206	0.1601170247154849	0.2889630660264346	0.2814779638261902	0.14669279211481012	0.20967741935483872	0.009009009009009009	1.0	1.0	1	0.041666666666666664
f2df61d7f8f5	0.22594404683665206	0.3278290227207929	0.4965626637515171	0.45447666091475725	0.4782418790388466	0.3333333333333333	0.013333333333333334	0.9701492537313432	1.0	1	1.0
7e803ef7c42f	0.11297202341832605	0.14041485532469067	0.39449595769461404	0.28896325446569493	0.43087944752565904	0.07079646017699115	0.015151515151515152	0.7164179104477612	0.830124569620279	0	0.25
f64ab851da28	0.45690338716510337	0.48220076068823287	0.6278553215660712	0.6278145419776997	0.0631771468021822	0.3333333333333333	0.012048192771084338	0.014925373134328358	0.830124569620279	0	1.0
69c1e6b8dc29	0.11297202341832605	0.11711213489833155	0.23364715892766083	0.21925311390470442	0.14669279211481012	0.5	0.034482758620689655	0.9701492537313432	1.0	1	1.0
5799d0bb1b3a	0.0	0.11711213489833155	0.2958719682709606	0.2941941407259178	0.0631771468021822	0.2653061224489796	0.009900990099009901	1.0	1.0	1	0.1
90273fe86721	0.14934089169295822	0.17718382013555786	0.4267365599017862	0.4223762180398009	0.22648770218837871	0.20967741935483872	0.009174311926605505	1.0	1.0	1	0.01
5fc9ee02f3dd	0.11297202341832605	0.17718382013555786	0.2975191965758062	0.2643266520013773	0.2634439639702108	0.08227848101265824	0.16666666666666666	1.0	0.830124569620279	1	0.16666666666666666
a6b6e3cf36a4	0.8805509317854763	0.9910814820732016	1.0	1.0	0.0631771468021822	0.06741573033707865	0.010309278350515464	0.13432835820895522	0.19649904201920165	0	1.0
15df29c7d7db	0.17905642074863906	0.3121590839292501	0.485208001769834	0.4615747594784907	0.4233146637121721	0.029478458049886625	0.1	1.0	0.2977095698108656	0	0.5
3f40a1f5c949	0.0	0.0	0.0	0.0	0.0	0.05555555555555555	0.009708737864077669	0.014925373134328358	0.5714147953641597	0	0.5
b5ca94fd3809	0.0	0.0	0.1808807130935711	0.15303776336186264	0.14669279211481012	0.20967741935483872	0.09090909090909091	1.0	1.0	1	0.011904761904761904
29a74b0d523e	0.4518880936733042	0.5074474137860544	0.6093038907744311	0.5903794221837038	0.5307435934134332	0.2653061224489796	0.01	1.0	1.0	1	0.1111111111111111
9e47a7e58e16	0.9982264876371284	0.9288258835013609	0.9848773102164967	0.9848779524769572	0.0	0.09090909090909091	0.014705882352941176	0.014925373134328358	1.0	0	1.0
a9e8ba8ee474	0.0	0.0	0.08225672366991757	0.036399203817070964	0.1001334085840143	0.2653061224489796	0.02	1.0	1.0	1	0.5
e7fadc2d4141	0.20418054257991852	0.30053188004017556	0.4693637168858254	0.46839612698954314	0.14669279211481012	0.1111111111111111	0.022727272727272728	0.029850746268656716	1.0	0	1.0
e1b77448a09d	0.0	0.0	0.21526247290588865	0.1921169119349664	0.1633105553861965	0.17333333333333334	0.023809523809523808	1.0	0.830124569620279	1	0.03333333333333333
aeab4ec26a3c	0.0	0.11711213489833155	0.3675551411234703	0.3668041506363452	0.0631771468021822	0.08695652173913043	0.02127659574468085	0.32835820895522383	0.5714147953641597	0	0.25
b516dee066b2	0.0	0.05182294525691176	0.24889923737319897	0.1921169119349664	0.2527085872087288	0.045454545454545456	0.0136986301369863	0.014925373134328358	0.5714147953641597	0	0.07692307692307693
9744ec677e72	0.17905642074863906	0.3064776548439464	0.3972247825032021	0.36604658088821196	0.35656273103180247	0.08695652173913043	0.041666666666666664	0.32835820895522383	0.5368943496508024	0	0.3333333333333333
17b41e676e3e	0.06608439733031304	0.11711213489833155	0.30681419075174	0.27748746320483414	0.2634439639702108	0.17333333333333334	0.010416666666666666	1.0	0.830124569620279	1	0.5
fc92d609f635	0.06608439733031304	0.08859191006777895	0.1808807130935711	0.16803445618334878	0.1001334085840143	0.17333333333333334	0.01098901098901099	1.0	0.830124569620279	1	0.08333333333333333
a4775e530f17	0.0	0.22900676539246964	0.44676847422840404	0.3826670915662682	0.4560864694069305	0.11764705882352941	0.05555555555555555	0.32835820895522383	0.830124569620279	0	1.0
909dd0f4dd6e	0.2623129151112843	0.3503098039201374	0.4448916513639854	0.4034544636588299	0.4250508182313436	0.20967741935483872	0.011494252873563218	1.0	1.0	1	0.012345679012345678
6bb813672b4a	0.0	0.14041485532469067	0.1866744280298992	0.16803445618334878	0.1263542936043644	0.17333333333333334	0.037037037037037035	1.0	0.830124569620279	1	0.16666666666666666
99cabc2e733a	0.20418054257991852	0.3064776548439464	0.35809677761426034	0.343702813747676	0.25823423997013745	0.2653061224489796	0.016666666666666666	1.0	1.0	1	0.16666666666666666
afa073274618	0.7661039283644008	0.8366601863200743	0.8869796960717886	0.8733079103306942	0.7853700477380463	0.05555555555555555	0.008403361344537815	0.014925373134328358	0.5074949309557394	0	1.0
781e13166ad5	0.0	0.0	0.0	0.0	0.0	0.20967741935483872	0.125	1.0	1.0	1	0.03333333333333333
20d245d183d4	0.14934089169295822	0.29429595503388944	0.37264476285153675	0.3407266909519464	0.3339166318896398	0.5	0.020833333333333332	0.9701492537313432	1.0	0	0.5
9f4dde178496	0.06608439733031304	0.1601170247154849	0.30072565970853826	0.2941941407259178	0.14669279211481012	0.20967741935483872	0.01020408163265306	1.0	1.0	1	0.015151515151515152
9cd2476c33e0	0.14934089169295822	0.17718382013555786	0.2834084229327595	0.25947295739859916	0.22648770218837871	0.20967741935483872	0.008771929824561403	1.0	0.7326214192552911	1	0.1111111111111111
0e5dc4730276	0.17905642074863906	0.11711213489833155	0.24310552243687084	0.24006228842175747	0.0631771468021822	0.06349206349206349	0.012195121951219513	0.10447761194029849	0.830124569620279	0	0.3333333333333333
5f9635b242f4	0.3581128414972781	0.26577573020333684	0.5301327415074335	0.4467687655760907	0.5558111537347733	0.20967741935483872	0.019230769230769232	1.0	1.0	1	0.25
ce0fb999ecba	0.14934089169295822	0.26577573020333684	0.49936277921615213	0.49549000887250955	0.2857857377665804	0.20967741935483872	0.009523809523809525	1.0	1.0	1	0.0125
3ca62d75a91b	0.3487969244049448	0.4034997259435338	0.5712954487352659	0.5381986675784985	0.536237515850278	0.17333333333333334	0.038461538461538464	1.0	0.830124569620279	1	0.1
79a900d67b0b	0.20418054257991852	0.14041485532469067	0.2689311516998168	0.23691208862286453	0.2337832233056255	0.07079646017699115	0.02702702702702703	0.7164179104477612	0.7326214192552911	0	0.09090909090909091
87f08c61d05b	0.0	0.0	0.16803434660440356	0.1444816272328475	0.1263542936043644	0.2653061224489796	0.010101010101010102	1.0	1.0	1	0.06666666666666667
ae472cfe5fe0	0.06608439733031304	0.05182294525691176	0.1350231695040073	0.0822567773113617	0.14669279211481012	0.20967741935483872	0.009259259259259259	1.0	1.0	1	0.047619047619047616
ea461be64d35	0.06608439733031304	0.05182294525691176	0.1530376635625889	0.12444969984297151	0.1263542936043644	0.17333333333333334	0.03125	1.0	0.830124569620279	1	0.023809523809523808
7012373d248c	0.14934089169295822	0.38604385530879515	0.4696040689005133	0.4676632944921593	0.2002668171680286	0.043478260869565216	0.01818181818181818	0.014925373134328358	0.37696029684370164	0	0.25
0f355f91abee	0.5246258302225686	0.4920916360113128	0.588675064448563	0.5355898369977246	0.587497430121683	0.10526315789473684	0.058823529411764705	0.32835820895522383	0.830124569620279	0	0.3333333333333333
ecd08bf6c822	0.11297202341832605	0.3121590839292501	0.37264476285153675	0.3719353461784922	0.0631771468021822	0.06349206349206349	0.015384615384615385	0.10447761194029849	0.830124569620279	0	0.14285714285714285
fde96ee95d30	0.0	0.0	0.03639918008035379	0.0	0.0631771468021822	0.20967741935483872	0.009433962264150943	1.0	1.0	1	0.05263157894736842
996f7c69eeec	0.06608439733031304	0.11711213489833155	0.27748728224918834	0.2754236600741	0.0631771468021822	0.17333333333333334	0.017857142857142856	1.0	0.830124569620279	1	0.07692307692307693
39b1be32af9a	0.24514081807895213	0.287740102177659	0.382032412356413	0.3484537361784948	0.3469596092828387	0.07079646017699115	0.02564102564102564	0.7164179104477612	0.7326214192552911	0	0.2
b3d24a786c06	0.0	0.0	0.08225672366991757	0.0822567773113617	0.0	0.20967741935483872	0.018518518518518517	1.0	1.0	1	0.006369426751592357
f66af0ea18b8	0.3171525659982445	0.40619058552802756	0.5650521393367227	0.5313478754769301	0.5312813256893121	0.08695652173913043	0.024390243902439025	0.32835820895522383	0.5714147953641597	0	0.5
2151e90ff0bd	0.0	0.0	0.03639918008035379	0.0	0.0631771468021822	0.06349206349206349	0.012345679012345678	0.10447761194029849	0.830124569620279	0	0.16666666666666666
bf6e5ac3b136	0.06608439733031304	0.23923711265301395	0.37812869194087817	0.36903924075360267	0.2405378208388442	0.20967741935483872	0.02857142857142857	1.0	0.830124569620279	1	0.02631578947368421
3e7cb430c1a0	0.0	0.0	0.14448153301321734	0.11246238877989302	0.1263542936043644	0.20967741935483872	0.07692307692307693	1.0	1.0	1	0.011363636363636364
171cfde69ddb	0.2778469664164643	0.17718382013555786	0.2958719682709606	0.29248415602632033	0.1001334085840143	0.17333333333333334	0.030303030303030304	1.0	0.830124569620279	1	0.02857142857142857
039dbab0105c	0.14934089169295822	0.2487089347832638	0.42940512143010756	0.4223762180398009	0.26837194012185417	0.07079646017699115	0.008695652173913044	0.7164179104477612	0.830124569620279	0	0.125
1cbaa32947ef	0.06608439733031304	0.08859191006777895	0.1530376635625889	0.11246238877989302	0.14669279211481012	0.08695652173913043	0.08333333333333333	0.32835820895522383	0.5714147953641597	0	0.05263157894736842
082166ab529c	0.11297202341832605	0.05182294525691176	0.16084879876695327	0.0986240537385567	0.17736067403666203	0.20967741935483872	0.008928571428571428	1.0	1.0	1	0.03571428571428571
cd25567cede7	0.06608439733031304	0.287740102177659	0.382032412356413	0.372645005861498	0.24682620069882444	0.08695652173913043	0.07142857142857142	0.32835820895522383	0.5714147953641597	0	0.058823529411764705
fee7482633ac	0.06608439733031304	0.05182294525691176	0.16084879876695327	0.11246238877989302	0.1633105553861965	0.20967741935483872	0.00980392156862745	1.0	1.0	1	0.0625
34e71894ee10	0.06608439733031304	0.05182294525691176	0.08225672366991757	0.036399203817070964	0.1001334085840143	0.08256880733944955	0.012987012987012988	0.26865671641791045	1.0	0	0.09090909090909091
816c5dc4678b	0.49620898674688363	0.3543676402711158	0.5926018269847504	0.5336116426300898	0.5983934154822368	0.17333333333333334	0.023255813953488372	1.0	0.830124569620279	1	0.09090909090909091
3655e3539716	0.06608439733031304	0.17718382013555786	0.4215598331251373	0.3893650194120798	0.38323820730068126	0.20967741935483872	0.1111111111111111	1.0	0.830124569620279	1	1.0
3dd7d23918f9	0.0	0.19223780058160245	0.32415724245907257	0.32415745384924033	0.0	0.07142857142857142	0.01639344262295082	0.04477611940298507	1.0	0	1.0
d31f25ca302d	0.0	0.17718382013555786	0.240062131871887	0.18667454976445727	0.2405378208388442	0.045454545454545456	0.011904761904761904	0.014925373134328358	0.5368943496508024	0	0.2
727f5f6fff58	0.11297202341832605	0.0	0.1866744280298992	0.18667454976445727	0.0	0.17333333333333334	0.25	1.0	0.830124569620279	1	0.058823529411764705
5ee1dff77954	0.4710848649156042	0.5178631288953607	0.6176618757604145	0.6102110784756793	0.4602709254940042	0.2653061224489796	0.01282051282051282	1.0	1.0	1	0.5
b6a7e9013f33	0.0	0.08859191006777895	0.20210167028488468	0.1972481074771134	0.0631771468021822	0.2653061224489796	0.03225806451612903	1.0	1.0	1	1.0
01c4aad71f92	0.0	0.0	0.08225672366991757	0.0822567773113617	0.0	0.20967741935483872	0.2	1.0	1.0	1	0.030303030303030304
870bdb7ff9c8	0.11297202341832605	0.23923711265301395	0.35384141113454926	0.346583429312739	0.2002668171680286	0.25	0.011235955056179775	0.014925373134328358	0.24307555138436987	0	1.0
219a0ffbcdf1	0.20418054257991852	0.3950695649117253	0.47894233684149795	0.47336498707623875	0.29696037010780774	0.08695652173913043	0.05	0.32835820895522383	0.5368943496508024	0	1.0
c69f4c950bc2	0.46649345769120276	0.4409467353648662	0.5365055306137236	0.5353593580973068	0.21855701922275933	0.08227848101265824	0.010638297872340425	1.0	0.7326214192552911	1	0.00684931506849315
fac0b2f49667	0.06608439733031304	0.05182294525691176	0.2460491115198026	0.22307375358152826	0.1895314404065466	0.2653061224489796	0.014084507042253521	1.0	1.0	1	1.0
3addaaf0a2e6	0.0	0.3175986754602486	0.41779264722087933	0.3555680697512972	0.4250508182313436	0.20967741935483872	0.017241379310344827	1.0	0.830124569620279	1	1.0
a2f859f65852	0.5341227403128965	0.6437784996949891	0.5951273785451796	0.5314684550550342	0.6057876321764136	0.05	0.012658227848101266	0.014925373134328358	0.5368943496508024	0	0.5
d0eae7cc5be5	0.06608439733031304	0.14041485532469067	0.30382153283792823	0.24889939968594305	0.3037149676410264	0.20967741935483872	0.011363636363636364	1.0	1.0	1	1.0
737052fdf35b	0.3171525659982445	0.23923711265301395	0.42712267414803223	0.42398651202132265	0.2002668171680286	0.07446808510638298	0.025	0.582089552238806	0.7326214192552911	0	0.5
4e7f6df10678	0.0	0.05182294525691176	0.21526247290588865	0.21108644251844974	0.0631771468021822	0.07079646017699115	0.047619047619047616	0.7164179104477612	0.7326214192552911	0	0.06666666666666667
3a983f5a994c	0.0	0.0	0.09862398942365351	0.0986240537385567	0.0	0.17333333333333334	0.0625	1.0	0.830124569620279	1	0.02
d437648a85cb	0.0	0.0	0.03639918008035379	0.0	0.0631771468021822	0.08227848101265824	0.14285714285714285	1.0	0.830124569620279	1	0.3333333333333333
4a6f9a7c6453	0.11297202341832605	0.05182294525691176	0.31787696034860546	0.2666585099219055	0.31299198758814106	0.17333333333333334	0.027777777777777776	1.0	0.830124569620279	1	0.034482758620689655
ad8247b207ea	0.06608439733031304	0.14041485532469067	0.36528232545171063	0.3229360542951501	0.3469596092828387	0.20967741935483872	0.0196078431372549	1.0	1.0	1	0.047619047619047616
749876173c25	0.0	0.0	0.12444961868659946	0.0986240537385567	0.1001334085840143	0.20967741935483872	0.011111111111111112	1.0	1.0	1	0.07142857142857142
dfd114b082c8	0.0	0.14041485532469067	0.1808807130935711	0.17468723870137876	0.0631771468021822	0.06944444444444445	0.010752688172043012	0.9850746268656715	0.5074949309557394	0	0.034482758620689655
51600cc9fe8c	0.06608439733031304	0.05182294525691176	0.1530376635625889	0.0986240537385567	0.1633105553861965	0.20967741935483872	1.0	1.0	1.0	1	0.018867924528301886
8870deb3cd89	0.7192163022763876	0.7366549822195416	0.733626838882853	0.6902862430604149	0.720577898491306	0.2	0.011764705882352941	0.014925373134328358	0.24307555138436987	0	0.25
3b2a90971455	0.0	0.27352423036965934	0.223073608110253	0.2067064771543332	0.14669279211481012	0.06349206349206349	0.013888888888888888	0.10447761194029849	0.6647010817031233	0	0.02857142857142857
b551a5573b3c	0.0	0.14041485532469067	0.2689311516998168	0.24889939968594305	0.2002668171680286	0.1111111111111111	0.03571428571428571	0.014925373134328358	1.0	0	1.0
980071d3b70f	0.06608439733031304	0.23923711265301395	0.4278899559459768	0.38758730820425163	0.4059930717975038	0.20967741935483872	0.009615384615384616	1.0	1.0	1	0.04
1afdc916bda0	0.2778469664164643	0.26577573020333684	0.506003248980867	0.45362032867518487	0.502890210607919	0.20967741935483872	0.01694915254237288	1.0	1.0	1	0.043478260869565216
63a888e9010e	0.06608439733031304	0.1601170247154849	0.2302591559477033	0.21526261328334842	0.14669279211481012	0.2653061224489796	0.008849557522123894	1.0	1.0	1	0.16666666666666666
bfa82473ab54	0.06608439733031304	0.23923711265301395	0.38818354551084056	0.38075018992863535	0.2337832233056255	0.20967741935483872	0.013157894736842105	1.0	1.0	1	0.05555555555555555
f15277be8b1c	0.41804616249593934	0.3694216207171603	0.5071164607072851	0.4413457486232843	0.5186498404460089	0.043478260869565216	0.011627906976744186	0.014925373134328358	0.4819920873588857	0	0.3333333333333333
3ad8c359f7c3	0.06608439733031304	0.0	0.03639918008035379	0.0	0.0631771468021822	0.17333333333333334	0.3333333333333333	1.0	0.830124569620279	1	0.047619047619047616
bbac3d3dec30	0.14934089169295822	0.3461189002908012	0.43731011071919407	0.422781507587797	0.33622423252135675	0.2	0.010526315789473684	0.014925373134328358	0.24307555138436987	0	0.1111111111111111
313ca82fe335	0.0	0.0	0.0	0.0	0.0	0.0	0.0	0.0	0.0	0	0.0
0932ea92468f	0.06608439733031304	0.08859191006777895	0.2754234804643054	0.2711480195124297	0.1001334085840143	0.17333333333333334	0.03333333333333333	1.0	0.830124569620279	1	0.14285714285714285
6acb9b814ba8	0.0	0.0	0.0	0.0	0.0	0.17333333333333334	0.04	1.0	0.830124569620279	1	0.0625
7ac2745d4c90	0.06608439733031304	0.3121590839292501	0.40785804161935896	0.40737952521831483	0.0631771468021822	0.06349206349206349	0.014492753623188406	0.10447761194029849	0.830124569620279	0	0.05
d9667515fb73	0.0	0.08859191006777895	0.240062131871887	0.1350232575556277	0.2774940826206763	0.20967741935483872	0.00909090909090909	1.0	1.0	1	0.025
9953d672b34e	0.3171525659982445	0.46824387804548356	0.4138604234160401	0.36215976245247383	0.4091183616199631	0.3611111111111111	0.06666666666666667	1.0	0.6129557746355119	0	0.3333333333333333
47a21a8cd2f0	0.5179724910036173	0.5383567008724036	0.6498746358236858	0.6458552611693253	0.43860825808009646	0.08227848101265824	0.010869565217391304	1.0	0.7326214192552911	1	0.006756756756756757
ca9f6a9aad09	0.3581128414972781	0.37633201224543794	0.5146902099015025	0.47518782092005174	0.49201746327576296	0.08695652173913043	0.021739130434782608	0.32835820895522383	0.5714147953641597	0	0.5
8c31110375c5	0.913657041496575	0.8216864640300847	0.8781007659745617	0.8689093554294399	0.7424025860712729	0.20967741935483872	0.00847457627118644	1.0	0.4395745934035716	1	0.045454545454545456
e0b34a58b387	0.24514081807895213	0.23923711265301395	0.4712687522751903	0.47008315751417046	0.1633105553861965	0.20967741935483872	0.008620689655172414	1.0	1.0	1	0.125
f2258c95c059	0.0	0.0	0.03639918008035379	0.0	0.0631771468021822	0.2	0.014285714285714285	0.014925373134328358	0.24307555138436987	0	0.047619047619047616
51c538382270	0.14934089169295822	0.2487089347832638	0.42712267414803223	0.42712295268425454	0.0	1.0	0.013513513513513514	0.9701492537313432	0.830124569620279	0	1.0
cf1719d51c5c	0.3171525659982445	0.287740102177659	0.4039543212038241	0.38577368121982847	0.3214113867723197	0.06329113924050632	0.015625	0.3134328358208955	1.0	0	1.0
63746fdf09ab	0.2920284441669651	0.27352423036965934	0.5182502094353023	0.3774614894865819	0.5682375874711441	0.08695652173913043	0.045454545454545456	0.32835820895522383	0.5714147953641597	0	0.03571428571428571
5bafad827a5e	0.3669249431097742	0.4325626739221302	0.5194980176560676	0.5061634569731308	0.4111438973422875	0.07462686567164178	0.008547008547008548	0.9850746268656715	0.5368943496508024	0	1.0
