revisions	files	functions	lines	addLines	deleteLines	pos	time	rf	ibf	isComponent	distance
d3354600ed81	0.0	0.08859191006777895	0.4423265790352049	0.38010201756474693	0.44975438522753747	0.034482758620689655	0.034482758620689655	0.21428571428571427	0.6129557746355119	1	0.16666666666666666
ba4fbe6e95a4	0.20418054257991852	0.26577573020333684	0.3826668420206856	0.38139371585571197	0.1001334085840143	0.013157894736842105	0.003484320557491289	0.07142857142857142	0.830124569620279	0	0.3333333333333333
9f2c608e08a1	0.0	0.29429595503388944	0.3288831453713568	0.2814779638261902	0.31869042780677365	0.01282051282051282	0.004464285714285714	0.07142857142857142	0.830124569620279	0	0.07142857142857142
b66588347f43	0.0	0.0	0.14448153301321734	0.1444816272328475	0.0	0.012195121951219513	0.0035842293906810036	0.07142857142857142	0.830124569620279	0	0.011627906976744186
05bbc6538b65	0.20418054257991852	0.27352423036965934	0.32415724245907257	0.31251608341619624	0.20986993891699235	0.047619047619047616	0.005208333333333333	0.07142857142857142	0.7326214192552911	0	0.125
2c0d196953de	0.06608439733031304	0.08859191006777895	0.1808807130935711	0.12444969984297151	0.1895314404065466	0.01282051282051282	0.0047169811320754715	0.07142857142857142	0.830124569620279	0	0.14285714285714285
294be26b772d	0.06608439733031304	0.20570404496611053	0.25434159599462464	0.2431056809714042	0.14669279211481012	0.012195121951219513	0.0036101083032490976	0.07142857142857142	0.830124569620279	0	0.027777777777777776
7c6df61d7c6e	0.68529837008205	0.6988788324541929	0.6876805194201197	0.6624805179196538	0.6331846026291644	0.1111111111111111	0.00558659217877095	0.07142857142857142	1.0	0	0.01818181818181818
b7b9418c5943	0.0	0.11711213489833155	0.16803434660440356	0.16084890366004248	0.0631771468021822	0.047619047619047616	0.011627906976744186	0.35714285714285715	0.830124569620279	0	1.0
ff002ab9c630	0.14934089169295822	0.1601170247154849	0.511436194146209	0.4512960180649644	0.5174097484404799	0.08333333333333333	0.009433962264150943	0.07142857142857142	1.0	0	1.0
c22944c3f643	0.17905642074863906	0.2487089347832638	0.2619324331157728	0.18667454976445727	0.28173416602494156	0.058823529411764705	0.0035335689045936395	0.07142857142857142	1.0	0	1.0
cd1c20933a2c	0.0	0.08859191006777895	0.1866744280298992	0.11246238877989302	0.20986993891699235	0.05	0.004545454545454545	0.07142857142857142	0.7326214192552911	0	0.3333333333333333
0085a5c5f382	0.14934089169295822	0.26577573020333684	0.3621595262801692	0.36136178846583605	0.0631771468021822	0.047619047619047616	0.005235602094240838	0.07142857142857142	0.7326214192552911	0	0.038461538461538464
b615c6e4d76e	0.24514081807895213	0.3121590839292501	0.342721471388412	0.3053305308928899	0.315885734010911	0.018518518518518517	0.0058823529411764705	0.07142857142857142	0.830124569620279	0	0.25
b56a82571fab	0.11297202341832605	0.08859191006777895	0.32044203267738586	0.29587216121567017	0.2634439639702108	0.1111111111111111	0.014285714285714285	0.07142857142857142	1.0	0	0.08333333333333333
89e657712351	0.06608439733031304	0.0	0.11246231544070878	0.0822567773113617	0.1001334085840143	0.08333333333333333	0.08333333333333333	0.07142857142857142	1.0	0	0.3333333333333333
e94555e580ed	0.2623129151112843	0.3373008448510428	0.4393504581802702	0.43015350147074866	0.3004002257520429	0.0196078431372549	0.005780346820809248	0.07142857142857142	0.830124569620279	0	0.5
549ead57a1fe	0.5401598815277486	0.4325626739221302	0.6073071814129027	0.6040926401561434	0.37616913439032323	0.03225806451612903	0.006211180124223602	0.14285714285714285	0.830124569620279	0	0.5
101291d1842b	0.17905642074863906	0.3796519679777046	0.46667648042788323	0.45644356393634367	0.33622423252135675	0.0196078431372549	0.005405405405405406	0.07142857142857142	0.830124569620279	0	0.2
9fc842dd39c5	0.06608439733031304	0.1601170247154849	0.2754234804643054	0.25166181710041935	0.21855701922275933	0.05555555555555555	0.0037735849056603774	0.07142857142857142	1.0	0	0.041666666666666664
f7f27b79a710	0.24514081807895213	0.1601170247154849	0.30072565970853826	0.0986240537385567	0.3601375169099899	0.012195121951219513	0.005076142131979695	0.07142857142857142	0.830124569620279	0	0.03571428571428571
48637df6f189	0.0	0.0	0.09862398942365351	0.0986240537385567	0.0	0.02631578947368421	0.02127659574468085	0.07142857142857142	0.830124569620279	0	0.058823529411764705
8e0f33f0ae33	0.0	0.11711213489833155	0.1350231695040073	0.1350232575556277	0.0	0.05263157894736842	0.004291845493562232	0.42857142857142855	0.7326214192552911	0	0.25
7e773df35c6f	0.7259881323605687	0.7463129822549882	0.7397747819941362	0.7185487693045413	0.6723344620805224	0.1111111111111111	0.005128205128205128	0.07142857142857142	1.0	0	0.016129032258064516
4b68f2320bdd	0.6204257566085625	0.5121816998100569	0.5836300306496793	0.5649695780380372	0.5036193773479372	0.0625	0.02702702702702703	0.07142857142857142	0.6647010817031233	1	0.5
87e7cad3b187	0.06608439733031304	0.19223780058160245	0.3547087746343028	0.34752345342449975	0.2002668171680286	0.09090909090909091	0.03333333333333333	0.8571428571428571	0.7326214192552911	1	0.3333333333333333
b4b625ba8e7c	0.06608439733031304	0.17718382013555786	0.26432647962818445	0.21526261328334842	0.25823423997013745	0.03571428571428571	0.04	0.14285714285714285	0.830124569620279	0	0.3333333333333333
5d45954e870d	0.0	0.08859191006777895	0.2302591559477033	0.16084890366004248	0.24682620069882444	0.041666666666666664	0.05	0.14285714285714285	0.830124569620279	0	1.0
334514863909	0.24514081807895213	0.2487089347832638	0.4348695721948365	0.41948677147946223	0.33847484949608225	0.05	0.004098360655737705	0.07142857142857142	0.7326214192552911	0	0.5
e4265464f96c	0.0	0.14041485532469067	0.223073608110253	0.21526261328334842	0.1001334085840143	0.025	0.003937007874015748	0.07142857142857142	1.0	0	1.0
4f7f3b9e23bc	0.11297202341832605	0.14041485532469067	0.31787696034860546	0.3022871383432432	0.22648770218837871	0.02702702702702703	0.07142857142857142	0.07142857142857142	0.830124569620279	0	0.07142857142857142
28fd1390615c	0.17905642074863906	0.26577573020333684	0.4618365650087258	0.4251755556614198	0.4332676720957502	0.0196078431372549	0.006622516556291391	0.07142857142857142	0.830124569620279	0	0.1
e220064bd3b2	0.06608439733031304	0.22900676539246964	0.38010176969190523	0.37879146169942374	0.1001334085840143	0.1	0.004629629629629629	0.07142857142857142	1.0	0	0.5
826a564b4a00	0.0	0.0	0.22673825668313485	0.18088083104991842	0.21855701922275933	0.1111111111111111	0.016666666666666666	0.07142857142857142	1.0	0	0.3333333333333333
b01475838357	0.0	0.11711213489833155	0.30827392086310235	0.2543417618564522	0.30691337849138584	0.03571428571428571	0.03125	0.14285714285714285	0.830124569620279	0	1.0
20d1fd9d3b66	0.0	0.19223780058160245	0.32293584370148376	0.2711480195124297	0.31869042780677365	0.02702702702702703	0.038461538461538464	0.14285714285714285	0.830124569620279	0	0.2
48a591f77a7f	0.0	0.0	0.03639918008035379	0.0	0.0631771468021822	0.023255813953488372	0.004273504273504274	0.07142857142857142	0.830124569620279	0	0.037037037037037035
17d91bde42d6	0.06608439733031304	0.05182294525691176	0.09862398942365351	0.06222484992148576	0.1001334085840143	0.1111111111111111	0.014492753623188406	0.07142857142857142	1.0	0	0.04
b4ac2c895887	0.0	0.0	0.06222480934329974	0.036399203817070964	0.0631771468021822	0.02631578947368421	0.0078125	0.07142857142857142	0.830124569620279	0	0.02702702702702703
89bb91a205f8	0.8898260569421832	0.8072884212828673	0.9369517110364998	0.9004108496034143	0.9146274990728791	0.03125	0.007352941176470588	0.14285714285714285	0.830124569620279	0	0.125
5eedf786a5ef	0.4116538068042425	0.43890171398791633	0.5524350253846414	0.5142537004838339	0.5277279832546746	0.037037037037037035	0.009615384615384616	0.14285714285714285	0.830124569620279	0	0.5
d5087655d23e	0.0	0.0	0.09862398942365351	0.0822567773113617	0.0631771468021822	0.02857142857142857	0.058823529411764705	0.14285714285714285	0.830124569620279	0	0.05555555555555555
5367b9b5f16e	0.06608439733031304	0.21788574477616746	0.3851606530447835	0.38454391565460494	0.0631771468021822	0.03333333333333333	0.01639344262295082	0.14285714285714285	1.0	1	1.0
771232b89f38	0.06608439733031304	0.28082971064938134	0.37611127167284186	0.36604658088821196	0.24682620069882444	1.0	0.004672897196261682	1.0	0.830124569620279	0	0.16666666666666666
5c3edaa61ef5	0.0	0.05182294525691176	0.20670634235651703	0.1921169119349664	0.1263542936043644	0.05555555555555555	0.05555555555555555	0.07142857142857142	1.0	0	1.0
e79e3029b1e8	0.11297202341832605	0.3121590839292501	0.47675268136453164	0.47630857807875054	0.1001334085840143	0.046296296296296294	0.014705882352941176	0.42857142857142855	0.7326214192552911	0	0.2
bc3ee344a4ef	0.11297202341832605	0.3828878651016684	0.39449595769461404	0.35384164188242545	0.37318049430318884	0.0196078431372549	0.006289308176100629	0.07142857142857142	0.830124569620279	0	0.5
bc857e7522a0	0.24514081807895213	0.3373008448510428	0.40833428371166935	0.4059276636691618	0.1633105553861965	0.047619047619047616	0.006993006993006993	0.07142857142857142	0.7326214192552911	0	0.023809523809523808
d89a3e66feda	0.0	0.2575269902230222	0.366046342181228	0.3053305308928899	0.37164860351436985	0.012658227848101266	0.005263157894736842	0.07142857142857142	0.830124569620279	0	0.3333333333333333
54c0f4baa996	0.45690338716510337	0.459776470587849	0.563294321028535	0.5546032013137202	0.4188238363907879	0.08333333333333333	0.004524886877828055	0.07142857142857142	1.0	0	0.011235955056179775
2b9467555564	0.24514081807895213	0.4347108103585801	0.3863820518023723	0.3344610219376306	0.3818675746089558	0.015625	0.005988023952095809	0.07142857142857142	0.830124569620279	0	0.16666666666666666
fc2a43593c27	0.3389160702549781	0.3175986754602486	0.5442501860512816	0.5351282859429521	0.4038483762250407	0.058823529411764705	0.012048192771084338	0.07142857142857142	0.830124569620279	1	0.14285714285714285
ff4dcd4e7cbf	0.17905642074863906	0.2575269902230222	0.35384141113454926	0.343702813747676	0.22648770218837871	0.06153846153846154	0.013333333333333334	0.7142857142857143	0.6647010817031233	1	1.0
bc8cfb8bbe86	0.0	0.0	0.1746871247840085	0.0986240537385567	0.2002668171680286	0.02857142857142857	0.03571428571428571	0.14285714285714285	0.830124569620279	0	0.058823529411764705
87bb62b257d4	0.2778469664164643	0.506235925006286	0.6232506494944389	0.5905043651160531	0.5880743013915997	0.015625	0.0038022813688212928	0.07142857142857142	0.830124569620279	0	1.0
8ac272f8afe2	0.11297202341832605	0.20570404496611053	0.3111240467164987	0.24889939968594305	0.31869042780677365	0.02	0.00546448087431694	0.07142857142857142	0.830124569620279	0	0.2
fc2ffff87ab5	0.0	0.05182294525691176	0.12444961868659946	0.036399203817070964	0.1633105553861965	0.02	0.005494505494505495	0.07142857142857142	0.830124569620279	0	0.16666666666666666
caa05fa5dc09	0.0	0.17718382013555786	0.31388646232954215	0.2814779638261902	0.2774940826206763	0.02631578947368421	0.007462686567164179	0.07142857142857142	0.830124569620279	0	0.2
06b409d61fca	0.0	0.11711213489833155	0.3253622461067884	0.2754236600741	0.31869042780677365	0.02857142857142857	0.012658227848101266	0.14285714285714285	0.830124569620279	0	0.017543859649122806
fed802373bca	0.0	0.1601170247154849	0.23364715892766083	0.17468723870137876	0.2405378208388442	0.027777777777777776	0.008130081300813009	0.07142857142857142	0.830124569620279	0	0.14285714285714285
6825565854d6	0.30507413907761327	0.3373008448510428	0.5148353537065401	0.514835689442157	0.0	0.1	0.029411764705882353	0.8571428571428571	0.7326214192552911	1	1.0
71cbea815ea6	0.0	0.05182294525691176	0.14448153301321734	0.11246238877989302	0.1263542936043644	0.027777777777777776	1.0	0.07142857142857142	0.830124569620279	0	0.07142857142857142
315136e13a9f	0.0	0.0	0.14448153301321734	0.1350232575556277	0.0631771468021822	0.043478260869565216	0.004132231404958678	0.07142857142857142	0.7326214192552911	0	0.125
e0bcbd573fc1	0.0	0.0	0.16084879876695327	0.0986240537385567	0.17736067403666203	0.023809523809523808	0.006896551724137931	0.07142857142857142	0.830124569620279	0	0.3333333333333333
e3a885dd29ff	0.17905642074863906	0.32281617986444205	0.3807499416331062	0.346583429312739	0.3469596092828387	0.03225806451612903	0.008771929824561403	0.14285714285714285	0.830124569620279	0	0.5
69f18642bd02	0.0	0.37633201224543794	0.4267365599017862	0.38075018992863535	0.41410022211038494	0.1111111111111111	0.010638297872340425	0.07142857142857142	1.0	0	0.013513513513513514
87231505d3b5	0.11297202341832605	0.19223780058160245	0.30072565970853826	0.2543417618564522	0.28966484899056094	0.034482758620689655	0.027777777777777776	0.21428571428571427	0.6129557746355119	1	0.14285714285714285
7012373d248c	0.14934089169295822	0.38604385530879515	0.4696040689005133	0.4676632944921593	0.2002668171680286	0.047619047619047616	0.006666666666666667	0.35714285714285715	0.37696029684370164	0	1.0
966b05367961	0.0	0.0	0.20670634235651703	0.17468723870137876	0.17736067403666203	0.02857142857142857	0.006535947712418301	0.14285714285714285	0.830124569620279	0	0.0625
78494d510c1b	0.06608439733031304	0.17718382013555786	0.3311559610431165	0.2569440160127405	0.34896288456876257	0.011904761904761904	0.008064516129032258	0.07142857142857142	0.830124569620279	0	1.0
1dc57e0d99c1	0.17905642074863906	0.3326526559062931	0.4156293757040912	0.40445193483653896	0.29338558422962024	0.0196078431372549	0.005319148936170213	0.07142857142857142	0.830124569620279	0	0.3333333333333333
5b81c1813f05	0.7240818629345552	0.755118634268145	0.781191974327139	0.7624110693033701	0.7044092105761555	0.1111111111111111	0.004830917874396135	0.07142857142857142	0.830124569620279	0	1.0
78e10891a932	0.9403995196509866	0.7583762365988038	0.6945972537553731	0.6102611881517791	0.7232593244353094	0.012195121951219513	0.01282051282051282	0.07142857142857142	0.7326214192552911	1	0.043478260869565216
67a83f316269	0.0	0.05182294525691176	0.1350231695040073	0.036399203817070964	0.17736067403666203	0.02702702702702703	0.007692307692307693	0.07142857142857142	0.830124569620279	0	0.005681818181818182
013c4862a792	0.14934089169295822	0.23923711265301395	0.45419182730123314	0.28896325446569493	0.5089097609606984	0.02857142857142857	0.1111111111111111	0.14285714285714285	0.830124569620279	0	0.1
a436501eca32	0.11297202341832605	0.14041485532469067	0.16803434660440356	0.11246238877989302	0.17736067403666203	0.047619047619047616	0.004608294930875576	0.07142857142857142	0.7326214192552911	0	0.022222222222222223
297a09e9a160	0.0	0.05182294525691176	0.1530376635625889	0.1350232575556277	0.1001334085840143	0.02631578947368421	0.021739130434782608	0.07142857142857142	0.830124569620279	0	0.5
53a34a54de36	0.2778469664164643	0.45070805050521723	0.43308479325193416	0.3712200317770567	0.4400783763444305	0.012987012987012988	0.004739336492890996	0.07142857142857142	0.830124569620279	0	0.1111111111111111
2c6d217d573a	0.06608439733031304	0.1601170247154849	0.2889630660264346	0.285298603503014	0.1001334085840143	0.02702702702702703	0.008333333333333333	0.07142857142857142	0.830124569620279	0	0.5
54f743752992	0.06608439733031304	0.14041485532469067	0.20670634235651703	0.1921169119349664	0.1263542936043644	0.012195121951219513	0.0037174721189591076	0.07142857142857142	0.830124569620279	0	0.011764705882352941
abafffb7abb6	0.0	0.14041485532469067	0.25434159599462464	0.25166181710041935	0.0631771468021822	0.05	0.0048543689320388345	0.07142857142857142	0.7326214192552911	0	0.125
3b40ebb75bbe	0.0	0.0	0.2302591559477033	0.17468723870137876	0.2337832233056255	0.025	0.014925373134328358	0.07142857142857142	0.830124569620279	0	1.0
d28fc08e6364	0.0	0.26577573020333684	0.4151903947615779	0.33971231312631994	0.43405004047365414	0.045454545454545456	0.0035587188612099642	0.07142857142857142	1.0	0	0.3333333333333333
db5695982144	0.06608439733031304	0.1601170247154849	0.19724797884730702	0.16084890366004248	0.17736067403666203	0.038461538461538464	0.011111111111111112	0.21428571428571427	0.6129557746355119	1	0.5
8870960005ce	0.0	0.08859191006777895	0.3253622461067884	0.23691208862286453	0.3528419957927431	0.041666666666666664	0.00980392156862745	0.14285714285714285	0.830124569620279	0	0.5
14100b900c82	0.557035373968769	0.6001913259125398	0.6130717702719106	0.6036623386377155	0.4758111921542724	0.012195121951219513	0.004761904761904762	0.07142857142857142	0.830124569620279	0	0.03225806451612903
917b620b06b0	0.06608439733031304	0.22900676539246964	0.4156293757040912	0.37611151694339084	0.3922955468416446	0.02702702702702703	0.007407407407407408	0.07142857142857142	0.830124569620279	0	1.0
9de8383ec493	0.22594404683665206	0.20570404496611053	0.40039351465970996	0.38075018992863535	0.3240534661514722	0.06315789473684211	0.02	0.5714285714285714	0.830124569620279	1	1.0
28bcba73b7d4	0.3171525659982445	0.49478249559580645	0.5338462985118493	0.5019111893295535	0.49565567668357274	0.012195121951219513	0.0036496350364963502	0.07142857142857142	0.830124569620279	0	0.030303030303030304
c8d249986627	0.0	0.08859191006777895	0.14448153301321734	0.1350232575556277	0.0631771468021822	0.025	0.0040650406504065045	0.07142857142857142	1.0	0	0.3333333333333333
c3fc2787261f	0.06608439733031304	0.23923711265301395	0.32655128897148417	0.32169780732008496	0.14669279211481012	0.02702702702702703	0.007575757575757576	0.07142857142857142	0.830124569620279	0	0.005649717514124294
57f73b705615	0.8499520174888998	0.7436814841082425	0.749247348718922	0.7028953792291754	0.7411512646063043	0.02631578947368421	0.007633587786259542	0.07142857142857142	0.7326214192552911	0	0.16666666666666666
796147becbdc	0.6186046853956467	0.5345124679530746	0.5453924636520576	0.47675299226558854	0.5600139893426929	0.05263157894736842	0.004424778761061947	0.42857142857142855	0.7326214192552911	0	0.2
32c29f21acfb	0.0	0.0	0.06222480934329974	0.036399203817070964	0.0631771468021822	0.1	0.0035087719298245615	0.07142857142857142	1.0	0	1.0
3861d45fff16	0.0	0.0	0.03639918008035379	0.036399203817070964	0.0	0.027777777777777776	0.01818181818181818	0.07142857142857142	0.830124569620279	0	0.047619047619047616
8c785f3c3beb	0.0	0.05182294525691176	0.1866744280298992	0.16803445618334878	0.1263542936043644	0.012195121951219513	0.022222222222222223	0.07142857142857142	0.830124569620279	0	0.125
525251d47bfd	0.20418054257991852	0.48794604743627773	0.5567195371404215	0.5274012407164037	0.512273439954959	0.5	0.007246376811594203	1.0	0.6647010817031233	0	1.0
ceb09c1870da	0.2778469664164643	0.40882595949874867	0.5738115004633308	0.5314684550550342	0.5568295481998311	0.018867924528301886	0.005025125628140704	0.07142857142857142	0.830124569620279	0	1.0
40fd46a67c66	0.0	0.0	0.19724797884730702	0.1921169119349664	0.0631771468021822	0.02040816326530612	0.007142857142857143	0.07142857142857142	0.830124569620279	0	0.5
1bedb35689f7	0.0	0.05182294525691176	0.1866744280298992	0.12444969984297151	0.2002668171680286	0.02702702702702703	0.007751937984496124	0.07142857142857142	0.830124569620279	0	0.005714285714285714
e894c632e0b4	0.0	0.0	0.06222480934329974	0.06222484992148576	0.0	0.029411764705882353	0.005376344086021506	0.14285714285714285	0.830124569620279	0	0.2
2f9556adf482	0.0	0.20570404496611053	0.29913674347060804	0.29587216121567017	0.1001334085840143	0.05	0.005952380952380952	0.07142857142857142	0.7326214192552911	0	0.16666666666666666
03cfb29b6375	0.0	0.14041485532469067	0.25166165298624243	0.1921169119349664	0.25823423997013745	0.025	0.003952569169960474	0.07142857142857142	1.0	0	0.5
2d9d6d6bdcf8	0.06608439733031304	0.19223780058160245	0.3813934671405255	0.29587216121567017	0.4070467870754001	0.034482758620689655	0.047619047619047616	0.21428571428571427	0.6129557746355119	1	0.3333333333333333
90a6b7e5ae8f	0.5516020649158329	0.6269486109401826	0.6808274294004435	0.662564481899962	0.600298962721006	0.020833333333333332	0.005	0.07142857142857142	0.830124569620279	0	1.0
bc4910456f73	0.06608439733031304	0.3796519679777046	0.4515895748419317	0.44981215812573744	0.17736067403666203	0.02702702702702703	0.012195121951219513	0.14285714285714285	0.830124569620279	0	1.0
2d979f96b08a	0.0	0.0	0.20670634235651703	0.1972481074771134	0.1001334085840143	0.1111111111111111	0.015151515151515152	0.07142857142857142	1.0	0	0.05263157894736842
e88ab0dea2d0	0.0	0.14041485532469067	0.25434159599462464	0.22673840454420918	0.20986993891699235	1.0	0.004310344827586207	1.0	0.830124569620279	0	1.0
386a5bd16291	0.11297202341832605	0.23923711265301395	0.29913674347060804	0.28896325446569493	0.17736067403666203	0.02	0.0053475935828877	0.07142857142857142	0.830124569620279	0	0.5
efad8bd05876	0.0	0.11711213489833155	0.2460491115198026	0.1444816272328475	0.28173416602494156	0.047619047619047616	0.009345794392523364	0.07142857142857142	0.7326214192552911	0	0.03571428571428571
b8c02c64be7c	0.11297202341832605	0.3064776548439464	0.4626183240030097	0.46261862568673695	0.0	0.058823529411764705	0.012987012987012988	0.07142857142857142	0.7326214192552911	1	0.16666666666666666
c2d3d1b7cb10	0.17905642074863906	0.4188555037182755	0.48759673934798464	0.48759705732069364	0.0	0.02702702702702703	0.0049504950495049506	0.14285714285714285	0.830124569620279	0	0.08333333333333333
5a536bac5e80	0.0	0.0	0.06222480934329974	0.06222484992148576	0.0	0.02857142857142857	0.007874015748031496	0.14285714285714285	0.830124569620279	0	0.011363636363636364
acef0e51c611	0.0	0.05182294525691176	0.24889923737319897	0.2067064771543332	0.2337832233056255	0.047619047619047616	0.003968253968253968	0.07142857142857142	0.7326214192552911	0	0.05263157894736842
e0a6f6c8e82e	0.0	0.1601170247154849	0.1808807130935711	0.16803445618334878	0.1001334085840143	0.02564102564102564	0.0038461538461538464	0.07142857142857142	1.0	0	0.5
d8a48cf04822	0.14934089169295822	0.2487089347832638	0.342721471388412	0.3038217309667262	0.31869042780677365	0.5	0.00425531914893617	1.0	0.830124569620279	0	0.5
f55451afeac8	0.14934089169295822	0.26577573020333684	0.32293584370148376	0.28714962748127176	0.29338558422962024	0.01282051282051282	0.004219409282700422	0.07142857142857142	0.830124569620279	0	0.3333333333333333
430ab00b4c20	0.14934089169295822	0.3326526559062931	0.3165664053379244	0.2619326039277545	0.315885734010911	0.018518518518518517	0.005434782608695652	0.07142857142857142	0.830124569620279	0	0.5
a2f859f65852	0.5341227403128965	0.6437784996949891	0.5951273785451796	0.5314684550550342	0.6057876321764136	0.012195121951219513	0.004651162790697674	0.07142857142857142	0.5368943496508024	0	0.3333333333333333
c8e6d9debe86	0.11297202341832605	0.20570404496611053	0.3916815759881601	0.38877635184434883	0.1633105553861965	0.06666666666666667	0.041666666666666664	0.07142857142857142	0.830124569620279	1	1.0
f084174cf4ce	0.557035373968769	0.6064550389631396	0.5998624031791463	0.5319491602593552	0.6145822586378903	0.06896551724137931	0.0045871559633027525	0.14285714285714285	0.5074949309557394	0	0.16666666666666666
bf9990e95b13	0.0	0.0	0.08225672366991757	0.0822567773113617	0.0	0.023255813953488372	0.004405286343612335	0.07142857142857142	0.830124569620279	0	0.047619047619047616
fef78628ae8e	0.0	0.11711213489833155	0.240062131871887	0.18088083104991842	0.24682620069882444	0.02564102564102564	0.009523809523809525	0.07142857142857142	0.830124569620279	0	0.3333333333333333
0420445c592f	0.24514081807895213	0.43890171398791633	0.43089513777496785	0.3740477138126567	0.4324785298813905	0.5	0.05263157894736842	1.0	0.6647010817031233	0	0.043478260869565216
41a1e87a2557	0.11297202341832605	0.411408089932221	0.42517527839513775	0.386382303770726	0.4005336343360572	0.05555555555555555	0.009174311926605505	0.07142857142857142	1.0	0	0.5
778b318bf89a	0.06608439733031304	0.11711213489833155	0.23691193412730824	0.22673840454420918	0.1263542936043644	0.0625	0.0035460992907801418	0.07142857142857142	1.0	0	1.0
979ca7bbfe0a	0.0	0.0	0.03639918008035379	0.0	0.0631771468021822	0.03225806451612903	0.007936507936507936	0.14285714285714285	0.830124569620279	0	0.05
ae1fc297c6fb	0.2623129151112843	0.32281617986444205	0.4106783182874895	0.38877635184434883	0.34281592499532165	0.013157894736842105	0.003472222222222222	0.07142857142857142	0.830124569620279	0	0.16666666666666666
c8196ea006dc	0.0	0.14041485532469067	0.1746871247840085	0.11246238877989302	0.1895314404065466	0.043478260869565216	0.0070921985815602835	0.07142857142857142	0.7326214192552911	0	0.1
d1864e8d273a	0.0	0.08859191006777895	0.08225672366991757	0.06222484992148576	0.0631771468021822	0.1	0.5	0.8571428571428571	1.0	1	0.3333333333333333
f13033d66683	0.5771203445642347	0.6612078800655166	0.6733332116066469	0.6691433002686458	0.4659339488260871	0.012195121951219513	0.0038314176245210726	0.07142857142857142	0.830124569620279	0	0.027777777777777776
4fa9fb0b502f	0.0	0.14041485532469067	0.2619324331157728	0.21108644251844974	0.25823423997013745	0.03571428571428571	0.009708737864077669	0.14285714285714285	0.830124569620279	0	0.1
1f74053488c5	0.11297202341832605	0.3373008448510428	0.3916815759881601	0.3417297347099609	0.3845885335745019	0.05263157894736842	0.017543859649122806	0.42857142857142855	0.7326214192552911	0	0.5
313ca82fe335	0.0	0.0	0.0	0.0	0.0	0.0	0.0	0.0	0.0	0	0.0
3d8c257c8ac6	0.3283973124415973	0.4807231591525268	0.45419182730123314	0.3928181944644745	0.46085332591897055	0.015151515151515152	0.004784688995215311	0.07142857142857142	0.7326214192552911	0	0.05263157894736842
2084edd78093	0.17905642074863906	0.3694216207171603	0.42114897920955413	0.3933810269187905	0.37164860351436985	0.012658227848101266	0.004807692307692308	0.07142857142857142	0.830124569620279	0	0.2
a6ebacc9d306	0.06608439733031304	0.08859191006777895	0.16803434660440356	0.16803445618334878	0.0	0.058823529411764705	0.022727272727272728	0.07142857142857142	0.830124569620279	1	0.06666666666666667
b6111717b7d3	0.06608439733031304	0.05182294525691176	0.1746871247840085	0.036399203817070964	0.22648770218837871	0.1111111111111111	0.015625	0.07142857142857142	1.0	0	0.019230769230769232
ee444a04dcc1	0.14934089169295822	0.30053188004017556	0.3322711483513144	0.3082741218954018	0.2730470857191745	0.019230769230769232	0.005291005291005291	0.07142857142857142	0.830124569620279	0	1.0
6ff62eb1cb80	0.24514081807895213	0.3921312490847479	0.48857358711355064	0.48023125716789555	0.34067122942285855	0.023255813953488372	0.00423728813559322	0.07142857142857142	0.7326214192552911	0	0.03571428571428571
a9037c382b1f	0.2920284441669651	0.3064776548439464	0.41948649792296083	0.401425643245588	0.33622423252135675	0.037037037037037035	0.00847457627118644	0.14285714285714285	0.830124569620279	0	0.2
0673dacb1520	0.3487969244049448	0.37633201224543794	0.34937424956801705	0.30681439083211687	0.3315490869240364	0.02	0.005847953216374269	0.07142857142857142	0.830124569620279	0	0.3333333333333333
324ace413314	0.0	0.29429595503388944	0.346583203298102	0.2975193905947101	0.33847484949608225	0.05	0.0056179775280898875	0.07142857142857142	0.7326214192552911	0	0.3333333333333333
c4a8bea2a07e	0.3581128414972781	0.3583006001008581	0.4156293757040912	0.4034544636588299	0.3004002257520429	0.012195121951219513	0.003816793893129771	0.07142857142857142	0.830124569620279	0	0.16666666666666666
0bfbad79b7bd	0.06608439733031304	0.20570404496611053	0.2733111142076621	0.23025930610483455	0.25823423997013745	0.06000000000000001	0.0125	0.5714285714285714	0.830124569620279	1	1.0
2bf438ae1bcd	0.14934089169295822	0.3694216207171603	0.40244552226158176	0.3344610219376306	0.41506473223666435	0.1111111111111111	0.015384615384615385	0.07142857142857142	1.0	0	0.05555555555555555
ae59b0746ce7	0.3581128414972781	0.4907246592448281	0.48621104487374167	0.449512420009539	0.45790338052840085	0.02	0.006060606060606061	0.07142857142857142	0.830124569620279	0	0.25
f2258c95c059	0.0	0.0	0.03639918008035379	0.0	0.0631771468021822	0.03296703296703297	0.0051813471502590676	0.7857142857142856	0.24307555138436987	0	0.047619047619047616
08c87d12cf53	0.0	0.0	0.03639918008035379	0.0	0.0631771468021822	0.029411764705882353	0.0055248618784530384	0.14285714285714285	0.830124569620279	0	0.16666666666666666
ee1fab423035	0.11297202341832605	0.14041485532469067	0.16803434660440356	0.1444816272328475	0.1263542936043644	0.012195121951219513	0.003703703703703704	0.07142857142857142	0.830124569620279	0	0.006756756756756757
f9500015840d	0.5037910132531164	0.6541364666459346	0.6162671596095013	0.5574445982314135	0.6222078973068437	0.023255813953488372	0.0043859649122807015	0.07142857142857142	0.7326214192552911	0	0.25
8c9940673a65	0.3980639238155956	0.45070805050521723	0.4403535012841779	0.37611151694339084	0.44975438522753747	0.019230769230769232	0.005917159763313609	0.07142857142857142	0.830124569620279	0	0.5
d097bbf224ec	0.3171525659982445	0.4188555037182755	0.448606861145672	0.43522259290637055	0.34067122942285855	1.0	0.006944444444444444	1.0	0.7326214192552911	0	0.3333333333333333
3ae59f888cd5	0.0	0.08859191006777895	0.29248396529100307	0.2431056809714042	0.2857857377665804	0.08333333333333333	0.003663003663003663	0.07142857142857142	1.0	0	1.0
59885f62109a	0.17905642074863906	0.30053188004017556	0.36373450393816925	0.3152366395650962	0.35472134807332406	0.03125	0.009009009009009009	0.14285714285714285	0.830124569620279	0	1.0
875bb9284a61	0.06608439733031304	0.20570404496611053	0.30072565970853826	0.25947295739859916	0.28173416602494156	0.02702702702702703	0.125	0.07142857142857142	0.830124569620279	0	0.022222222222222223
08d37c9166a8	0.0	0.17718382013555786	0.2110863048643623	0.18667454976445727	0.1633105553861965	0.012658227848101266	0.0064516129032258064	0.07142857142857142	0.830124569620279	0	0.2
8475b20f280d	0.39081898983479035	0.579316569312607	0.6530403878304294	0.6528539843173897	0.17736067403666203	0.5	0.00392156862745098	1.0	0.6129557746355119	0	0.5
5b47d761d33c	0.17905642074863906	0.20570404496611053	0.3547087746343028	0.35028587083897605	0.1633105553861965	0.09090909090909091	0.030303030303030304	0.8571428571428571	0.7326214192552911	1	0.14285714285714285
4c72406075b3	0.24514081807895213	0.3621161404374383	0.3787912146812241	0.36903924075360267	0.24682620069882444	0.02127659574468085	0.004878048780487805	0.07142857142857142	0.830124569620279	0	0.07142857142857142
428c7d138e45	0.11297202341832605	0.3278290227207929	0.35556783787757956	0.28340860774971316	0.37164860351436985	0.05555555555555555	0.02564102564102564	0.07142857142857142	0.830124569620279	0	1.0
e1e0b0777b3b	0.06608439733031304	0.08859191006777895	0.1866744280298992	0.16803445618334878	0.1263542936043644	0.012195121951219513	0.003745318352059925	0.07142857142857142	0.830124569620279	0	0.010752688172043012
e9f77adabc91	0.0	0.0	0.03639918008035379	0.0	0.0631771468021822	0.1111111111111111	0.02040816326530612	0.07142857142857142	1.0	0	0.1111111111111111
6740d85a98b3	0.0	0.11711213489833155	0.16803434660440356	0.11246238877989302	0.17736067403666203	0.08333333333333333	0.03225806451612903	0.8571428571428571	0.7326214192552911	1	0.5
1a2675ebc8be	0.0	0.11711213489833155	0.1350231695040073	0.0822567773113617	0.14669279211481012	0.047619047619047616	0.009259259259259259	0.07142857142857142	0.7326214192552911	0	0.034482758620689655
48cdcb685705	0.11297202341832605	0.23923711265301395	0.3300267458539839	0.3229360542951501	0.17736067403666203	0.07142857142857142	0.016129032258064516	0.8571428571428571	0.7326214192552911	1	1.0
b6a993f10394	0.17905642074863906	0.287740102177659	0.4231846996354073	0.41296297099856594	0.29338558422962024	0.025	0.005154639175257732	0.07142857142857142	0.830124569620279	0	0.125
a9b382a169c9	0.14934089169295822	0.27352423036965934	0.42358636215720746	0.3826670915662682	0.40275680202390485	0.02	0.005050505050505051	0.07142857142857142	0.830124569620279	0	0.125
1d591fee2606	0.0	0.19223780058160245	0.30072565970853826	0.2543417618564522	0.28966484899056094	0.012658227848101266	0.0041841004184100415	0.07142857142857142	0.830124569620279	0	0.0196078431372549
59311d25b7aa	0.2778469664164643	0.3373008448510428	0.4489096318335495	0.3446733257124728	0.4851676416108924	0.125	0.037037037037037035	1.0	0.830124569620279	0	0.25
180776201731	0.2920284441669651	0.46987206706172324	0.5813088150871166	0.5764055357755102	0.3872306129536544	0.047619047619047616	0.006711409395973154	0.42857142857142855	0.7326214192552911	0	0.3333333333333333
7a94213a56b4	0.06608439733031304	0.1601170247154849	0.36373450393816925	0.2666585099219055	0.3959176932594214	0.058823529411764705	0.02857142857142857	0.07142857142857142	0.830124569620279	0	1.0
f1ada0839f06	0.06608439733031304	0.26577573020333684	0.42478067809446846	0.42196909043768166	0.1895314404065466	0.02564102564102564	0.006578947368421052	0.07142857142857142	0.830124569620279	0	1.0
42fe82896e9c	0.20418054257991852	0.27352423036965934	0.43163097323793465	0.38877635184434883	0.41410022211038494	0.019230769230769232	0.00510204081632653	0.07142857142857142	0.830124569620279	0	1.0
9debf2fa2dad	0.0	0.27352423036965934	0.35641875821878183	0.343702813747676	0.24682620069882444	0.1111111111111111	0.01098901098901099	0.07142857142857142	1.0	0	0.017543859649122806
493703d05279	0.6791005062725557	0.8235299254490349	0.8581113098000227	0.8580960291375812	0.1633105553861965	0.03896103896103896	0.0034965034965034965	0.21428571428571427	0.6647010817031233	0	1.0
f07343a21381	0.0	0.08859191006777895	0.1350231695040073	0.1350232575556277	0.0	0.02631578947368421	0.01020408163265306	0.07142857142857142	0.830124569620279	0	0.09090909090909091
b619bd4174e6	0.0	0.0	0.19724797884730702	0.15303776336186264	0.1895314404065466	0.02702702702702703	0.25	0.07142857142857142	0.830124569620279	0	0.009433962264150943
073f60a98c45	0.06608439733031304	0.14041485532469067	0.2871494402247173	0.2666585099219055	0.21855701922275933	0.037037037037037035	0.008547008547008548	0.14285714285714285	0.830124569620279	0	1.0
a6b6e3cf36a4	0.8805509317854763	0.9910814820732016	1.0	1.0	0.0631771468021822	0.14285714285714285	0.00398406374501992	1.0	0.19649904201920165	0	1.0
15df29c7d7db	0.17905642074863906	0.3121590839292501	0.485208001769834	0.4615747594784907	0.4233146637121721	0.02142857142857143	0.023809523809523808	0.21428571428571427	0.2977095698108656	0	0.5
a8863e38d9d9	0.0	0.1601170247154849	0.31787696034860546	0.3053305308928899	0.20986993891699235	0.034482758620689655	0.009900990099009901	0.14285714285714285	0.830124569620279	0	0.5
d4aea8918519	0.11297202341832605	0.41393908569435	0.46717109007501156	0.40445193483653896	0.475317178173127	0.0196078431372549	0.005649717514124294	0.07142857142857142	0.830124569620279	0	1.0
144e1f70d7b3	0.0	0.19223780058160245	0.29248396529100307	0.2643266520013773	0.24682620069882444	0.02702702702702703	0.011235955056179775	0.14285714285714285	0.830124569620279	0	0.5
c0777eb25f14	0.06608439733031304	0.20570404496611053	0.32772478834659746	0.31251608341619624	0.2337832233056255	0.012658227848101266	0.00641025641025641	0.07142857142857142	0.830124569620279	0	0.16666666666666666
e04b56dad3ce	0.0	0.05182294525691176	0.16803434660440356	0.15303776336186264	0.1001334085840143	0.05263157894736842	0.00390625	0.42857142857142855	0.7326214192552911	0	1.0
01aea7d18e1b	0.0	0.05182294525691176	0.09862398942365351	0.0822567773113617	0.0631771468021822	0.02857142857142857	0.14285714285714285	0.14285714285714285	0.830124569620279	0	0.5
481670dcdf35	0.17905642074863906	0.4325626739221302	0.5369600704397952	0.5330214269445332	0.3240534661514722	0.02702702702702703	0.09090909090909091	0.07142857142857142	0.830124569620279	0	0.2
eefe8ba954b4	0.11297202341832605	0.22900676539246964	0.33553592355096173	0.29587216121567017	0.31299198758814106	0.02702702702702703	0.01	0.07142857142857142	0.830124569620279	0	0.006535947712418301
7a6fa0f8e860	0.3980639238155956	0.4746357653765741	0.49030556541181364	0.422781507587797	0.5032555231466126	0.047619047619047616	0.0045045045045045045	0.07142857142857142	0.6647010817031233	0	0.14285714285714285
4bcbfd0e4386	0.14934089169295822	0.3373008448510428	0.4578222707207731	0.45419212348985394	0.2405378208388442	0.047619047619047616	0.017241379310344827	0.35714285714285715	0.830124569620279	0	0.2
b2c397f51fb0	0.2920284441669651	0.4409467353648662	0.5692622111076858	0.5657954484662558	0.34491131282712373	0.02857142857142857	0.0625	0.14285714285714285	0.830124569620279	0	1.0
3bba4cd96313	0.17905642074863906	0.19223780058160245	0.382032412356413	0.3668041506363452	0.2857857377665804	0.06666666666666667	0.16666666666666666	0.07142857142857142	0.830124569620279	1	1.0
25901b86d2de	0.0	0.05182294525691176	0.2733111142076621	0.23025930610483455	0.25823423997013745	0.047619047619047616	0.003787878787878788	0.35714285714285715	0.830124569620279	0	0.06666666666666667
2e832ebf0235	0.0	0.0	0.09862398942365351	0.06222484992148576	0.1001334085840143	0.045454545454545456	0.045454545454545456	0.35714285714285715	0.830124569620279	0	0.16666666666666666
afa073274618	0.7661039283644008	0.8366601863200743	0.8869796960717886	0.8733079103306942	0.7853700477380463	0.012658227848101266	0.0035714285714285713	0.07142857142857142	0.5074949309557394	0	1.0
5dd9f96cb3ee	0.14934089169295822	0.14041485532469067	0.1921167866513249	0.11246238877989302	0.21855701922275933	0.029411764705882353	0.003861003861003861	0.14285714285714285	0.830124569620279	0	0.25
ce0b4778cc1b	0.06608439733031304	0.21788574477616746	0.3022869412151867	0.2733112924399355	0.25823423997013745	0.02	0.006369426751592357	0.07142857142857142	0.830124569620279	0	0.5
f1aaa871c14c	0.17905642074863906	0.20570404496611053	0.30681419075174	0.28896325446569493	0.22648770218837871	0.034482758620689655	0.014084507042253521	0.14285714285714285	0.830124569620279	0	1.0
8f492e69aa21	0.0	0.0	0.16084879876695327	0.12444969984297151	0.14669279211481012	0.047619047619047616	0.07692307692307693	0.35714285714285715	0.830124569620279	0	0.25
4578a95a5764	0.06608439733031304	0.21788574477616746	0.30681419075174	0.2543417618564522	0.3037149676410264	0.0196078431372549	0.005747126436781609	0.07142857142857142	0.830124569620279	0	0.14285714285714285
f7d5709ee3bd	0.0	0.0	0.06222480934329974	0.036399203817070964	0.0631771468021822	0.058823529411764705	0.2	0.07142857142857142	0.830124569620279	1	1.0
5147c17e9683	0.06608439733031304	0.14041485532469067	0.19724797884730702	0.18088083104991842	0.1263542936043644	0.5	0.004048582995951417	1.0	0.830124569620279	0	0.125
b0af6b72f007	0.11297202341832605	0.11711213489833155	0.1746871247840085	0.11246238877989302	0.1895314404065466	0.5	0.006802721088435374	1.0	0.830124569620279	0	0.045454545454545456
30b89717bac5	0.0	0.0	0.03639918008035379	0.0	0.0631771468021822	0.034482758620689655	0.020833333333333332	0.21428571428571427	0.6129557746355119	1	1.0
fc2f87a798bb	0.11297202341832605	0.14041485532469067	0.26665833602805705	0.23691208862286453	0.22648770218837871	0.043478260869565216	0.008928571428571428	0.07142857142857142	0.7326214192552911	0	0.5
04b13382be1d	0.14934089169295822	0.2575269902230222	0.2733111142076621	0.2643266520013773	0.14669279211481012	0.012048192771084338	0.0035971223021582736	0.07142857142857142	0.830124569620279	0	0.5
8559551465d2	0.9771239714375873	0.911100974583848	0.9469898526770555	0.9469904702302598	0.0	0.06306306306306306	0.010101010101010102	0.6428571428571428	0.3420714430385838	1	1.0
6d1de89ec39b	0.11297202341832605	0.17718382013555786	0.16803434660440356	0.1444816272328475	0.1263542936043644	0.06000000000000001	0.0196078431372549	0.5714285714285714	0.830124569620279	1	0.1
ebfaf27aee27	0.14934089169295822	0.17718382013555786	0.29248396529100307	0.285298603503014	0.14669279211481012	0.05263157894736842	0.004	0.42857142857142855	0.7326214192552911	0	0.3333333333333333
5c5afb6f165b	0.0	0.0	0.08225672366991757	0.0822567773113617	0.0	0.1111111111111111	0.013513513513513514	0.07142857142857142	1.0	0	0.0196078431372549
f6bb03e86f90	0.06608439733031304	0.2487089347832638	0.30971029428801583	0.2543417618564522	0.31000334750100667	0.012658227848101266	0.005813953488372093	0.07142857142857142	0.830124569620279	0	0.25
11707f6c16f9	0.06608439733031304	0.3417859053635422	0.3966856131715804	0.34752345342449975	0.38852347656524444	0.047619047619047616	0.003875968992248062	0.35714285714285715	0.830124569620279	0	0.05263157894736842
022463076c19	0.14934089169295822	0.45257393925394085	0.5289012897711829	0.4731345081758211	0.5302026698294051	0.02	0.005681818181818182	0.07142857142857142	0.830124569620279	0	1.0
d4c17b46ab3c	0.11297202341832605	0.3121590839292501	0.3529655854182781	0.3407266909519464	0.2405378208388442	0.058823529411764705	0.024390243902439025	0.07142857142857142	0.830124569620279	1	0.1
d7a3a55ba8db	0.06608439733031304	0.3278290227207929	0.4432970903671096	0.4416739811001098	0.1633105553861965	0.029411764705882353	0.012345679012345678	0.14285714285714285	0.830124569620279	0	1.0
60d57bf5df89	0.06608439733031304	0.2575269902230222	0.3386861212955405	0.33764850999558577	0.0631771468021822	0.05263157894736842	0.004975124378109453	0.42857142857142855	0.7326214192552911	0	0.16666666666666666
9ca825acc305	0.11297202341832605	0.19223780058160245	0.2795047025172246	0.2619326039277545	0.2002668171680286	0.02	0.005714285714285714	0.07142857142857142	0.830124569620279	0	0.2
9f0e2a81c5a9	0.17905642074863906	0.5439145812682246	0.5094564217813707	0.48275427519375724	0.4573017588299519	0.05555555555555555	0.06666666666666667	0.07142857142857142	1.0	0	0.3333333333333333
a5aa40c05edd	0.5000440855239167	0.6338590024684603	0.7075388559908385	0.7074545233159374	0.1633105553861965	0.013157894736842105	0.0034602076124567475	0.07142857142857142	0.830124569620279	0	1.0
ca389cecc6e1	0.43584391932900896	0.5873073654933277	0.6627317424485197	0.6547355376217033	0.5119426034523796	1.0	0.006756756756756757	1.0	0.7326214192552911	0	0.5
2c51582762ea	0.06608439733031304	0.20570404496611053	0.27748728224918834	0.2431056809714042	0.24682620069882444	0.0625	0.02631578947368421	0.07142857142857142	1.0	1	1.0
19bcb5a6573d	0.11297202341832605	0.28082971064938134	0.32772478834659746	0.28714962748127176	0.30691337849138584	0.012658227848101266	0.006172839506172839	0.07142857142857142	0.830124569620279	0	1.0
1d2c3fca8353	0.14934089169295822	0.17718382013555786	0.2907407760749784	0.2733112924399355	0.20986993891699235	0.034482758620689655	0.011494252873563218	0.21428571428571427	0.6129557746355119	1	1.0
0d16742315f5	0.14934089169295822	0.32281617986444205	0.42114897920955413	0.41948677147946223	0.14669279211481012	0.023255813953488372	0.003676470588235294	0.07142857142857142	0.830124569620279	0	1.0
d03eac1e5a42	0.11297202341832605	0.19223780058160245	0.25947278819060676	0.22673840454420918	0.22648770218837871	0.02631578947368421	0.01694915254237288	0.07142857142857142	0.830124569620279	0	0.3333333333333333
790e43fe9d91	0.0	0.19223780058160245	0.1921167866513249	0.1350232575556277	0.2002668171680286	0.08333333333333333	0.3333333333333333	0.07142857142857142	1.0	0	0.3333333333333333
2250f3fb4c63	0.06608439733031304	0.08859191006777895	0.2110863048643623	0.1972481074771134	0.1263542936043644	0.022727272727272728	0.004329004329004329	0.07142857142857142	0.830124569620279	0	0.5
3fa8268540a1	0.3171525659982445	0.4007509939970291	0.49709438153813623	0.48798907315063655	0.35656273103180247	0.03125	0.0036363636363636364	0.14285714285714285	0.830124569620279	0	0.16666666666666666
a43d3b308c6a	0.06608439733031304	0.22900676539246964	0.30072565970853826	0.268931327075819	0.2634439639702108	0.02857142857142857	0.011904761904761904	0.14285714285714285	0.830124569620279	0	0.5
b18dcbf17740	0.0	0.0	0.0	0.0	0.0	0.0	0.0	0.0	0.0	0	0.0
efe0d828766c	0.0	0.14041485532469067	0.37193510363131554	0.3111242496074288	0.37762749120469064	0.047619047619047616	0.004201680672268907	0.07142857142857142	0.7326214192552911	0	1.0
d6323cdb74c5	0.20418054257991852	0.29429595503388944	0.4092792547936479	0.4083345499955632	0.1001334085840143	0.058823529411764705	0.013157894736842105	0.07142857142857142	0.830124569620279	1	0.2
59539dbe627a	0.14934089169295822	0.3373008448510428	0.42712267414803223	0.4251755556614198	0.1633105553861965	0.047619047619047616	0.00909090909090909	0.42857142857142855	0.7326214192552911	0	0.047619047619047616
74a7ac1e7541	0.38323696332855756	0.4544129797493744	0.5868731402467455	0.5866782967522381	0.1263542936043644	0.06666666666666667	0.008264462809917356	0.14285714285714285	0.830124569620279	0	1.0
d467dd62dd74	0.14934089169295822	0.23923711265301395	0.26432647962818445	0.22673840454420918	0.2405378208388442	0.1111111111111111	0.023255813953488372	0.07142857142857142	1.0	0	0.06666666666666667
bbbbb1aa15b5	0.14934089169295822	0.3694216207171603	0.4489096318335495	0.444891941487754	0.2405378208388442	0.02857142857142857	0.010752688172043012	0.14285714285714285	0.830124569620279	0	1.0
870bdb7ff9c8	0.11297202341832605	0.23923711265301395	0.35384141113454926	0.346583429312739	0.2002668171680286	0.034090909090909095	0.004081632653061225	0.7857142857142856	0.24307555138436987	0	1.0
d0fe1cca56aa	0.0	0.05182294525691176	0.08225672366991757	0.036399203817070964	0.1001334085840143	0.023255813953488372	0.0036900369003690036	0.07142857142857142	0.830124569620279	0	0.25
035422b7b174	0.17905642074863906	0.08859191006777895	0.2569438484539261	0.24006228842175747	0.17736067403666203	0.012195121951219513	0.0036231884057971015	0.07142857142857142	0.830124569620279	0	0.008695652173913044
f4b47e8b4237	0.0	0.0	0.1350231695040073	0.0822567773113617	0.14669279211481012	0.012345679012345678	0.0038910505836575876	0.07142857142857142	0.830124569620279	0	0.5
a5addb20f14b	0.06608439733031304	0.22900676539246964	0.36903900009503976	0.36528256366046225	0.1633105553861965	0.02564102564102564	0.018518518518518517	0.07142857142857142	0.830124569620279	0	0.5
07de5a904de1	0.14934089169295822	0.1601170247154849	0.32169759753390653	0.3097104962570064	0.20986993891699235	0.047619047619047616	0.004166666666666667	0.07142857142857142	0.7326214192552911	0	1.0
3fd863e8ce59	0.06608439733031304	0.14041485532469067	0.3311559610431165	0.25947295739859916	0.3469596092828387	0.02857142857142857	0.018867924528301886	0.14285714285714285	0.830124569620279	0	0.5
fe684ba75284	0.11297202341832605	0.19223780058160245	0.25166165298624243	0.23025930610483455	0.1895314404065466	0.012195121951219513	0.006024096385542169	0.07142857142857142	0.830124569620279	0	0.018518518518518517
99eb1a5de1b6	0.43012458941657056	0.3503098039201374	0.49849708857455843	0.4366198426291333	0.5061264803815181	0.012658227848101266	0.019230769230769232	0.07142857142857142	0.830124569620279	0	0.05
fe15228c9896	0.11297202341832605	0.37633201224543794	0.45362003285944397	0.44799853114131427	0.2730470857191745	0.02702702702702703	0.008849557522123894	0.07142857142857142	0.830124569620279	0	0.25
bf830d95f761	0.0	0.0	0.12444961868659946	0.11246238877989302	0.0631771468021822	0.02040816326530612	0.007194244604316547	0.07142857142857142	0.830124569620279	0	0.16666666666666666
e60f78dfdfbc	0.8006850180782491	1.0	0.9992232353797657	0.9650597436413731	0.9728465809241238	0.03225806451612903	0.008620689655172414	0.14285714285714285	0.830124569620279	0	0.09090909090909091
ea523606754e	0.22594404683665206	0.3175986754602486	0.37404746988795895	0.36451198826472897	0.2405378208388442	0.06666666666666667	0.0035211267605633804	0.07142857142857142	1.0	0	0.5
57a95ff3d35d	0.0	0.0	0.20210167028488468	0.1350232575556277	0.21855701922275933	0.08333333333333333	0.004901960784313725	0.07142857142857142	1.0	0	0.010526315789473684
946fd0cc791b	0.0	0.05182294525691176	0.03639918008035379	0.0	0.0631771468021822	0.047619047619047616	0.010416666666666666	0.14285714285714285	0.830124569620279	0	1.0
f9e8471002d7	0.06608439733031304	0.3121590839292501	0.35726168857966106	0.343702813747676	0.2527085872087288	0.0625	0.025	0.07142857142857142	1.0	1	1.0
df30ea9c92a5	0.0	0.05182294525691176	0.21526247290588865	0.16084890366004248	0.21855701922275933	0.02040816326530612	0.00625	0.07142857142857142	0.830124569620279	0	1.0
e45756bc40c9	0.06608439733031304	0.1601170247154849	0.2711478426908739	0.2643266520013773	0.1263542936043644	0.1	0.010309278350515464	0.07142857142857142	1.0	0	0.25
8870deb3cd89	0.7192163022763876	0.7366549822195416	0.733626838882853	0.6902862430604149	0.720577898491306	0.030959752321981428	0.0044444444444444444	0.8571428571428571	0.24307555138436987	0	0.25
3b2a90971455	0.0	0.27352423036965934	0.223073608110253	0.2067064771543332	0.14669279211481012	0.015151515151515152	0.0049261083743842365	0.07142857142857142	0.6647010817031233	0	0.05
d11ce2b0a5d0	0.11297202341832605	0.28082971064938134	0.33659831966454223	0.3111242496074288	0.28173416602494156	0.03225806451612903	0.008	0.14285714285714285	0.830124569620279	0	0.05263157894736842
516d55e8b29f	0.06608439733031304	0.11711213489833155	0.23691193412730824	0.22673840454420918	0.1263542936043644	0.024390243902439025	0.004366812227074236	0.07142857142857142	1.0	0	1.0
84a1d576b4ec	0.11297202341832605	0.3417859053635422	0.458095547716768	0.44200101782755763	0.3652498113375695	0.0625	0.004016064257028112	0.07142857142857142	1.0	0	1.0
0793d123f7b3	0.14934089169295822	0.29429595503388944	0.30681419075174	0.25947295739859916	0.29696037010780774	0.0196078431372549	0.005555555555555556	0.07142857142857142	0.830124569620279	0	0.25
a50cdaf71385	0.0	0.17718382013555786	0.2834084229327595	0.2431056809714042	0.2634439639702108	0.05	0.00411522633744856	0.07142857142857142	0.7326214192552911	0	1.0
f15277be8b1c	0.41804616249593934	0.3694216207171603	0.5071164607072851	0.4413457486232843	0.5186498404460089	0.045454545454545456	0.004347826086956522	0.14285714285714285	0.4819920873588857	0	0.0625
cf72f441e31e	0.06608439733031304	0.46151542407008833	0.5086831919892493	0.4539066813339376	0.5085664635439716	0.1111111111111111	0.011764705882352941	0.07142857142857142	1.0	0	0.014084507042253521
5d57c0556adb	0.06608439733031304	0.20570404496611053	0.2619324331157728	0.23364731129418437	0.21855701922275933	0.02857142857142857	0.010869565217391304	0.14285714285714285	0.830124569620279	0	0.3333333333333333
a91e68adf9db	0.06608439733031304	0.22900676539246964	0.3916815759881601	0.3899498519847272	0.1263542936043644	0.045454545454545456	0.007042253521126761	0.35714285714285715	0.830124569620279	0	0.1
dd2c4de0cdb1	0.14934089169295822	0.1601170247154849	0.38329681951029215	0.3832970694666971	0.0	0.058823529411764705	0.0136986301369863	0.07142857142857142	0.830124569620279	1	0.25
a90ae029cad6	0.06608439733031304	0.11711213489833155	0.1746871247840085	0.16084890366004248	0.1001334085840143	0.09090909090909091	0.1	0.8571428571428571	0.7326214192552911	1	0.047619047619047616
b1e23474d7a8	0.06608439733031304	0.05182294525691176	0.11246231544070878	0.036399203817070964	0.14669279211481012	0.012658227848101266	0.008403361344537815	0.07142857142857142	0.830124569620279	0	0.14285714285714285
87627c299529	0.06608439733031304	0.22900676539246964	0.31916865779722586	0.30072585581844824	0.2405378208388442	0.012195121951219513	0.015873015873015872	0.07142857142857142	0.830124569620279	0	0.01694915254237288
eaf43055f658	0.816110086311535	0.6953244976944226	0.7270539814176639	0.653475242730424	0.7484385369017538	0.04040404040404041	0.0045662100456621	0.2857142857142857	0.7326214192552911	0	0.3333333333333333
317ac07da1e6	0.3171525659982445	0.4865337556154919	0.5192222219741379	0.4533330596863628	0.5310128561096733	0.5	0.0072992700729927005	1.0	0.7326214192552911	0	1.0
bbac3d3dec30	0.14934089169295822	0.3461189002908012	0.43731011071919407	0.422781507587797	0.33622423252135675	0.03296703296703297	0.004032258064516129	0.7857142857142856	0.24307555138436987	0	0.1111111111111111
6cd3cdf49d80	0.22594404683665206	0.41642093278857184	0.4476923735378234	0.4251755556614198	0.3818675746089558	0.02857142857142857	0.006134969325153374	0.14285714285714285	0.830124569620279	0	1.0
3b8b88879a4b	0.22594404683665206	0.4034997259435338	0.45070512016195324	0.41906629538333917	0.4111438973422875	0.02	0.006329113924050633	0.07142857142857142	0.830124569620279	0	0.3333333333333333
68113cf4a290	0.0	0.3694216207171603	0.4059273989548512	0.33764850999558577	0.4188238363907879	0.023809523809523808	0.006097560975609756	0.07142857142857142	1.0	0	0.5
50aec4be6437	0.0	0.05182294525691176	0.11246231544070878	0.0822567773113617	0.1001334085840143	0.05	0.004149377593360996	0.07142857142857142	0.7326214192552911	0	0.14285714285714285
21e5630a726a	0.0	0.05182294525691176	0.08225672366991757	0.036399203817070964	0.1001334085840143	1.0	0.00684931506849315	1.0	0.830124569620279	0	1.0
1c6ed0c751b3	0.0	0.05182294525691176	0.240062131871887	0.1972481074771134	0.22648770218837871	0.09090909090909091	0.043478260869565216	0.8571428571428571	0.7326214192552911	1	0.058823529411764705
5d7537d1acd9	0.0	0.1601170247154849	0.16803434660440356	0.12444969984297151	0.1633105553861965	0.1111111111111111	0.011363636363636364	0.07142857142857142	1.0	0	0.01694915254237288
124b4010279f	0.06608439733031304	0.05182294525691176	0.11246231544070878	0.06222484992148576	0.1263542936043644	1.0	0.004484304932735426	1.0	0.830124569620279	0	0.16666666666666666
8c31110375c5	0.913657041496575	0.8216864640300847	0.8781007659745617	0.8689093554294399	0.7424025860712729	0.05555555555555555	0.0037313432835820895	0.42857142857142855	0.4395745934035716	0	1.0
8158aadd04cf	0.0	0.05182294525691176	0.2889630660264346	0.2619326039277545	0.2405378208388442	0.015625	0.006493506493506494	0.07142857142857142	0.830124569620279	0	1.0
ded6a85f493b	0.30507413907761327	0.29429595503388944	0.43236082623258804	0.42073651067529483	0.31299198758814106	0.012195121951219513	0.00819672131147541	0.07142857142857142	0.830124569620279	0	0.014084507042253521
917a3b0e6eb2	0.0	0.05182294525691176	0.03639918008035379	0.0	0.0631771468021822	0.037037037037037035	0.010526315789473684	0.14285714285714285	0.830124569620279	0	1.0
a53b695cf57b	0.20418054257991852	0.2487089347832638	0.44799823899167057	0.4386757679587653	0.31000334750100667	0.058823529411764705	0.013888888888888888	0.07142857142857142	0.830124569620279	1	0.3333333333333333
d5e354ff2378	0.0	0.28082971064938134	0.38392240687720625	0.3826670915662682	0.1001334085840143	0.05	0.008695652173913044	0.14285714285714285	0.830124569620279	0	1.0
d5c9f012fb45	0.0	0.0	0.09862398942365351	0.0822567773113617	0.0631771468021822	0.012658227848101266	0.0037593984962406013	0.07142857142857142	0.830124569620279	0	0.027777777777777776
be3686c05545	0.17905642074863906	0.19223780058160245	0.29913674347060804	0.2941941407259178	0.1263542936043644	0.0625	0.017857142857142856	0.07142857142857142	0.7326214192552911	1	1.0
