revisions	files	functions	lines	addLines	deleteLines	pos	time	rf	ibf	isComponent	distance
56bec749e36f	0.2778469664164643	0.40882595949874867	0.4641617102790876	0.3961434443332668	0.47727736891256717	1.0	0.0072992700729927005	1.0	0.7326214192552911	0	0.5
78e51ff47675	0.0	0.17718382013555786	0.3111240467164987	0.29587216121567017	0.21855701922275933	0.02702702702702703	0.007874015748031496	0.5	1.0	0	0.010416666666666666
ade58c61d69a	0.0	0.0	0.23364715892766083	0.18088083104991842	0.2337832233056255	0.25	0.008264462809917356	0.5	0.830124569620279	0	0.14285714285714285
2b43d87ca23d	0.0	0.11711213489833155	0.2192529709249519	0.21925311390470442	0.0	0.02702702702702703	0.007692307692307693	0.5	1.0	0	0.010752688172043012
7ee2469bbf78	0.11297202341832605	0.21788574477616746	0.2460491115198026	0.23025930610483455	0.1633105553861965	0.03571428571428571	0.014925373134328358	0.5	0.6647010817031233	0	1.0
ac8b09b99c40	0.0	0.11711213489833155	0.1808807130935711	0.16803445618334878	0.1001334085840143	0.0625	0.016129032258064516	1.0	0.5714147953641597	0	1.0
3f658c78cf90	0.11297202341832605	0.05182294525691176	0.06222480934329974	0.036399203817070964	0.0631771468021822	1.0	0.010752688172043012	1.0	0.7326214192552911	0	0.015151515151515152
8704804c47ad	0.0	0.22900676539246964	0.3152364339923866	0.2569440160127405	0.31869042780677365	0.25	0.007751937984496124	0.5	0.830124569620279	0	0.05555555555555555
0a5c9092b3c6	0.0	0.05182294525691176	0.346583203298102	0.285298603503014	0.3528419957927431	0.03571428571428571	0.008771929824561403	0.5	0.6647010817031233	0	0.125
10cdff00be15	0.06608439733031304	0.20570404496611053	0.2834084229327595	0.23691208862286453	0.2730470857191745	0.027777777777777776	0.00819672131147541	0.5	1.0	0	0.1
4f26ae04f798	0.06608439733031304	0.05182294525691176	0.23364715892766083	0.1972481074771134	0.20986993891699235	0.0625	0.006666666666666667	0.5	0.830124569620279	0	0.25
c43371ba2559	0.06608439733031304	0.14041485532469067	0.25947278819060676	0.25947295739859916	0.0	0.09090909090909091	0.008130081300813009	1.0	0.830124569620279	0	0.05263157894736842
576888cf33f3	0.0	0.0	0.06222480934329974	0.036399203817070964	0.0631771468021822	0.02702702702702703	0.007575757575757576	0.5	1.0	0	0.018518518518518517
1a20802429be	0.0	0.0	0.08225672366991757	0.06222484992148576	0.0631771468021822	0.027777777777777776	0.01020408163265306	0.5	1.0	0	0.08333333333333333
f68b6f0d5ca0	0.0	0.21788574477616746	0.25434159599462464	0.2431056809714042	0.14669279211481012	0.02702702702702703	0.03125	0.5	1.0	0	0.006666666666666667
52cb3b8b05b0	0.11297202341832605	0.1601170247154849	0.223073608110253	0.21925311390470442	0.0631771468021822	0.06666666666666667	0.011111111111111112	0.5	1.0	0	0.058823529411764705
90e7fafc040b	0.2623129151112843	0.3543676402711158	0.4305249458117773	0.4138606933036529	0.34067122942285855	0.03571428571428571	0.014705882352941176	0.5	0.7326214192552911	0	0.5
55d9dfb8117d	0.06608439733031304	0.1601170247154849	0.3613615528139077	0.3082741218954018	0.35836764855415176	0.06666666666666667	0.008064516129032258	0.5	1.0	0	0.025
343e4ba773e2	0.24514081807895213	0.3417859053635422	0.48857358711355064	0.4776352743785735	0.3635773725542251	0.045454545454545456	0.047619047619047616	0.5	1.0	0	0.06666666666666667
d2c448835bbb	0.0	0.05182294525691176	0.20210167028488468	0.15303776336186264	0.2002668171680286	1.0	0.010869565217391304	1.0	0.7326214192552911	0	0.0625
4916a251224c	0.17905642074863906	0.19223780058160245	0.35726168857966106	0.28896325446569493	0.370090525293568	0.03125	0.07142857142857142	0.5	1.0	0	0.034482758620689655
13dd1c8bd1ba	0.06608439733031304	0.1601170247154849	0.40445167108458346	0.33764850999558577	0.4160191425949253	0.038461538461538464	0.0078125	0.5	1.0	0	0.5
170ec57a6e92	0.14934089169295822	0.11711213489833155	0.1746871247840085	0.17468723870137876	0.0	0.25	0.008333333333333333	0.5	0.830124569620279	0	0.25
cbbd903707bd	0.17905642074863906	0.32281617986444205	0.2733111142076621	0.25166181710041935	0.20986993891699235	0.02857142857142857	0.02	0.5	1.0	0	0.037037037037037035
9165a27f05ed	0.0	0.0	0.1530376635625889	0.0986240537385567	0.1633105553861965	0.25	0.0196078431372549	0.5	0.830124569620279	0	0.2
af5d23c92a0c	0.0	0.0	0.2689311516998168	0.22307375358152826	0.25823423997013745	0.0625	0.006711409395973154	0.5	0.830124569620279	0	0.5
0aa15501598b	0.0	0.0	0.03639918008035379	0.036399203817070964	0.0	0.030303030303030304	0.08333333333333333	0.5	1.0	0	0.14285714285714285
81b36e9b2544	0.2623129151112843	0.3694216207171603	0.4550427476424354	0.449512420009539	0.2730470857191745	0.07142857142857142	0.038461538461538464	1.0	1.0	0	0.16666666666666666
db5973aae5f6	0.06608439733031304	0.05182294525691176	0.21526247290588865	0.18667454976445727	0.17736067403666203	0.05	0.011363636363636364	0.5	1.0	0	0.125
d2c563a102b1	0.4050004675852912	0.38604385530879515	0.4125104517531957	0.33971231312631994	0.4292518086234766	0.25	0.018518518518518517	1.0	0.830124569620279	1	1.0
4a9ffa2b3792	0.06608439733031304	0.05182294525691176	0.21526247290588865	0.2021018020798915	0.1263542936043644	0.25	0.02857142857142857	0.5	0.830124569620279	0	0.16666666666666666
e84b4b9c4e32	0.46649345769120276	0.48220076068823287	0.6626758797062939	0.6626763118520153	0.0	0.03125	0.013333333333333334	0.5	0.6129557746355119	0	0.25
a6b6e3cf36a4	0.8805509317854763	0.9910814820732016	1.0	1.0	0.0631771468021822	0.15384615384615385	0.006802721088435374	1.0	0.19649904201920165	0	1.0
3d3a2c23e751	0.06608439733031304	0.11711213489833155	0.2569438484539261	0.25166181710041935	0.1001334085840143	0.058823529411764705	0.011904761904761904	0.5	1.0	0	0.5
a435859b5764	0.06608439733031304	0.05182294525691176	0.1530376635625889	0.11246238877989302	0.14669279211481012	0.09090909090909091	0.007407407407407408	1.0	0.830124569620279	0	0.058823529411764705
5cda33da0063	0.06608439733031304	0.19223780058160245	0.3288831453713568	0.30681439083211687	0.2634439639702108	0.3333333333333333	0.05	1.0	1.0	1	1.0
bb5436a892c1	0.0	0.0	0.0	0.0	0.0	0.0	0.0	0.0	0.0	0	0.0
fe715a1d4fb1	0.0	0.05182294525691176	0.1808807130935711	0.17468723870137876	0.0631771468021822	1.0	0.006756756756756757	1.0	0.7326214192552911	0	0.1111111111111111
aeab4ec26a3c	0.0	0.11711213489833155	0.3675551411234703	0.3668041506363452	0.0631771468021822	0.0625	0.013513513513513514	1.0	0.5714147953641597	0	0.5
9744ec677e72	0.17905642074863906	0.3064776548439464	0.3972247825032021	0.36604658088821196	0.35656273103180247	0.0625	0.02040816326530612	1.0	0.5368943496508024	0	0.3333333333333333
63af134bab32	0.0	0.14041485532469067	0.22673825668313485	0.17468723870137876	0.22648770218837871	0.047619047619047616	0.012987012987012988	0.5	1.0	0	0.25
6c563c769572	0.17905642074863906	0.2487089347832638	0.31388646232954215	0.285298603503014	0.26837194012185417	0.03571428571428571	0.015384615384615385	0.5	0.6647010817031233	0	0.3333333333333333
cd88edd941d4	0.14934089169295822	0.2575269902230222	0.40244552226158176	0.39882338908929965	0.1895314404065466	0.07142857142857142	0.125	1.0	1.0	0	0.07142857142857142
d651930d236d	0.2920284441669651	0.27352423036965934	0.5071164607072851	0.379449131178624	0.5531088129607717	0.037037037037037035	1.0	0.5	0.830124569620279	0	0.027777777777777776
bb7217e001ee	0.06608439733031304	0.0	0.2975191965758062	0.27748746320483414	0.22648770218837871	0.038461538461538464	0.009523809523809525	0.5	1.0	0	0.09090909090909091
bfaf3c5c23dc	0.06608439733031304	0.08859191006777895	0.1350231695040073	0.0822567773113617	0.14669279211481012	0.045454545454545456	0.024390243902439025	0.5	1.0	0	1.0
1fa57a19bb5d	0.0	0.1601170247154849	0.4156293757040912	0.35384164188242545	0.4224340253987229	1.0	0.006896551724137931	1.0	0.7326214192552911	0	0.01818181818181818
963c7e594b71	0.14934089169295822	0.11711213489833155	0.24310552243687084	0.23025930610483455	0.14669279211481012	0.0625	0.045454545454545456	0.5	0.830124569620279	0	0.5
03bdc8339349	0.0	0.08859191006777895	0.2754234804643054	0.23025930610483455	0.2634439639702108	0.058823529411764705	0.011494252873563218	0.5	1.0	0	1.0
256d78f9803e	0.11297202341832605	0.14041485532469067	0.1921167866513249	0.12444969984297151	0.20986993891699235	0.03125	0.017241379310344827	0.5	1.0	0	0.2
bea2208fcc5b	0.22594404683665206	0.41642093278857184	0.5986733603144505	0.5693416413307255	0.5547812517441161	0.03125	0.0136986301369863	0.5	1.0	0	1.0
af29291173ee	0.11297202341832605	0.1601170247154849	0.26665833602805705	0.17468723870137876	0.29696037010780774	0.02857142857142857	0.013157894736842105	0.5	1.0	0	1.0
2e0dcf5f412d	0.43012458941657056	0.49478249559580645	0.6253075549171714	0.6098595253680459	0.5302026698294051	0.06666666666666667	0.037037037037037035	0.5	1.0	0	0.1111111111111111
2a5acc1be1f1	0.0	0.0	0.1530376635625889	0.1350232575556277	0.1001334085840143	0.03125	0.1	0.5	1.0	0	0.03225806451612903
98b55d1489c3	0.06608439733031304	0.14041485532469067	0.2834084229327595	0.2431056809714042	0.2634439639702108	0.03125	0.02564102564102564	0.5	1.0	0	0.047619047619047616
7606620a81fa	0.14934089169295822	0.20570404496611053	0.3165664053379244	0.3082741218954018	0.17736067403666203	0.0625	0.043478260869565216	1.0	0.6129557746355119	0	1.0
d40314454366	0.0	0.17718382013555786	0.3165664053379244	0.3138866670219051	0.1001334085840143	0.05	0.00909090909090909	0.5	1.0	0	0.3333333333333333
4d0aa751dd79	0.11297202341832605	0.20570404496611053	0.38877609831478394	0.3138866670219051	0.4070467870754001	0.06666666666666667	0.009433962264150943	0.5	1.0	0	0.03225806451612903
799eef0aa2b2	0.0	0.08859191006777895	0.3733488560597984	0.3229360542951501	0.3668921144432087	0.06666666666666667	0.00980392156862745	0.5	1.0	0	0.5
82ace56021b8	0.0	0.11711213489833155	0.1866744280298992	0.18088083104991842	0.0631771468021822	0.027777777777777776	0.01818181818181818	0.5	0.830124569620279	0	0.5
89f547830056	0.0	0.19223780058160245	0.33971209159248816	0.3053305308928899	0.30691337849138584	0.0625	0.007352941176470588	0.5	0.830124569620279	0	0.3333333333333333
acd7b58e970f	0.06608439733031304	0.20570404496611053	0.34467310094345616	0.24889939968594305	0.37616913439032323	1.0	0.009259259259259259	1.0	0.7326214192552911	0	0.05
926254e8d817	0.30507413907761327	0.3326526559062931	0.3826668420206856	0.3572619215579765	0.326621110772393	0.06666666666666667	0.06666666666666667	0.5	1.0	0	0.07692307692307693
8559551465d2	0.9771239714375873	0.911100974583848	0.9469898526770555	0.9469904702302598	0.0	0.5	0.017857142857142856	1.0	0.3420714430385838	1	1.0
4babc24f2de4	0.0	0.0	0.03639918008035379	0.0	0.0631771468021822	1.0	0.1111111111111111	1.0	0.7326214192552911	0	0.011904761904761904
59b27c76d200	0.0	0.05182294525691176	0.1746871247840085	0.1444816272328475	0.14669279211481012	0.25	0.009708737864077669	0.5	0.830124569620279	0	0.5
7012373d248c	0.14934089169295822	0.38604385530879515	0.4696040689005133	0.4676632944921593	0.2002668171680286	0.14285714285714285	0.012048192771084338	1.0	0.37696029684370164	0	0.14285714285714285
fec6de3f36e3	0.06608439733031304	0.0	0.23364715892766083	0.23364731129418437	0.0	0.06666666666666667	0.008620689655172414	0.5	1.0	0	0.034482758620689655
bd6b2c35cf80	0.38323696332855756	0.509836476041851	0.5819291191403806	0.5763324617117263	0.3994013793235389	0.06666666666666667	0.008849557522123894	0.5	1.0	0	0.2
bf87780d7374	0.2623129151112843	0.3064776548439464	0.4312638094383395	0.38818379865398855	0.41410022211038494	0.03571428571428571	0.014492753623188406	0.5	0.6647010817031233	0	0.2
9b34cfe59b58	0.06608439733031304	0.1601170247154849	0.19724797884730702	0.1972481074771134	0.0	0.09090909090909091	0.008547008547008548	1.0	0.830124569620279	0	0.3333333333333333
beef32155fea	0.0	0.0	0.03639918008035379	0.0	0.0631771468021822	0.02857142857142857	0.010526315789473684	0.5	1.0	0	0.2
8f38b42e6be4	0.0	0.22900676539246964	0.4795889525340731	0.43486985578298376	0.4653832199215837	0.041666666666666664	0.5	0.5	1.0	0	1.0
175d6523ecaa	0.0	0.1601170247154849	0.4182191155947112	0.35641899064740357	0.4250508182313436	1.0	0.006944444444444444	1.0	0.7326214192552911	0	0.1
cab113b3a58c	0.11297202341832605	0.32281617986444205	0.3851606530447835	0.37542884078350797	0.2527085872087288	0.07142857142857142	0.027777777777777776	1.0	1.0	0	1.0
158d15bc6188	0.14934089169295822	0.22900676539246964	0.30533033178017055	0.25166181710041935	0.3037149676410264	0.045454545454545456	0.009615384615384616	0.5	1.0	0	0.25
bc2e814493f0	0.14934089169295822	0.29429595503388944	0.40039351465970996	0.38139371585571197	0.3214113867723197	0.03125	0.025	0.5	0.830124569620279	0	1.0
34092047b50d	0.3283973124415973	0.29429595503388944	0.5870679426896092	0.49566973162002814	0.6184748042131942	0.03125	0.14285714285714285	0.5	1.0	0	0.16666666666666666
93451dde9a3e	0.0	0.14041485532469067	0.42712267414803223	0.3740477138126567	0.42418687473548644	0.02857142857142857	0.007936507936507936	0.5	1.0	0	1.0
f66af0ea18b8	0.3171525659982445	0.40619058552802756	0.5650521393367227	0.5313478754769301	0.5312813256893121	0.0625	0.017543859649122806	1.0	0.5714147953641597	0	0.5
de5811c4bb45	0.0	0.05182294525691176	0.223073608110253	0.2067064771543332	0.14669279211481012	0.02857142857142857	0.011235955056179775	0.5	1.0	0	0.012345679012345678
5169c551d5b4	0.39081898983479035	0.26577573020333684	0.3288831453713568	0.268931327075819	0.3339166318896398	0.2	0.029411764705882353	1.0	1.0	1	0.3333333333333333
fc946e8c34d2	0.2623129151112843	0.2575269902230222	0.2975191965758062	0.2814779638261902	0.20986993891699235	0.25	0.012195121951219513	0.5	0.830124569620279	0	0.09090909090909091
5c42cd158da0	0.17905642074863906	0.3064776548439464	0.49068595337019405	0.49049628073118345	0.0631771468021822	0.03571428571428571	0.013888888888888888	0.5	0.830124569620279	0	1.0
3d3c7e2888d4	0.14934089169295822	0.30053188004017556	0.52976507645893	0.3253624582827659	0.5913222720041441	0.058823529411764705	0.011764705882352941	0.5	1.0	0	1.0
38483ab71167	0.0	0.05182294525691176	0.16803434660440356	0.1444816272328475	0.1263542936043644	0.027777777777777776	0.007142857142857143	0.5	1.0	0	0.1111111111111111
51dcaa96f4d9	0.0	0.0	0.1866744280298992	0.1350232575556277	0.1895314404065466	0.02631578947368421	0.010309278350515464	0.5	0.830124569620279	0	0.5
1cbaa32947ef	0.06608439733031304	0.08859191006777895	0.1530376635625889	0.11246238877989302	0.14669279211481012	0.0625	0.05555555555555555	1.0	0.5714147953641597	0	0.05263157894736842
573874e8ea54	0.06608439733031304	0.08859191006777895	0.37404746988795895	0.2067064771543332	0.4284269581397517	0.038461538461538464	0.2	0.5	1.0	0	0.3333333333333333
80d99fb0cc60	0.06608439733031304	0.08859191006777895	0.2871494402247173	0.2543417618564522	0.2527085872087288	0.06666666666666667	0.007518796992481203	0.5	1.0	0	0.0625
cd25567cede7	0.06608439733031304	0.287740102177659	0.382032412356413	0.372645005861498	0.24682620069882444	0.0625	0.041666666666666664	1.0	0.5714147953641597	0	0.058823529411764705
9976bc0309cd	0.20418054257991852	0.20570404496611053	0.2711478426908739	0.2666585099219055	0.1001334085840143	0.25	0.009345794392523364	0.5	0.830124569620279	0	0.1
57f73b705615	0.8499520174888998	0.7436814841082425	0.749247348718922	0.7028953792291754	0.7411512646063043	0.045454545454545456	0.012658227848101266	0.5	0.7326214192552911	0	0.14285714285714285
47c0ebae455e	0.2623129151112843	0.3064776548439464	0.522210351580861	0.5222106921258786	0.0	0.02857142857142857	0.3333333333333333	0.5	1.0	0	1.0
eab992c9b010	0.11297202341832605	0.21788574477616746	0.30382153283792823	0.29248415602632033	0.1895314404065466	0.02857142857142857	0.009009009009009009	0.5	1.0	0	0.022727272727272728
e7476997924e	0.0	0.05182294525691176	0.19724797884730702	0.16803445618334878	0.1633105553861965	0.0625	0.020833333333333332	0.5	0.830124569620279	0	0.14285714285714285
8c23756b7c1e	0.0	0.05182294525691176	0.2852984174535528	0.2754236600741	0.1633105553861965	0.030303030303030304	0.008928571428571428	0.5	0.7326214192552911	0	0.25
c9f7c16a0b71	0.06608439733031304	0.1601170247154849	0.223073608110253	0.18088083104991842	0.20986993891699235	0.02631578947368421	0.01	0.5	0.830124569620279	0	1.0
14230dc08955	0.0	0.08859191006777895	0.14448153301321734	0.0986240537385567	0.14669279211481012	0.03571428571428571	0.015873015873015872	0.5	0.7326214192552911	0	0.14285714285714285
c64aa12e5b85	0.0	0.0	0.06222480934329974	0.036399203817070964	0.0631771468021822	0.038461538461538464	0.01098901098901099	0.5	1.0	0	0.07142857142857142
887eadc04fe4	0.9554474307282854	0.798692839544742	0.8268074133456284	0.7989297784651308	0.7822817859059864	0.058823529411764705	0.012345679012345678	0.5	1.0	0	0.3333333333333333
7e35b3bcc6bf	0.47989696652810027	0.41642093278857184	0.4636501908104431	0.4009111920818	0.4717820120983841	0.03125	0.022727272727272728	0.5	0.6129557746355119	0	0.2
f10533829c90	0.2920284441669651	0.3694216207171603	0.5320685884633054	0.5311062293487824	0.2002668171680286	0.09090909090909091	0.006535947712418301	1.0	0.830124569620279	0	0.07142857142857142
6c633e5a329c	0.0	0.0	0.1530376635625889	0.1444816272328475	0.0631771468021822	0.06666666666666667	0.0625	0.5	1.0	0	0.022222222222222223
0c4835025c91	0.24514081807895213	0.4920916360113128	0.570752552940703	0.5622745469056304	0.42418687473548644	0.07142857142857142	0.030303030303030304	1.0	1.0	0	0.06666666666666667
4f2075f06884	0.0	0.0	0.0	0.0	0.0	0.0	0.0	0.0	0.0	0	0.0
eaf0e76adf73	0.11297202341832605	0.27352423036965934	0.2619324331157728	0.2431056809714042	0.1895314404065466	0.03571428571428571	0.015625	0.5	0.7326214192552911	0	0.5
99ce8e7c2bdf	0.0	0.0	0.14448153301321734	0.036399203817070964	0.1895314404065466	0.06666666666666667	0.16666666666666666	0.5	1.0	0	0.1
44300fded884	0.06608439733031304	0.0	0.03639918008035379	0.0	0.0631771468021822	0.03125	0.04	0.5	0.6647010817031233	0	0.3333333333333333
219a0ffbcdf1	0.20418054257991852	0.3950695649117253	0.47894233684149795	0.47336498707623875	0.29696037010780774	0.0625	0.022222222222222223	1.0	0.5368943496508024	0	1.0
870bdb7ff9c8	0.11297202341832605	0.23923711265301395	0.35384141113454926	0.346583429312739	0.2002668171680286	0.047619047619047616	0.007042253521126761	1.0	0.24307555138436987	0	1.0
61666eaab532	0.20418054257991852	0.3543676402711158	0.4806564017800665	0.4605186122096691	0.4059930717975038	0.07142857142857142	0.07692307692307693	1.0	1.0	0	0.3333333333333333
74712deb2300	0.0	0.05182294525691176	0.1808807130935711	0.12444969984297151	0.1895314404065466	0.027777777777777776	0.009900990099009901	0.5	1.0	0	0.09090909090909091
54f02ea642a2	0.0	0.08859191006777895	0.20210167028488468	0.1444816272328475	0.20986993891699235	0.03125	0.034482758620689655	0.5	1.0	0	0.08333333333333333
8aac0154970d	0.20418054257991852	0.30053188004017556	0.35892416986625436	0.3111242496074288	0.34896288456876257	0.03571428571428571	0.019230769230769232	0.5	0.6647010817031233	0	0.2
75d78a90d621	0.6439902093325914	0.6752521293212301	0.7051164009447538	0.6858004205406656	0.6295186257915053	0.058823529411764705	0.008403361344537815	0.5	0.5714147953641597	0	1.0
93ecb234ad40	0.5543413592782493	0.6514293222797004	0.7475267129334384	0.7462037101757296	0.43786421022257593	0.25	0.00684931506849315	0.5	0.830124569620279	0	1.0
794bb4ee379b	0.06608439733031304	0.28082971064938134	0.37611127167284186	0.33227136503274113	0.3601375169099899	0.25	0.023809523809523808	0.5	0.830124569620279	0	1.0
d3e6ac8495bc	0.06608439733031304	0.17718382013555786	0.2889630660264346	0.2795048847884751	0.1633105553861965	0.037037037037037035	0.03571428571428571	0.5	1.0	0	1.0
95ef737376d2	0.06608439733031304	0.1601170247154849	0.22673825668313485	0.2067064771543332	0.1633105553861965	0.030303030303030304	0.01639344262295082	0.5	0.6647010817031233	0	0.3333333333333333
bd5e6cc54dc0	0.20418054257991852	0.28082971064938134	0.43089513777496785	0.3955977193554013	0.3994013793235389	0.027777777777777776	0.02702702702702703	0.5	1.0	0	0.2
456ee76ce03f	0.3581128414972781	0.4580135307849393	0.49162993077340733	0.47541309451982705	0.3994013793235389	0.045454545454545456	0.009174311926605505	0.5	1.0	0	0.5
4ff3d2d19f1a	0.20418054257991852	0.32281617986444205	0.4639063148753641	0.45944989146382814	0.2634439639702108	0.030303030303030304	0.016666666666666666	0.5	1.0	0	0.08333333333333333
f1de8ab5753a	0.0	0.0	0.11246231544070878	0.06222484992148576	0.1263542936043644	1.0	0.010638297872340425	1.0	0.7326214192552911	0	0.009708737864077669
8870deb3cd89	0.7192163022763876	0.7366549822195416	0.733626838882853	0.6902862430604149	0.720577898491306	0.045454545454545456	0.007194244604316547	1.0	0.24307555138436987	0	0.25
f523a1101c52	0.14934089169295822	0.27352423036965934	0.4639063148753641	0.34272169488472753	0.5071801956594144	0.03571428571428571	0.014285714285714285	0.5	0.7326214192552911	0	1.0
7620cf8ef36f	0.3669249431097742	0.4347108103585801	0.4841936246057054	0.4120561806379748	0.5010413570247582	0.0625	0.007246376811594203	0.5	0.7326214192552911	0	1.0
118259865a70	0.0	0.1601170247154849	0.2834084229327595	0.2431056809714042	0.2634439639702108	0.02702702702702703	0.03225806451612903	0.5	1.0	0	0.014492753623188406
881791558a69	0.0	0.05182294525691176	0.09862398942365351	0.0822567773113617	0.0631771468021822	0.045454545454545456	0.01694915254237288	0.5	1.0	0	0.07142857142857142
f15277be8b1c	0.41804616249593934	0.3694216207171603	0.5071164607072851	0.4413457486232843	0.5186498404460089	0.14285714285714285	0.0070921985815602835	1.0	0.4819920873588857	0	0.0625
72b9554c41af	0.11297202341832605	0.05182294525691176	0.3300267458539839	0.036399203817070964	0.3959176932594214	0.030303030303030304	0.02631578947368421	0.5	0.7326214192552911	0	0.037037037037037035
99f711bfc283	0.3752849385296103	0.49478249559580645	0.5504089319680685	0.49584909528089904	0.5505411683398509	0.030303030303030304	0.011627906976744186	0.5	0.830124569620279	0	0.5
ed7b645ad1db	0.06608439733031304	0.05182294525691176	0.1530376635625889	0.12444969984297151	0.1263542936043644	0.02857142857142857	0.021739130434782608	0.5	1.0	0	0.16666666666666666
e58558ba5304	0.3752849385296103	0.32281617986444205	0.7245086734752929	0.379449131178624	0.7968159386761087	0.06666666666666667	0.058823529411764705	1.0	1.0	0	1.0
bc0db962e9cd	0.24514081807895213	0.29429595503388944	0.3774612433356863	0.33764850999558577	0.35472134807332406	0.058823529411764705	0.010416666666666666	0.5	1.0	0	0.2
c4004ea3687f	0.4116538068042425	0.3326526559062931	0.30681419075174	0.24604927197391604	0.31299198758814106	0.027777777777777776	0.008	0.5	1.0	0	0.05263157894736842
bbac3d3dec30	0.14934089169295822	0.3461189002908012	0.43731011071919407	0.422781507587797	0.33622423252135675	0.045454545454545456	0.006993006993006993	1.0	0.24307555138436987	0	0.1111111111111111
313ca82fe335	0.0	0.0	0.0	0.0	0.0	0.0	0.0	0.0	0.0	0	0.0
0a40e7fe5fc0	0.0	0.0	0.12444961868659946	0.11246238877989302	0.0631771468021822	0.3333333333333333	0.25	1.0	1.0	1	0.25
023f99961826	0.0	0.32281617986444205	0.4683958215381809	0.4034544636588299	0.47872033345190196	0.06666666666666667	0.05263157894736842	0.5	1.0	0	1.0
f4762ebf49c4	0.0	0.11711213489833155	0.2302591559477033	0.21108644251844974	0.1633105553861965	1.0	0.006578947368421052	1.0	0.7326214192552911	0	1.0
58f2988b6311	0.0	0.17718382013555786	0.16803434660440356	0.12444969984297151	0.1633105553861965	0.02631578947368421	0.010101010101010102	0.5	0.830124569620279	0	0.2
0d0ebdab4250	0.11297202341832605	0.1601170247154849	0.25434159599462464	0.24889939968594305	0.1001334085840143	0.1111111111111111	0.018867924528301886	1.0	1.0	1	0.08333333333333333
8477cefc6e3d	0.06608439733031304	0.1601170247154849	0.20210167028488468	0.1444816272328475	0.20986993891699235	0.3333333333333333	0.023255813953488372	0.5	0.830124569620279	0	0.3333333333333333
c5e17edee519	0.0	0.0	0.09862398942365351	0.0822567773113617	0.0631771468021822	0.02857142857142857	0.01282051282051282	0.5	1.0	0	0.5
9953d672b34e	0.3171525659982445	0.46824387804548356	0.4138604234160401	0.36215976245247383	0.4091183616199631	0.03636363636363636	0.03333333333333333	1.0	0.6129557746355119	0	0.5
9ba19de9942b	0.06608439733031304	0.08859191006777895	0.2711478426908739	0.21925311390470442	0.26837194012185417	0.045454545454545456	0.008695652173913044	0.5	1.0	0	0.05
4eff597b3dc6	0.11297202341832605	0.08859191006777895	0.24889923737319897	0.2021018020798915	0.2405378208388442	0.02564102564102564	0.09090909090909091	0.5	0.830124569620279	0	0.3333333333333333
ca9f6a9aad09	0.3581128414972781	0.37633201224543794	0.5146902099015025	0.47518782092005174	0.49201746327576296	0.0625	0.015151515151515152	1.0	0.5714147953641597	0	1.0
8c31110375c5	0.913657041496575	0.8216864640300847	0.8781007659745617	0.8689093554294399	0.7424025860712729	1.0	0.006493506493506494	1.0	0.4395745934035716	0	1.0
3a59a69e2189	0.14934089169295822	0.2575269902230222	0.32655128897148417	0.2431056809714042	0.35092307530820277	0.02702702702702703	0.007633587786259542	0.5	1.0	0	0.25
ebdc4529e0aa	0.0	0.0	0.20670634235651703	0.2067064771543332	0.0	1.0	0.006622516556291391	1.0	0.7326214192552911	0	0.125
f2258c95c059	0.0	0.0	0.03639918008035379	0.0	0.0631771468021822	0.045454545454545456	0.00847457627118644	1.0	0.24307555138436987	0	0.047619047619047616
7b680a4f4542	0.2920284441669651	0.4714797751694473	0.5313475289733554	0.4983232691152729	0.49565567668357274	0.03125	0.014084507042253521	0.5	0.830124569620279	0	1.0
63746fdf09ab	0.2920284441669651	0.27352423036965934	0.5182502094353023	0.3774614894865819	0.5682375874711441	0.0625	0.02127659574468085	1.0	0.5714147953641597	0	0.03571428571428571
