revisions	files	functions	lines	addLines	deleteLines	pos	time	rf	ibf	isComponent	distance
56bec749e36f	0.2778469664164643	0.40882595949874867	0.4641617102790876	0.3961434443332668	0.47727736891256717	0.08695652173913043	0.007518796992481203	1.0	0.7326214192552911	0	1.0
f9500015840d	0.5037910132531164	0.6541364666459346	0.6162671596095013	0.5574445982314135	0.6222078973068437	0.3333333333333333	0.007407407407407408	0.16666666666666666	0.7326214192552911	0	0.05263157894736842
529866eee277	0.11297202341832605	0.38604385530879515	0.4870054874377682	0.4489099245775328	0.461432028538537	0.2222222222222222	0.05555555555555555	0.6666666666666666	1.0	1	1.0
bd8061b714a6	0.06608439733031304	0.14041485532469067	0.2754234804643054	0.2643266520013773	0.1633105553861965	0.08333333333333333	0.006289308176100629	0.16666666666666666	1.0	0	0.5
dbfceea3e7ee	0.0	0.0	0.14448153301321734	0.12444969984297151	0.1001334085840143	0.03333333333333333	0.018518518518518517	0.16666666666666666	0.7326214192552911	0	0.02040816326530612
3385a3589df2	0.11297202341832605	0.1601170247154849	0.29913674347060804	0.29587216121567017	0.1001334085840143	0.08333333333333333	0.007352941176470588	0.8333333333333334	1.0	1	0.5
acb14eef2d73	0.11297202341832605	0.3175986754602486	0.3893647654986319	0.3407266909519464	0.38047601542043563	0.2	0.012987012987012988	0.16666666666666666	0.5074949309557394	0	1.0
3f658c78cf90	0.11297202341832605	0.05182294525691176	0.06222480934329974	0.036399203817070964	0.0631771468021822	0.2	0.011363636363636364	0.16666666666666666	0.7326214192552911	0	0.06666666666666667
fae49fe4100a	0.0	0.05182294525691176	0.1866744280298992	0.16084890366004248	0.14669279211481012	0.1	0.009174311926605505	0.16666666666666666	0.830124569620279	0	0.3333333333333333
b115c5595f98	0.3487969244049448	0.4865337556154919	0.5966559400464142	0.5853658248013593	0.474820472004408	0.06666666666666667	0.005988023952095809	0.16666666666666666	1.0	0	0.04
c43371ba2559	0.06608439733031304	0.14041485532469067	0.25947278819060676	0.25947295739859916	0.0	0.06976744186046512	0.008771929824561403	0.8333333333333334	0.830124569620279	0	0.05263157894736842
34a04c926da7	0.24514081807895213	0.21788574477616746	0.3386861212955405	0.3191688659342263	0.2634439639702108	0.0625	0.0056179775280898875	0.16666666666666666	1.0	0	1.0
accf68f0c4e4	0.4922814671122878	0.48794604743627773	0.4776349629021611	0.410214649757849	0.49035266162480307	0.06666666666666667	0.024390243902439025	0.16666666666666666	0.830124569620279	0	0.041666666666666664
65ee6a9ee13d	0.14934089169295822	0.05182294525691176	0.1808807130935711	0.1350232575556277	0.17736067403666203	0.07142857142857142	0.009259259259259259	0.16666666666666666	1.0	0	0.022727272727272728
9c2e192820ff	0.0	0.0	0.12444961868659946	0.06222484992148576	0.14669279211481012	0.07692307692307693	0.008264462809917356	0.8333333333333334	1.0	1	0.1
ae20dd0bb715	0.11297202341832605	0.23923711265301395	0.35892416986625436	0.32772500206324146	0.31869042780677365	0.07142857142857142	0.006172839506172839	0.16666666666666666	1.0	0	0.02857142857142857
90735d827f67	0.0	0.14041485532469067	0.23691193412730824	0.18088083104991842	0.2405378208388442	0.08333333333333333	0.006802721088435374	0.16666666666666666	1.0	0	0.3333333333333333
0967f6079fc1	0.06608439733031304	0.08859191006777895	0.2852984174535528	0.28340860774971316	0.0631771468021822	0.07142857142857142	0.00909090909090909	0.16666666666666666	1.0	0	0.023809523809523808
aea3cdf0b818	0.06608439733031304	0.08859191006777895	0.19724797884730702	0.1444816272328475	0.2002668171680286	0.25	0.007874015748031496	0.16666666666666666	0.830124569620279	0	0.5
43d04ae3d04f	0.20418054257991852	0.3694216207171603	0.5304989068982753	0.4936727103278969	0.502890210607919	0.07142857142857142	0.009615384615384616	0.16666666666666666	1.0	0	0.02702702702702703
405bc54f9208	0.3980639238155956	0.4632310351891327	0.49867089583864815	0.4745085883046332	0.43860825808009646	0.1	0.023255813953488372	0.16666666666666666	0.6647010817031233	0	0.05555555555555555
18a66457dba1	0.20418054257991852	0.30053188004017556	0.4846007519423279	0.4550430443859603	0.4400783763444305	0.06666666666666667	0.010416666666666666	0.16666666666666666	1.0	0	0.043478260869565216
1634118ff3f2	0.22594404683665206	0.30053188004017556	0.4458349674748824	0.44520748305129576	0.1001334085840143	0.3333333333333333	0.013157894736842105	0.16666666666666666	1.0	0	0.3333333333333333
65b832eb0031	0.24514081807895213	0.28082971064938134	0.40445167108458346	0.3386863421603142	0.41506473223666435	0.08333333333333333	0.05263157894736842	0.16666666666666666	1.0	0	1.0
c041454cde76	0.5074537331902363	0.41642093278857184	0.4362722792312587	0.3300269610717857	0.47331390288720315	0.08333333333333333	0.008695652173913044	0.16666666666666666	1.0	0	0.0625
d2c448835bbb	0.0	0.05182294525691176	0.20210167028488468	0.15303776336186264	0.2002668171680286	0.2	0.011494252873563218	0.16666666666666666	0.7326214192552911	0	0.16666666666666666
d4d5dd1f437c	0.6149003400776479	0.436823438777211	0.4949483488930016	0.44981215812573744	0.48153948673163544	0.16666666666666666	0.008	0.8333333333333334	1.0	1	0.16666666666666666
15bd9b703582	0.0	0.0	0.08225672366991757	0.06222484992148576	0.0631771468021822	0.08333333333333333	0.022222222222222223	0.8333333333333334	1.0	1	0.05263157894736842
e94ee0d684a0	0.06608439733031304	0.1601170247154849	0.25434159599462464	0.2543417618564522	0.0	1.0	0.045454545454545456	0.16666666666666666	1.0	0	1.0
4b68f2320bdd	0.6204257566085625	0.5121816998100569	0.5836300306496793	0.5649695780380372	0.5036193773479372	0.07142857142857142	0.09090909090909091	0.16666666666666666	0.6647010817031233	0	0.07692307692307693
b91bb5a5841c	0.2920284441669651	0.38604385530879515	0.4698437791200057	0.3851609042166359	0.49565567668357274	0.07692307692307693	0.018867924528301886	0.8333333333333334	1.0	1	0.2
f8f783416d40	0.0	0.0	0.1921167866513249	0.18088083104991842	0.1001334085840143	0.03333333333333333	0.017857142857142856	0.16666666666666666	0.7326214192552911	0	0.021739130434782608
5dbf9d40986c	0.3283973124415973	0.2575269902230222	0.35892416986625436	0.34272169488472753	0.26837194012185417	0.07142857142857142	0.030303030303030304	0.16666666666666666	1.0	0	0.058823529411764705
b410b4fd3d48	0.0	0.08859191006777895	0.19724797884730702	0.18667454976445727	0.1001334085840143	0.2222222222222222	0.007246376811594203	0.6666666666666666	1.0	1	0.5
b4d903d9cd56	0.24514081807895213	0.2487089347832638	0.5029101831823775	0.4177929196727829	0.5293852172074909	0.07142857142857142	0.03225806451612903	0.16666666666666666	1.0	0	0.017543859649122806
3e45bff01b5f	0.0	0.20570404496611053	0.22673825668313485	0.21925311390470442	0.1001334085840143	0.06666666666666667	0.005847953216374269	0.16666666666666666	1.0	0	0.16666666666666666
2728599120cb	0.0	0.0	0.16803434660440356	0.0822567773113617	0.2002668171680286	0.06666666666666667	0.008928571428571428	0.16666666666666666	1.0	0	0.09090909090909091
ff91334de8b7	0.5341227403128965	0.48934290406480807	0.672860532932968	0.6441199994084875	0.6284171579288791	0.07142857142857142	0.006666666666666667	0.16666666666666666	1.0	0	0.125
275472a94cb7	0.5488159427473349	0.5670661353738069	0.6628712474087772	0.6517247683918707	0.5406966017970113	0.07142857142857142	0.005494505494505495	0.16666666666666666	1.0	0	0.5
9067ee6fcede	0.14934089169295822	0.11711213489833155	0.08225672366991757	0.0822567773113617	0.0	0.08333333333333333	0.01639344262295082	0.8333333333333334	1.0	1	0.1111111111111111
aeb45fca51c2	0.0	0.0	0.11246231544070878	0.06222484992148576	0.1263542936043644	0.041666666666666664	1.0	0.16666666666666666	1.0	0	0.125
e3fbfb3457cd	0.22594404683665206	0.3583006001008581	0.4798034602200311	0.457822569276887	0.4121400313709448	0.2857142857142857	0.3333333333333333	0.6666666666666666	1.0	1	0.1111111111111111
26847aebc78f	0.5596855815960106	0.6474597141029491	0.7303216791971582	0.7297945519251913	0.33847484949608225	0.23076923076923073	0.00641025641025641	0.8333333333333334	0.830124569620279	1	1.0
8b374e69ca73	0.0	0.05182294525691176	0.14448153301321734	0.12444969984297151	0.1001334085840143	0.5	0.0125	0.16666666666666666	1.0	0	0.3333333333333333
e4f79b21f0c7	0.5145411184125728	0.4807231591525268	0.6864669420248342	0.43451572718805287	0.7544939920910074	0.06666666666666667	0.015873015873015872	0.16666666666666666	1.0	0	0.5
d0f26b2d374d	0.3752849385296103	0.27352423036965934	0.3813934671405255	0.3417297347099609	0.35836764855415176	0.07142857142857142	0.005780346820809248	0.16666666666666666	1.0	0	0.1
aa640deab752	0.06608439733031304	0.11711213489833155	0.1746871247840085	0.12444969984297151	0.17736067403666203	0.041666666666666664	0.125	0.16666666666666666	1.0	0	0.0625
0152bae63e36	0.2623129151112843	0.14041485532469067	0.48857358711355064	0.22307375358152826	0.5545738674535335	0.07142857142857142	0.014492753623188406	0.16666666666666666	1.0	0	0.037037037037037035
a6b6e3cf36a4	0.8805509317854763	0.9910814820732016	1.0	1.0	0.0631771468021822	0.25	0.006329113924050633	0.8333333333333334	0.19649904201920165	0	1.0
128a62f8cfc8	0.06608439733031304	0.14041485532469067	0.3152364339923866	0.24604927197391604	0.3291184000394623	0.3333333333333333	0.01098901098901099	0.5	1.0	0	1.0
15df29c7d7db	0.17905642074863906	0.3121590839292501	0.485208001769834	0.4615747594784907	0.4233146637121721	0.012658227848101266	0.058823529411764705	0.16666666666666666	0.2977095698108656	0	0.5
d3b60a55df7f	0.06608439733031304	0.14041485532469067	0.1746871247840085	0.0986240537385567	0.2002668171680286	0.08108108108108107	0.010752688172043012	0.8333333333333334	1.0	1	0.058823529411764705
a435859b5764	0.06608439733031304	0.05182294525691176	0.1530376635625889	0.11246238877989302	0.14669279211481012	0.06976744186046512	0.007936507936507936	0.8333333333333334	0.830124569620279	0	0.058823529411764705
a3bcc6676c47	0.06608439733031304	0.20570404496611053	0.3475232267968525	0.3407266909519464	0.1895314404065466	0.5	0.02040816326530612	0.16666666666666666	0.830124569620279	0	1.0
d5b9c38679c2	0.0	0.14041485532469067	0.2192529709249519	0.21526261328334842	0.0631771468021822	0.07692307692307693	0.011764705882352941	0.16666666666666666	0.830124569620279	0	1.0
fe715a1d4fb1	0.0	0.05182294525691176	0.1808807130935711	0.17468723870137876	0.0631771468021822	0.2	0.006211180124223602	0.16666666666666666	0.7326214192552911	0	0.16666666666666666
4463952b3f2a	0.11297202341832605	0.14041485532469067	0.1530376635625889	0.0986240537385567	0.1633105553861965	0.05	0.00847457627118644	0.16666666666666666	0.830124569620279	0	1.0
e72fcf80c591	0.06608439733031304	0.30053188004017556	0.34563323227605924	0.2795048847884751	0.35656273103180247	0.3333333333333333	0.016129032258064516	0.16666666666666666	0.830124569620279	0	0.02702702702702703
c13ac6cf500a	0.20418054257991852	0.3658210696815954	0.4290287207786332	0.40193716304780563	0.37762749120469064	0.4	0.006944444444444444	0.6666666666666666	1.0	1	0.5
9424f8c4495d	0.2778469664164643	0.30053188004017556	0.485208001769834	0.4386757679587653	0.4738188646019981	0.07142857142857142	0.015625	0.16666666666666666	1.0	0	0.018518518518518517
19cf188ef913	0.2623129151112843	0.4281549575023497	0.5304989068982753	0.48001776959426873	0.5251842268153579	0.09523809523809523	0.0070921985815602835	0.6666666666666666	1.0	1	0.125
ba21ebdb445a	0.11297202341832605	0.19223780058160245	0.31916865779722586	0.3178771676432612	0.0631771468021822	0.1111111111111111	0.005434782608695652	0.16666666666666666	0.830124569620279	0	1.0
c9b6d7e9f84c	0.17905642074863906	0.23923711265301395	0.25166165298624243	0.21925311390470442	0.21855701922275933	0.09523809523809523	0.017241379310344827	0.6666666666666666	1.0	1	0.2
2bace1ffcc84	0.14934089169295822	0.3278290227207929	0.39281793829913564	0.379449131178624	0.2857857377665804	0.07692307692307693	0.007462686567164179	0.16666666666666666	0.830124569620279	0	0.5
423080123a29	0.5430966128348967	0.5942177570216054	0.5600232840896977	0.4850063575092828	0.5801174760605669	0.08333333333333333	0.011904761904761904	0.8333333333333334	0.830124569620279	1	0.25
6aa4de4067e5	0.0	0.11711213489833155	0.3754285959581471	0.3407266909519464	0.34281592499532165	0.5	0.02631578947368421	0.16666666666666666	1.0	0	1.0
a8bcd0e69be4	0.3669249431097742	0.22900676539246964	0.3386861212955405	0.3300269610717857	0.2002668171680286	0.07142857142857142	0.010101010101010102	0.16666666666666666	1.0	1	0.038461538461538464
afa073274618	0.7661039283644008	0.8366601863200743	0.8869796960717886	0.8733079103306942	0.7853700477380463	0.1111111111111111	0.005376344086021506	0.16666666666666666	0.5074949309557394	0	1.0
9eca54b3d126	0.06608439733031304	0.20570404496611053	0.2711478426908739	0.2569440160127405	0.17736067403666203	0.034482758620689655	0.007575757575757576	0.16666666666666666	0.7326214192552911	0	1.0
fa6e1c5e2ec9	0.06608439733031304	0.2575269902230222	0.3253622461067884	0.32044224164478247	0.14669279211481012	0.03571428571428571	0.013513513513513514	0.16666666666666666	0.6647010817031233	0	0.3333333333333333
a42de38c7be3	0.20418054257991852	0.287740102177659	0.39559746137747337	0.3229360542951501	0.4121400313709448	0.07692307692307693	0.010638297872340425	0.8333333333333334	1.0	1	1.0
1fa57a19bb5d	0.0	0.1601170247154849	0.4156293757040912	0.35384164188242545	0.4224340253987229	0.2	0.006535947712418301	0.16666666666666666	0.7326214192552911	0	0.25
b9454eb06196	0.06608439733031304	0.19223780058160245	0.2975191965758062	0.23691208862286453	0.3037149676410264	0.07692307692307693	0.008130081300813009	0.8333333333333334	1.0	1	0.3333333333333333
411c8b45e11c	0.4710848649156042	0.6514293222797004	0.7215126860696363	0.7190869513271387	0.4659339488260871	0.1	0.0053475935828877	0.16666666666666666	0.830124569620279	0	0.5
bb936de3ef52	0.46649345769120276	0.5996063770227886	0.7282866223713642	0.6990289367844208	0.6860253545690052	0.07142857142857142	0.006097560975609756	0.16666666666666666	1.0	0	0.05263157894736842
42043a5811a3	0.06608439733031304	0.32281617986444205	0.34937424956801705	0.3038217309667262	0.33622423252135675	0.3333333333333333	0.014705882352941176	0.16666666666666666	0.830124569620279	0	0.025
762164b895b5	0.20418054257991852	0.19223780058160245	0.5245833027051224	0.22673840454420918	0.5925623640096731	0.06666666666666667	0.027777777777777776	0.16666666666666666	1.0	0	0.25
418c356e0499	0.2623129151112843	0.30053188004017556	0.42977995046677003	0.4059276636691618	0.36850534870586854	0.1111111111111111	0.012345679012345678	0.16666666666666666	1.0	0	1.0
8b160fccffcd	0.2623129151112843	0.2575269902230222	0.40091093063884026	0.3082741218954018	0.43087944752565904	0.06666666666666667	0.014285714285714285	0.16666666666666666	1.0	0	0.045454545454545456
712a9fe445df	0.06608439733031304	0.0	0.4515895748419317	0.0	0.5213798555352038	0.07142857142857142	0.0196078431372549	0.16666666666666666	1.0	0	0.05
14484f0a69f1	0.22594404683665206	0.14041485532469067	0.3893647654986319	0.1921169119349664	0.44843341491179634	0.07142857142857142	0.03125	0.16666666666666666	1.0	0	0.023255813953488372
67ebaf1a10cb	0.06608439733031304	0.19223780058160245	0.3747406889609206	0.3740477138126567	0.0631771468021822	0.1	0.01	0.16666666666666666	0.830124569620279	0	0.08333333333333333
acd7b58e970f	0.06608439733031304	0.20570404496611053	0.34467310094345616	0.24889939968594305	0.37616913439032323	0.2	0.010869565217391304	0.16666666666666666	0.7326214192552911	0	0.5
4babc24f2de4	0.0	0.0	0.03639918008035379	0.0	0.0631771468021822	0.2	0.16666666666666666	0.16666666666666666	0.7326214192552911	0	0.030303030303030304
29602c3d19fb	0.14934089169295822	0.3979418455477129	0.5231406337281983	0.5224774723590709	0.1633105553861965	0.06666666666666667	0.02702702702702703	0.16666666666666666	1.0	0	0.2
b5b11c3cd9d9	0.14934089169295822	0.0	0.08225672366991757	0.0822567773113617	0.0	0.07142857142857142	0.02	0.16666666666666666	1.0	0	0.125
7012373d248c	0.14934089169295822	0.38604385530879515	0.4696040689005133	0.4676632944921593	0.2002668171680286	0.13636363636363638	0.013333333333333334	0.8333333333333334	0.37696029684370164	0	1.0
5de6516ba790	0.06608439733031304	0.3503098039201374	0.31388646232954215	0.3022871383432432	0.2002668171680286	0.08333333333333333	0.005405405405405406	0.16666666666666666	0.830124569620279	0	0.5
10e8aabfdaec	0.4050004675852912	0.3891237901079545	0.46441638115586986	0.43272382173837337	0.4250508182313436	0.08333333333333333	0.00980392156862745	0.16666666666666666	1.0	0	0.125
9b34cfe59b58	0.06608439733031304	0.1601170247154849	0.19724797884730702	0.1972481074771134	0.0	0.06976744186046512	0.009708737864077669	0.8333333333333334	0.830124569620279	0	0.3333333333333333
fa3455cb6c9b	0.3581128414972781	0.38604385530879515	0.4953096025952339	0.44921167774367243	0.48337161588469557	0.07142857142857142	0.00558659217877095	0.16666666666666666	1.0	1	0.2
e6af3b069eac	0.38323696332855756	0.49478249559580645	0.5716812311246705	0.5423494267650008	0.5274488242113684	0.06521739130434782	0.006060606060606061	0.8333333333333334	1.0	0	0.09090909090909091
175d6523ecaa	0.0	0.1601170247154849	0.4182191155947112	0.35641899064740357	0.4250508182313436	0.2	0.006578947368421052	0.16666666666666666	0.7326214192552911	0	1.0
09ad136ab433	0.2920284441669651	0.3417859053635422	0.5079032442173015	0.4944040502782096	0.4005336343360572	0.07142857142857142	0.02127659574468085	0.16666666666666666	1.0	0	0.3333333333333333
e44841c3f166	0.20418054257991852	0.28082971064938134	0.32655128897148417	0.29248415602632033	0.29338558422962024	0.09523809523809523	0.006369426751592357	0.6666666666666666	1.0	1	0.05263157894736842
74bfd04dc7a8	0.06608439733031304	0.3278290227207929	0.44676847422840404	0.4429750398501211	0.2337832233056255	0.3333333333333333	0.02564102564102564	0.5	1.0	0	0.25
93829dd2f065	0.0	0.14041485532469067	0.2834084229327595	0.2666585099219055	0.2002668171680286	0.07142857142857142	0.07692307692307693	0.16666666666666666	1.0	0	0.25
5835c022f051	0.06608439733031304	0.0	0.3511878753697344	0.0	0.4188238363907879	0.07142857142857142	0.014084507042253521	0.16666666666666666	1.0	0	0.03571428571428571
fca812c990cf	0.0	0.23923711265301395	0.2941939488754821	0.25947295739859916	0.2634439639702108	0.07142857142857142	0.010309278350515464	0.16666666666666666	1.0	0	0.027777777777777776
63d55ca89ce1	0.06608439733031304	0.17718382013555786	0.28147778026825165	0.24006228842175747	0.2634439639702108	0.07692307692307693	0.00625	0.16666666666666666	1.0	0	0.5
15712f5bd2a1	0.11297202341832605	0.28082971064938134	0.42073623630381113	0.42073651067529483	0.0	0.06666666666666667	0.038461538461538464	0.16666666666666666	1.0	0	0.06666666666666667
2329c1cf663c	0.7172286657163792	0.750341746179183	0.7692877838963705	0.7667827115213957	0.5170970710964781	0.07142857142857142	0.009900990099009901	0.16666666666666666	0.830124569620279	0	0.02564102564102564
565be3214153	0.11297202341832605	0.3543676402711158	0.45699741263083815	0.4039545846314467	0.45423260163829776	0.02564102564102564	0.043478260869565216	0.16666666666666666	0.7326214192552911	0	0.14285714285714285
57157b6e2100	0.4518880936733042	0.590494840146806	0.5829535283987878	0.5155579096078485	0.5969702511245251	0.08333333333333333	0.007751937984496124	1.0	0.830124569620279	0	0.5
41b61008de5d	0.06608439733031304	0.05182294525691176	0.12444961868659946	0.11246238877989302	0.0631771468021822	0.5	0.03571428571428571	0.16666666666666666	1.0	0	0.5
23a442bff758	0.5698754105834294	0.4258927549188218	0.5193602257274647	0.4369657832591678	0.5442527884798707	0.1111111111111111	0.047619047619047616	0.16666666666666666	1.0	1	1.0
4cf897b6f916	0.3487969244049448	0.436823438777211	0.5530056083893632	0.5497236352209789	0.3240534661514722	0.07142857142857142	0.005917159763313609	0.16666666666666666	1.0	0	0.16666666666666666
b2fdc4690e87	0.0	0.11711213489833155	0.34072646875661666	0.3152366395650962	0.2857857377665804	0.041666666666666664	0.25	0.16666666666666666	1.0	0	0.14285714285714285
227205c65fd1	0.22594404683665206	0.3796519679777046	0.4219688152624057	0.36136178846583605	0.42759457467066025	0.2857142857142857	0.006493506493506494	0.6666666666666666	1.0	1	0.06666666666666667
fe1fdc8fb581	0.0	0.23923711265301395	0.3794488837315438	0.37879146169942374	0.0631771468021822	0.07142857142857142	0.037037037037037035	0.16666666666666666	1.0	0	0.029411764705882353
5dafd01cc66e	0.0	0.11711213489833155	0.23691193412730824	0.22307375358152826	0.14669279211481012	0.4	0.006711409395973154	0.6666666666666666	1.0	1	0.125
0d93760a63c2	0.06608439733031304	0.20570404496611053	0.42073623630381113	0.4083345499955632	0.30691337849138584	0.08333333333333333	0.006024096385542169	0.16666666666666666	1.0	0	0.5
5f9b5696a013	0.11297202341832605	0.11711213489833155	0.25166165298624243	0.23691208862286453	0.1633105553861965	0.09523809523809523	0.011627906976744186	0.6666666666666666	1.0	1	1.0
8cc54be85825	0.0	0.08859191006777895	0.20210167028488468	0.1921169119349664	0.1001334085840143	0.02564102564102564	0.006896551724137931	0.16666666666666666	0.7326214192552911	0	0.2
3ade11e3e1b1	0.06608439733031304	0.11711213489833155	0.19724797884730702	0.17468723870137876	0.14669279211481012	0.08333333333333333	0.0078125	0.8333333333333334	1.0	1	1.0
9e29145f1f6b	0.45690338716510337	0.3461189002908012	0.4722063213598148	0.470321594526592	0.2002668171680286	0.09375	0.008064516129032258	0.8333333333333334	1.0	1	1.0
f10533829c90	0.2920284441669651	0.3694216207171603	0.5320685884633054	0.5311062293487824	0.2002668171680286	0.07692307692307693	0.005649717514124294	1.0	0.830124569620279	1	0.5
2e060aaa7e9e	0.06608439733031304	0.11711213489833155	0.2795047025172246	0.2666585099219055	0.17736067403666203	0.5	0.1	0.16666666666666666	1.0	0	0.3333333333333333
c8023491c14a	0.5928689899464263	0.6102869223864139	0.7586151282046801	0.6983179459209531	0.7682458924918254	0.06666666666666667	0.03333333333333333	0.16666666666666666	0.830124569620279	0	0.25
dabc86becfcf	0.14934089169295822	0.19223780058160245	0.3333726520341736	0.3022871383432432	0.29338558422962024	0.3333333333333333	0.0064516129032258064	0.5	1.0	1	0.2
c6f3b6a7a339	0.17905642074863906	0.2487089347832638	0.38758705545008815	0.36373474113755194	0.326621110772393	0.03333333333333333	0.025	0.16666666666666666	0.7326214192552911	0	0.14285714285714285
7f063225c752	0.0	0.0	0.1746871247840085	0.16084890366004248	0.1001334085840143	0.07692307692307693	0.00819672131147541	0.8333333333333334	1.0	1	0.16666666666666666
c69f4c950bc2	0.46649345769120276	0.4409467353648662	0.5365055306137236	0.5353593580973068	0.21855701922275933	0.5	0.006622516556291391	0.16666666666666666	0.7326214192552911	0	0.14285714285714285
213542ee3cc7	0.45690338716510337	0.411408089932221	0.5472308505693255	0.5029105111413247	0.533138791703396	0.08333333333333333	0.020833333333333332	0.16666666666666666	1.0	0	0.07692307692307693
46e62ca0de5b	0.06608439733031304	0.2487089347832638	0.3529655854182781	0.34752345342449975	0.17736067403666203	0.3333333333333333	0.01282051282051282	0.16666666666666666	0.830124569620279	0	0.041666666666666664
4bde9d6cc7c9	0.2623129151112843	0.32281617986444205	0.3621595262801692	0.3456334576711989	0.2730470857191745	0.06666666666666667	0.012048192771084338	0.16666666666666666	1.0	0	0.05263157894736842
75d78a90d621	0.6439902093325914	0.6752521293212301	0.7051164009447538	0.6858004205406656	0.6295186257915053	0.1111111111111111	0.009345794392523364	0.16666666666666666	0.5714147953641597	0	0.25
7d7d7609f445	0.06608439733031304	0.1601170247154849	0.1921167866513249	0.1921169119349664	0.0	0.075	0.007042253521126761	0.8333333333333334	1.0	1	0.3333333333333333
d19bfd6c52d4	0.3980639238155956	0.46151542407008833	0.5181104873466144	0.5043889404231349	0.4121400313709448	0.08333333333333333	0.07142857142857142	0.16666666666666666	1.0	1	0.5
ae5fc94d872f	0.3581128414972781	0.3417859053635422	0.4823383511930069	0.4476926654880054	0.44975438522753747	0.07142857142857142	0.005555555555555556	0.16666666666666666	1.0	1	0.16666666666666666
f76421c1e367	0.0	0.0	0.06222480934329974	0.036399203817070964	0.0631771468021822	0.041666666666666664	0.1111111111111111	0.16666666666666666	1.0	0	0.043478260869565216
d0259e94b867	0.17905642074863906	0.21788574477616746	0.42073623630381113	0.4203218610586417	0.0631771468021822	0.07142857142857142	0.008849557522123894	0.16666666666666666	1.0	0	0.025
f084174cf4ce	0.557035373968769	0.6064550389631396	0.5998624031791463	0.5319491602593552	0.6145822586378903	0.05	0.007692307692307693	0.16666666666666666	0.5074949309557394	0	1.0
3a8e9af4dbbf	0.0	0.05182294525691176	0.20210167028488468	0.16803445618334878	0.17736067403666203	0.07142857142857142	0.06666666666666667	0.16666666666666666	1.0	0	0.01694915254237288
3a5e86d41673	0.06608439733031304	0.287740102177659	0.40142538146714346	0.397760992282907	0.1895314404065466	0.07142857142857142	0.0625	0.16666666666666666	1.0	0	0.030303030303030304
a31abe20eaad	0.11297202341832605	0.3921312490847479	0.4286507352776374	0.4134129543086664	0.3315490869240364	0.08333333333333333	0.022727272727272728	0.16666666666666666	0.830124569620279	0	0.3333333333333333
bd42b2fe53ec	0.0	0.0	0.09862398942365351	0.0822567773113617	0.0631771468021822	0.5	0.00684931506849315	0.16666666666666666	1.0	0	0.5
2a6a3bb9a45e	0.5622933840771966	0.3891237901079545	0.5951273785451796	0.5380868027884449	0.5987777253547214	1.0	0.04	0.16666666666666666	1.0	1	1.0
304c64df01bd	0.0	0.0	0.09862398942365351	0.06222484992148576	0.1001334085840143	0.5	0.006134969325153374	0.16666666666666666	1.0	0	0.09090909090909091
f1b5ac5f3859	0.3389160702549781	0.17718382013555786	0.4599855422375613	0.3344610219376306	0.5047023052125501	0.07142857142857142	0.01818181818181818	0.16666666666666666	1.0	0	0.5
1ea5cd5309b0	0.11297202341832605	0.3543676402711158	0.4049462807317118	0.37879146169942374	0.35092307530820277	0.06666666666666667	0.011111111111111112	0.16666666666666666	1.0	0	0.14285714285714285
f1de8ab5753a	0.0	0.0	0.11246231544070878	0.06222484992148576	0.1263542936043644	0.2	0.011235955056179775	0.16666666666666666	0.7326214192552911	0	0.019230769230769232
76bcf372d6c4	0.9186723349883742	0.7909289023218976	0.841892805893336	0.824147051993886	0.7613609964039428	0.07142857142857142	0.016666666666666666	0.16666666666666666	1.0	0	0.034482758620689655
b751b66176b7	0.11297202341832605	0.19223780058160245	0.3899495976898972	0.2543417618564522	0.43711403844551866	0.06666666666666667	0.005714285714285714	0.16666666666666666	1.0	0	0.037037037037037035
c8c44435bce9	0.06608439733031304	0.11711213489833155	0.2907407760749784	0.2907409656735231	0.0	0.07142857142857142	0.009523809523809525	0.16666666666666666	1.0	0	0.020833333333333332
2cae83b86e89	0.20418054257991852	0.21788574477616746	0.3712197896963522	0.3668041506363452	0.17736067403666203	0.1111111111111111	0.02857142857142857	0.16666666666666666	1.0	0	1.0
57782ce81c2c	0.0	0.3694216207171603	0.41650094977225893	0.3446733257124728	0.4324785298813905	0.2857142857142857	0.01020408163265306	0.6666666666666666	1.0	1	0.5
864df8889f87	0.20418054257991852	0.287740102177659	0.4510009076580837	0.43380325136568826	0.3635773725542251	0.07142857142857142	0.012195121951219513	0.16666666666666666	1.0	0	0.3333333333333333
8c856433e8d5	0.5110359472339217	0.509836476041851	0.49030556541181364	0.4259595910590377	0.5002911852477009	0.14285714285714285	0.01694915254237288	0.8333333333333334	1.0	1	0.05263157894736842
b4fcae09c311	0.38323696332855756	0.3796519679777046	0.3605564225394263	0.2941941407259178	0.37164860351436985	0.09523809523809523	0.008333333333333333	0.6666666666666666	1.0	1	0.1
865f6c49d656	0.06608439733031304	0.23923711265301395	0.3621595262801692	0.36136178846583605	0.0631771468021822	0.07142857142857142	0.009009009009009009	0.16666666666666666	1.0	0	0.024390243902439025
0e1dbde05ef1	0.0	0.0	0.0	0.0	0.0	0.0	0.0	0.0	0.0	0	0.0
dc9200269ed1	0.0	0.0	0.09862398942365351	0.0822567773113617	0.0631771468021822	0.09523809523809523	0.5	0.6666666666666666	1.0	1	0.08333333333333333
f5b07218be06	0.11297202341832605	0.17718382013555786	0.2795047025172246	0.268931327075819	0.1633105553861965	0.09523809523809523	0.007194244604316547	0.6666666666666666	1.0	1	0.25
a54bc24dcb81	0.7740559531633479	0.8374833018546448	0.836064422993992	0.8255647794665045	0.7112096443468949	0.07142857142857142	0.010526315789473684	0.16666666666666666	1.0	0	1.0
313ca82fe335	0.0	0.0	0.0	0.0	0.0	0.0	0.0	0.0	0.0	0	0.0
8647aaf569db	0.2778469664164643	0.29429595503388944	0.3774612433356863	0.3484537361784948	0.3315490869240364	0.08333333333333333	0.023809523809523808	0.8333333333333334	1.0	1	0.037037037037037035
373b81870403	0.06608439733031304	0.17718382013555786	0.2852984174535528	0.2666585099219055	0.20986993891699235	0.3333333333333333	0.015384615384615385	0.16666666666666666	0.830124569620279	0	0.03125
3d8c257c8ac6	0.3283973124415973	0.4807231591525268	0.45419182730123314	0.3928181944644745	0.46085332591897055	0.06666666666666667	0.008547008547008548	0.16666666666666666	0.7326214192552911	0	0.16666666666666666
f4762ebf49c4	0.0	0.11711213489833155	0.2302591559477033	0.21108644251844974	0.1633105553861965	0.16666666666666666	0.005747126436781609	0.16666666666666666	0.7326214192552911	0	0.3333333333333333
ec92845df482	0.4617689478232709	0.5178631288953607	0.6011468684816886	0.55451002903509	0.5913222720041441	0.07142857142857142	0.014925373134328358	0.16666666666666666	1.0	0	0.018867924528301886
7216190d5436	0.5110359472339217	0.49478249559580645	0.4823383511930069	0.4211492538501967	0.4890837962641123	0.4	0.006756756756756757	0.6666666666666666	1.0	1	0.25
23b783ed5e08	0.0	0.23923711265301395	0.3675551411234703	0.3675553808143757	0.0	0.06666666666666667	0.005813953488372093	0.16666666666666666	1.0	0	0.3333333333333333
6ed14e4a08c7	0.11297202341832605	0.05182294525691176	0.1530376635625889	0.06222484992148576	0.1895314404065466	0.07142857142857142	0.021739130434782608	0.16666666666666666	1.0	0	0.03225806451612903
06d0bc44e8e9	0.30507413907761327	0.52541534884499	0.6279787752970007	0.6267369396836097	0.31299198758814106	0.07142857142857142	0.009433962264150943	0.16666666666666666	1.0	0	0.05555555555555555
6ff62eb1cb80	0.24514081807895213	0.3921312490847479	0.48857358711355064	0.48023125716789555	0.34067122942285855	0.3333333333333333	0.007142857142857143	0.16666666666666666	0.7326214192552911	0	0.07142857142857142
b6c862445c1f	0.20418054257991852	0.17718382013555786	0.2711478426908739	0.2543417618564522	0.1895314404065466	0.06122448979591836	0.0055248618784530384	0.8333333333333334	0.830124569620279	0	0.3333333333333333
8ccc842a4d51	0.06608439733031304	0.28082971064938134	0.3961431859994597	0.35641899064740357	0.37318049430318884	0.03333333333333333	0.0136986301369863	0.16666666666666666	0.6647010817031233	0	0.25
a5ae0697c8ea	0.20418054257991852	0.32281617986444205	0.4550427476424354	0.4223762180398009	0.4178984948755063	0.09523809523809523	0.006993006993006993	0.6666666666666666	1.0	1	0.09090909090909091
92891bfdb2d6	0.06608439733031304	0.23923711265301395	0.38818354551084056	0.38454391565460494	0.17736067403666203	0.1111111111111111	0.005681818181818182	0.16666666666666666	1.0	0	1.0
7fa103447f15	0.38323696332855756	0.30053188004017556	0.563125100575299	0.49049628073118345	0.5813639277099952	0.06666666666666667	0.013888888888888888	0.16666666666666666	1.0	0	0.05
f897bded373c	0.06608439733031304	0.3064776548439464	0.35809677761426034	0.3417297347099609	0.26837194012185417	0.3333333333333333	0.012658227848101266	0.16666666666666666	0.830124569620279	0	0.022222222222222223
8c31110375c5	0.913657041496575	0.8216864640300847	0.8781007659745617	0.8689093554294399	0.7424025860712729	0.08888888888888889	0.00546448087431694	1.0	0.4395745934035716	0	1.0
684faf9e5f94	0.20418054257991852	0.22900676539246964	0.3344608038282807	0.3178771676432612	0.24682620069882444	0.07142857142857142	0.019230769230769232	0.16666666666666666	1.0	0	0.047619047619047616
9fe0f954b2b0	0.06608439733031304	0.14041485532469067	0.223073608110253	0.21108644251844974	0.1263542936043644	0.07692307692307693	0.14285714285714285	0.8333333333333334	1.0	1	0.06666666666666667
ebdc4529e0aa	0.0	0.0	0.20670634235651703	0.2067064771543332	0.0	0.2	0.005952380952380952	0.16666666666666666	0.7326214192552911	0	0.2
ce650300429b	0.06608439733031304	0.0	0.03639918008035379	0.0	0.0631771468021822	0.024390243902439025	0.034482758620689655	0.16666666666666666	0.5368943496508024	0	0.5
0c4dda94476b	0.0	0.0	0.20670634235651703	0.1972481074771134	0.1001334085840143	0.041666666666666664	0.2	0.16666666666666666	1.0	0	1.0
44d072dbe69f	0.06608439733031304	0.20570404496611053	0.3322711483513144	0.25947295739859916	0.34896288456876257	0.0625	0.0072992700729927005	0.16666666666666666	0.830124569620279	0	0.3333333333333333
9506818a964f	0.06608439733031304	0.1601170247154849	0.1350231695040073	0.12444969984297151	0.0631771468021822	0.034482758620689655	0.007633587786259542	0.16666666666666666	0.7326214192552911	0	1.0
c640a3c74f27	0.06608439733031304	0.17718382013555786	0.37611127167284186	0.3712200317770567	0.1895314404065466	0.18181818181818182	0.08333333333333333	0.6666666666666666	1.0	1	1.0
ce101a690ce8	0.22594404683665206	0.3064776548439464	0.3386861212955405	0.3178771676432612	0.26837194012185417	0.09523809523809523	0.041666666666666664	0.6666666666666666	1.0	1	0.14285714285714285
80941feb330b	0.17905642074863906	0.21788574477616746	0.36451175055848645	0.36136178846583605	0.14669279211481012	0.3333333333333333	0.0058823529411764705	0.16666666666666666	1.0	0	0.25
50d22604bbb9	0.06608439733031304	0.08859191006777895	0.11246231544070878	0.11246238877989302	0.0	0.08333333333333333	0.05	0.8333333333333334	1.0	1	0.0625
473e0412d9f3	0.06608439733031304	0.3461189002908012	0.4567207670379138	0.40927952169377846	0.4464153541028635	0.3333333333333333	0.015151515151515152	0.16666666666666666	0.830124569620279	0	0.029411764705882353
154703571f22	0.14934089169295822	0.1601170247154849	0.2689311516998168	0.16803445618334878	0.3037149676410264	0.06122448979591836	0.008620689655172414	0.8333333333333334	0.830124569620279	0	0.5
dabaacb8e0c2	0.11297202341832605	0.19223780058160245	0.4064139661289901	0.4059276636691618	0.0631771468021822	0.024390243902439025	0.029411764705882353	0.16666666666666666	0.5368943496508024	0	1.0
