revisions	files	functions	lines	addLines	deleteLines	pos	time	rf	ibf	isComponent	distance
f2a0a4315195	0.5430966128348967	0.5222331651529232	0.5256181432578809	0.47008315751417046	0.5266061800919917	0.058823529411764705	0.029411764705882353	1.0	0.6647010817031233	1	1.0
54c4feb3493f	0.3389160702549781	0.5243633996201138	0.623726203538127	0.6233377079468564	0.20986993891699235	0.5	0.037037037037037035	1.0	1.0	1	1.0
e84b4b9c4e32	0.46649345769120276	0.48220076068823287	0.6626758797062939	0.6626763118520153	0.0	0.09090909090909091	0.043478260869565216	1.0	0.6129557746355119	0	0.25
f66af0ea18b8	0.3171525659982445	0.40619058552802756	0.5650521393367227	0.5313478754769301	0.5312813256893121	0.1	0.0625	1.0	0.5714147953641597	0	0.5
a6b6e3cf36a4	0.8805509317854763	0.9910814820732016	1.0	1.0	0.0631771468021822	0.05	0.023809523809523808	1.0	0.19649904201920165	0	1.0
15df29c7d7db	0.17905642074863906	0.3121590839292501	0.485208001769834	0.4615747594784907	0.4233146637121721	0.02127659574468085	0.5	1.0	0.2977095698108656	0	0.5
ebd3b0ceb37a	0.880917600506931	0.789078450629696	0.8423923572835764	0.8376743442782604	0.6476594091957418	0.045454545454545456	0.024390243902439025	1.0	0.6129557746355119	0	1.0
a8fad3442db5	0.06608439733031304	0.22900676539246964	0.3529655854182781	0.35028587083897605	0.1263542936043644	0.08333333333333333	0.07142857142857142	1.0	1.0	0	1.0
bb5436a892c1	0.0	0.0	0.0	0.0	0.0	0.0	0.0	0.0	0.0	0	0.0
ac8b09b99c40	0.0	0.11711213489833155	0.1808807130935711	0.16803445618334878	0.1001334085840143	0.1	0.05555555555555555	1.0	0.5714147953641597	0	1.0
aeab4ec26a3c	0.0	0.11711213489833155	0.3675551411234703	0.3668041506363452	0.0631771468021822	0.1	0.045454545454545456	1.0	0.5714147953641597	0	0.25
9744ec677e72	0.17905642074863906	0.3064776548439464	0.3972247825032021	0.36604658088821196	0.35656273103180247	0.1	0.08333333333333333	1.0	0.5368943496508024	0	0.3333333333333333
0a5c9092b3c6	0.0	0.05182294525691176	0.346583203298102	0.285298603503014	0.3528419957927431	0.08333333333333333	0.03125	1.0	0.6647010817031233	0	0.125
ea9d34413f1b	0.06608439733031304	0.05182294525691176	0.16084879876695327	0.15303776336186264	0.0631771468021822	0.07142857142857142	0.027777777777777776	1.0	0.830124569620279	1	0.14285714285714285
a4775e530f17	0.0	0.22900676539246964	0.44676847422840404	0.3826670915662682	0.4560864694069305	0.14285714285714285	0.125	1.0	0.830124569620279	0	1.0
1cbaa32947ef	0.06608439733031304	0.08859191006777895	0.1530376635625889	0.11246238877989302	0.14669279211481012	0.1	0.3333333333333333	1.0	0.5714147953641597	0	0.05263157894736842
cd25567cede7	0.06608439733031304	0.287740102177659	0.382032412356413	0.372645005861498	0.24682620069882444	0.1	0.2	1.0	0.5714147953641597	0	0.058823529411764705
1e03f8d10c9c	0.0	0.0	0.06222480934329974	0.036399203817070964	0.0631771468021822	0.5	0.06666666666666667	1.0	1.0	1	0.3333333333333333
2c797f78ccd9	0.0	0.19223780058160245	0.1530376635625889	0.1444816272328475	0.0631771468021822	0.058823529411764705	0.030303030303030304	1.0	1.0	1	0.5
74b341a936df	0.3581128414972781	0.5133383693269999	0.619578776147994	0.6193531123728567	0.1633105553861965	0.058823529411764705	0.02857142857142857	1.0	1.0	1	1.0
313ca82fe335	0.0	0.0	0.0	0.0	0.0	0.0	0.0	0.0	0.0	0	0.0
7e35b3bcc6bf	0.47989696652810027	0.41642093278857184	0.4636501908104431	0.4009111920818	0.4717820120983841	0.09090909090909091	0.1111111111111111	1.0	0.6129557746355119	0	0.2
f1d579860625	0.14934089169295822	0.3621161404374383	0.382032412356413	0.37334909952891454	0.2405378208388442	0.06666666666666667	0.03571428571428571	1.0	0.830124569620279	1	1.0
7606620a81fa	0.14934089169295822	0.20570404496611053	0.3165664053379244	0.3082741218954018	0.17736067403666203	0.125	0.25	1.0	0.6129557746355119	0	1.0
526fbc656da7	0.2778469664164643	0.37633201224543794	0.4929350419574071	0.4078583075926847	0.5192636162091127	0.08333333333333333	0.047619047619047616	1.0	0.830124569620279	0	1.0
439e09d216d9	0.06608439733031304	0.3694216207171603	0.4219688152624057	0.36830037664521104	0.4197398778339847	0.2	0.03333333333333333	1.0	0.830124569620279	1	1.0
a6ac76024ffb	0.0	0.05182294525691176	0.14448153301321734	0.12444969984297151	0.1001334085840143	0.08333333333333333	0.034482758620689655	1.0	1.0	0	0.16666666666666666
7dc951d9b531	0.17905642074863906	0.3729235140023093	0.45836799534275946	0.43052522656669684	0.4091183616199631	0.07142857142857142	0.058823529411764705	1.0	0.830124569620279	1	1.0
967be6917cb8	0.0	0.0	0.06222480934329974	0.036399203817070964	0.0631771468021822	0.06666666666666667	0.04	1.0	0.830124569620279	1	0.14285714285714285
3296fc6624df	0.3171525659982445	0.3729235140023093	0.43236082623258804	0.427507413581948	0.2405378208388442	0.045454545454545456	1.0	1.0	0.7326214192552911	0	1.0
44300fded884	0.06608439733031304	0.0	0.03639918008035379	0.0	0.0631771468021822	0.09090909090909091	0.16666666666666666	1.0	0.6647010817031233	0	0.3333333333333333
9953d672b34e	0.3171525659982445	0.46824387804548356	0.4138604234160401	0.36215976245247383	0.4091183616199631	0.07692307692307693	0.14285714285714285	1.0	0.6129557746355119	0	0.5
219a0ffbcdf1	0.20418054257991852	0.3950695649117253	0.47894233684149795	0.47336498707623875	0.29696037010780774	0.1	0.1	1.0	0.5368943496508024	0	0.043478260869565216
d5dc607f61dc	0.4050004675852912	0.47306751123098384	0.5814470313174377	0.5622745469056304	0.5036193773479372	0.07142857142857142	0.02631578947368421	1.0	0.830124569620279	1	0.5
bf87780d7374	0.2623129151112843	0.3064776548439464	0.4312638094383395	0.38818379865398855	0.41410022211038494	0.08333333333333333	0.05	1.0	0.6647010817031233	0	0.5
ca9f6a9aad09	0.3581128414972781	0.37633201224543794	0.5146902099015025	0.47518782092005174	0.49201746327576296	0.1	0.05263157894736842	1.0	0.5714147953641597	0	0.5
63746fdf09ab	0.2920284441669651	0.27352423036965934	0.5182502094353023	0.3774614894865819	0.5682375874711441	0.1	0.09090909090909091	1.0	0.5714147953641597	0	0.03571428571428571
7ba3d6c6a5ba	0.06608439733031304	0.17718382013555786	0.4352223090881957	0.4334448816985424	0.1633105553861965	0.08333333333333333	0.02702702702702703	1.0	1.0	0	0.09090909090909091
8aac0154970d	0.20418054257991852	0.30053188004017556	0.35892416986625436	0.3111242496074288	0.34896288456876257	0.08333333333333333	0.07692307692307693	1.0	0.6647010817031233	0	0.04
37b047d7ffa2	0.06608439733031304	0.3796519679777046	0.4620979084942046	0.4319969231724721	0.4188238363907879	0.0625	0.038461538461538464	1.0	0.830124569620279	1	0.05263157894736842
221055136cad	0.0	0.19223780058160245	0.25434159599462464	0.22307375358152826	0.21855701922275933	0.08333333333333333	0.03225806451612903	1.0	1.0	0	0.2
ade6c9a744a5	0.5213331085781631	0.577934814132587	0.5311058830027904	0.4791587057907776	0.5277279832546746	0.043478260869565216	0.025	1.0	0.6647010817031233	0	0.5
