revisions	files	functions	lines	addLines	deleteLines	pos	time	rf	ibf	isComponent	distance
ba4fbe6e95a4	0.20418054257991852	0.26577573020333684	0.3826668420206856	0.38139371585571197	0.1001334085840143	0.013986013986013986	0.002369668246445498	0.06451612903225806	0.830124569620279	0	0.3333333333333333
9f2c608e08a1	0.0	0.29429595503388944	0.3288831453713568	0.2814779638261902	0.31869042780677365	0.013605442176870748	0.0031746031746031746	0.06451612903225806	0.830124569620279	0	0.07142857142857142
b66588347f43	0.0	0.0	0.14448153301321734	0.1444816272328475	0.0	0.012903225806451613	0.0024096385542168677	0.06451612903225806	0.830124569620279	0	0.011627906976744186
47cb04ae56d5	0.0	0.19223780058160245	0.1866744280298992	0.17468723870137876	0.1001334085840143	0.037037037037037035	0.0028089887640449437	0.016129032258064516	1.0	0	0.3333333333333333
05bbc6538b65	0.20418054257991852	0.27352423036965934	0.32415724245907257	0.31251608341619624	0.20986993891699235	0.04477611940298508	0.0037735849056603774	0.11290322580645161	0.7326214192552911	0	0.125
294be26b772d	0.06608439733031304	0.20570404496611053	0.25434159599462464	0.2431056809714042	0.14669279211481012	0.012903225806451613	0.0024330900243309003	0.06451612903225806	0.830124569620279	0	0.027777777777777776
197b8d811943	0.0	0.11711213489833155	0.2110863048643623	0.1972481074771134	0.1263542936043644	0.04615384615384615	0.00641025641025641	0.04838709677419355	1.0	0	1.0
b7b9418c5943	0.0	0.11711213489833155	0.16803434660440356	0.16084890366004248	0.0631771468021822	0.036458333333333336	0.00847457627118644	0.4193548387096774	0.830124569620279	0	1.0
aea3cdf0b818	0.06608439733031304	0.08859191006777895	0.19724797884730702	0.1444816272328475	0.2002668171680286	0.026785714285714284	0.0033333333333333335	0.04838709677419355	0.830124569620279	0	0.5
b615c6e4d76e	0.24514081807895213	0.3121590839292501	0.342721471388412	0.3053305308928899	0.315885734010911	0.015873015873015872	0.004201680672268907	0.016129032258064516	0.830124569620279	0	0.25
e94555e580ed	0.2623129151112843	0.3373008448510428	0.4393504581802702	0.43015350147074866	0.3004002257520429	0.016666666666666666	0.004098360655737705	0.016129032258064516	0.830124569620279	0	0.5
101291d1842b	0.17905642074863906	0.3796519679777046	0.46667648042788323	0.45644356393634367	0.33622423252135675	0.016666666666666666	0.0038910505836575876	0.016129032258064516	0.830124569620279	0	0.2
b181c17b8a6b	0.7111160426532659	0.5898636728922001	0.551764728972329	0.47697437704462203	0.5715714755331608	0.038461538461538464	0.005319148936170213	0.016129032258064516	1.0	0	0.25
751b6d588067	0.11297202341832605	0.3583006001008581	0.4426512499998029	0.4423268674862326	0.0631771468021822	0.037037037037037035	0.006329113924050633	0.03225806451612903	1.0	0	1.0
6f40e478320f	0.22594404683665206	0.30053188004017556	0.39449595769461404	0.38454391565460494	0.2634439639702108	0.04225352112676056	0.006944444444444444	0.04838709677419355	1.0	0	1.0
8e0f33f0ae33	0.0	0.11711213489833155	0.1350231695040073	0.1350232575556277	0.0	0.041841004184100423	0.00303951367781155	0.5322580645161291	0.7326214192552911	0	0.25
72ca2e399733	0.14934089169295822	0.2487089347832638	0.29913674347060804	0.268931327075819	0.25823423997013745	0.02564102564102564	0.02	0.016129032258064516	1.0	0	1.0
87e7cad3b187	0.06608439733031304	0.19223780058160245	0.3547087746343028	0.34752345342449975	0.2002668171680286	0.10505836575875485	0.030303030303030304	1.0	0.7326214192552911	1	1.0
412d24645d60	0.0	0.0	0.03639918008035379	0.036399203817070964	0.0	0.08333333333333333	0.0029239766081871343	0.04838709677419355	1.0	0	0.06666666666666667
f64ab851da28	0.45690338716510337	0.48220076068823287	0.6278553215660712	0.6278145419776997	0.0631771468021822	0.05970149253731343	0.0033112582781456954	0.08064516129032258	0.830124569620279	0	1.0
b4b625ba8e7c	0.06608439733031304	0.17718382013555786	0.26432647962818445	0.21526261328334842	0.25823423997013745	0.03418803418803419	0.041666666666666664	0.1935483870967742	0.830124569620279	0	0.3333333333333333
63e25a9ed0fb	0.0	0.19223780058160245	0.1921167866513249	0.16084890366004248	0.1633105553861965	0.06382978723404256	0.0044444444444444444	0.04838709677419355	1.0	0	1.0
334514863909	0.24514081807895213	0.2487089347832638	0.4348695721948365	0.41948677147946223	0.33847484949608225	0.04040404040404041	0.0029411764705882353	0.12903225806451613	0.7326214192552911	0	1.0
4f7f3b9e23bc	0.11297202341832605	0.14041485532469067	0.31787696034860546	0.3022871383432432	0.22648770218837871	0.025974025974025976	0.07692307692307693	0.16129032258064516	0.830124569620279	0	0.07142857142857142
20d1fd9d3b66	0.0	0.19223780058160245	0.32293584370148376	0.2711480195124297	0.31869042780677365	0.026143790849673203	0.03571428571428571	0.1935483870967742	0.830124569620279	0	0.2
48a591f77a7f	0.0	0.0	0.03639918008035379	0.0	0.0631771468021822	0.019230769230769232	0.0030303030303030303	0.016129032258064516	0.830124569620279	0	0.037037037037037035
b4ac2c895887	0.0	0.0	0.06222480934329974	0.036399203817070964	0.0631771468021822	0.02531645569620253	0.005681818181818182	0.16129032258064516	0.830124569620279	0	0.02702702702702703
ff2cbef6b3af	0.38323696332855756	0.47771570017573345	0.5079032442173015	0.44425751140975567	0.5174097484404799	0.029411764705882353	0.0036231884057971015	0.016129032258064516	1.0	0	1.0
22d149a03944	0.3487969244049448	0.5430048898171532	0.5870679426896092	0.5781417023602087	0.445044721411138	0.023809523809523808	0.003472222222222222	0.016129032258064516	1.0	0	0.5
a639e49061e0	0.11297202341832605	0.05182294525691176	0.09862398942365351	0.036399203817070964	0.1263542936043644	0.07142857142857142	0.002631578947368421	0.04838709677419355	1.0	0	0.125
29313eb2c393	0.0	0.0	0.14448153301321734	0.11246238877989302	0.1263542936043644	0.044117647058823525	0.0033003300330033004	0.04838709677419355	0.830124569620279	0	1.0
ff4dcd4e7cbf	0.17905642074863906	0.2575269902230222	0.35384141113454926	0.343702813747676	0.22648770218837871	0.05571847507331379	0.010101010101010102	0.7258064516129032	0.6647010817031233	1	1.0
8ac272f8afe2	0.11297202341832605	0.20570404496611053	0.3111240467164987	0.24889939968594305	0.31869042780677365	0.01694915254237288	0.00392156862745098	0.016129032258064516	0.830124569620279	0	0.2
fc2ffff87ab5	0.0	0.05182294525691176	0.12444961868659946	0.036399203817070964	0.1633105553861965	0.01694915254237288	0.003937007874015748	0.016129032258064516	0.830124569620279	0	0.16666666666666666
caa05fa5dc09	0.0	0.17718382013555786	0.31388646232954215	0.2814779638261902	0.2774940826206763	0.02531645569620253	0.005405405405405406	0.16129032258064516	0.830124569620279	0	0.2
e40326dfa9b6	0.6359598079137424	0.6916684851221585	0.7844671428377498	0.7844676544062703	0.0	0.02631578947368421	0.004901960784313725	0.016129032258064516	1.0	0	1.0
6825565854d6	0.30507413907761327	0.3373008448510428	0.5148353537065401	0.514835689442157	0.0	0.10505836575875485	0.025	1.0	0.7326214192552911	1	1.0
79a900d67b0b	0.20418054257991852	0.14041485532469067	0.2689311516998168	0.23691208862286453	0.2337832233056255	0.09090909090909091	0.00684931506849315	0.016129032258064516	0.7326214192552911	0	0.09090909090909091
808d2cc229c6	0.0	0.08859191006777895	0.16084879876695327	0.15303776336186264	0.0631771468021822	0.029411764705882353	0.004273504273504274	0.016129032258064516	1.0	0	0.14285714285714285
f13fc55ca772	0.06608439733031304	0.14041485532469067	0.16803434660440356	0.1350232575556277	0.14669279211481012	0.02564102564102564	0.0125	0.016129032258064516	0.830124569620279	0	0.1
e8451ed3f7b0	0.22594404683665206	0.17718382013555786	0.2569438484539261	0.2431056809714042	0.1633105553861965	0.02702702702702703	0.0196078431372549	0.016129032258064516	1.0	0	1.0
e3a885dd29ff	0.17905642074863906	0.32281617986444205	0.3807499416331062	0.346583429312739	0.3469596092828387	0.031007751937984496	0.00625	0.1935483870967742	0.830124569620279	0	0.5
8f7521bd12b3	0.17905642074863906	0.4303778154313211	0.5205928046860592	0.4967405771095386	0.4596847797029512	0.058823529411764705	0.013157894736842105	0.04838709677419355	1.0	0	0.16666666666666666
b52bd8327a6e	0.22594404683665206	0.3121590839292501	0.4620979084942046	0.4586399177067642	0.2405378208388442	0.06666666666666667	0.008547008547008548	0.016129032258064516	1.0	0	1.0
1dc57e0d99c1	0.17905642074863906	0.3326526559062931	0.4156293757040912	0.40445193483653896	0.29338558422962024	0.016666666666666666	0.0038314176245210726	0.016129032258064516	0.830124569620279	0	0.3333333333333333
5de6516ba790	0.06608439733031304	0.3503098039201374	0.31388646232954215	0.3022871383432432	0.2002668171680286	0.022058823529411763	0.0024271844660194173	0.04838709677419355	0.830124569620279	0	0.5
013c4862a792	0.14934089169295822	0.23923711265301395	0.45419182730123314	0.28896325446569493	0.5089097609606984	0.027586206896551724	0.1111111111111111	0.1935483870967742	0.830124569620279	0	0.1
ec9db3d2acf6	0.0	0.08859191006777895	0.16084879876695327	0.15303776336186264	0.0631771468021822	0.022727272727272728	0.017543859649122806	0.016129032258064516	1.0	1	1.0
253f26624e44	0.3389160702549781	0.4974178695665277	0.57928039120372	0.5430935404118609	0.550974163721346	0.029411764705882353	0.0024154589371980675	0.016129032258064516	1.0	0	0.3333333333333333
297a09e9a160	0.0	0.05182294525691176	0.1530376635625889	0.1350232575556277	0.1001334085840143	0.02531645569620253	0.018518518518518517	0.16129032258064516	0.830124569620279	0	0.5
53a34a54de36	0.2778469664164643	0.45070805050521723	0.43308479325193416	0.3712200317770567	0.4400783763444305	0.013793103448275862	0.003436426116838488	0.06451612903225806	0.830124569620279	0	0.1111111111111111
885fb0553609	0.11297202341832605	0.27352423036965934	0.3437025896115514	0.3386863421603142	0.1633105553861965	0.038461538461538464	0.005025125628140704	0.03225806451612903	0.830124569620279	0	0.08333333333333333
54f743752992	0.06608439733031304	0.14041485532469067	0.20670634235651703	0.1921169119349664	0.1263542936043644	0.012903225806451613	0.0024691358024691358	0.06451612903225806	0.830124569620279	0	0.011764705882352941
3b40ebb75bbe	0.0	0.0	0.2302591559477033	0.17468723870137876	0.2337832233056255	0.02040816326530612	0.012345679012345678	0.016129032258064516	0.830124569620279	0	1.0
db5695982144	0.06608439733031304	0.1601170247154849	0.19724797884730702	0.16084890366004248	0.17736067403666203	0.044444444444444446	0.007874015748031496	0.14516129032258063	0.6129557746355119	1	0.5
ba7bdf099841	0.0	0.08859191006777895	0.20210167028488468	0.1444816272328475	0.20986993891699235	0.023809523809523808	0.0026595744680851063	0.016129032258064516	1.0	0	0.08333333333333333
c3fc2787261f	0.06608439733031304	0.23923711265301395	0.32655128897148417	0.32169780732008496	0.14669279211481012	0.025974025974025976	0.005494505494505495	0.16129032258064516	0.830124569620279	0	0.005649717514124294
556d08946e1d	0.0	0.0	0.06222480934329974	0.06222484992148576	0.0	0.06666666666666667	0.25	0.016129032258064516	1.0	0	0.03571428571428571
5a18a349e23d	0.11297202341832605	0.3503098039201374	0.4908755446209372	0.4263490558017981	0.5010413570247582	0.037037037037037035	0.002336448598130841	0.016129032258064516	1.0	0	1.0
3861d45fff16	0.0	0.0	0.03639918008035379	0.036399203817070964	0.0	0.02702702702702703	0.014925373134328358	0.03225806451612903	0.830124569620279	0	0.047619047619047616
8c785f3c3beb	0.0	0.05182294525691176	0.1866744280298992	0.16803445618334878	0.1263542936043644	0.012903225806451613	0.018867924528301886	0.06451612903225806	0.830124569620279	0	0.125
1bedb35689f7	0.0	0.05182294525691176	0.1866744280298992	0.12444969984297151	0.2002668171680286	0.025974025974025976	0.0056179775280898875	0.16129032258064516	0.830124569620279	0	0.005714285714285714
e894c632e0b4	0.0	0.0	0.06222480934329974	0.06222484992148576	0.0	0.02631578947368421	0.003861003861003861	0.17741935483870966	0.830124569620279	0	0.2
15fab9719250	0.0	0.08859191006777895	0.25166165298624243	0.24604927197391604	0.1001334085840143	0.04	0.005747126436781609	0.03225806451612903	1.0	0	1.0
2d9d6d6bdcf8	0.06608439733031304	0.19223780058160245	0.3813934671405255	0.29587216121567017	0.4070467870754001	0.0392156862745098	0.05555555555555555	0.14516129032258063	0.6129557746355119	1	0.3333333333333333
90a6b7e5ae8f	0.5516020649158329	0.6269486109401826	0.6808274294004435	0.662564481899962	0.600298962721006	0.017543859649122806	0.003676470588235294	0.016129032258064516	0.830124569620279	0	1.0
fcc8d5c5b79a	0.22594404683665206	0.1601170247154849	0.23691193412730824	0.18667454976445727	0.2337832233056255	0.023255813953488372	0.008064516129032258	0.016129032258064516	1.0	1	0.024390243902439025
3ed00e38a873	0.0	0.14041485532469067	0.1808807130935711	0.18088083104991842	0.0	0.04838709677419355	0.012195121951219513	0.04838709677419355	1.0	0	1.0
5cfc039fcf35	0.14934089169295822	0.14041485532469067	0.30827392086310235	0.2754236600741	0.2730470857191745	0.03614457831325301	0.0026954177897574125	0.04838709677419355	0.830124569620279	0	0.3333333333333333
b8c02c64be7c	0.11297202341832605	0.3064776548439464	0.4626183240030097	0.46261862568673695	0.0	0.05442176870748299	0.009900990099009901	0.3548387096774193	0.7326214192552911	1	0.16666666666666666
acef0e51c611	0.0	0.05182294525691176	0.24889923737319897	0.2067064771543332	0.2337832233056255	0.04477611940298508	0.0028328611898017	0.11290322580645161	0.7326214192552911	0	0.05263157894736842
5a536bac5e80	0.0	0.0	0.06222480934329974	0.06222484992148576	0.0	0.027586206896551724	0.005714285714285714	0.1935483870967742	0.830124569620279	0	0.011363636363636364
f55451afeac8	0.14934089169295822	0.26577573020333684	0.32293584370148376	0.28714962748127176	0.29338558422962024	0.013605442176870748	0.0030120481927710845	0.06451612903225806	0.830124569620279	0	0.3333333333333333
a2f859f65852	0.5341227403128965	0.6437784996949891	0.5951273785451796	0.5314684550550342	0.6057876321764136	0.013123359580052493	0.003401360544217687	0.08064516129032258	0.5368943496508024	0	0.5
430ab00b4c20	0.14934089169295822	0.3326526559062931	0.3165664053379244	0.2619326039277545	0.315885734010911	0.015873015873015872	0.00390625	0.016129032258064516	0.830124569620279	0	0.5
0502cf2a3a4e	0.0	0.08859191006777895	0.2889630660264346	0.25166181710041935	0.2634439639702108	0.029411764705882353	0.002304147465437788	0.016129032258064516	1.0	0	0.1111111111111111
bf9990e95b13	0.0	0.0	0.08225672366991757	0.0822567773113617	0.0	0.019230769230769232	0.003105590062111801	0.016129032258064516	0.830124569620279	0	0.047619047619047616
f0cd0a41be64	0.0	0.08859191006777895	0.16803434660440356	0.1444816272328475	0.1263542936043644	0.023809523809523808	0.002717391304347826	0.016129032258064516	1.0	0	0.09090909090909091
a26439907df5	0.0	0.17718382013555786	0.38392240687720625	0.30072585581844824	0.40808845962930596	0.08333333333333333	0.002680965147453083	0.04838709677419355	1.0	0	0.3333333333333333
74877d4e1c6f	0.2623129151112843	0.3175986754602486	0.41474925665589546	0.3893650194120798	0.35836764855415176	0.023255813953488372	0.010309278350515464	0.016129032258064516	1.0	1	0.3333333333333333
d0bc44447e65	0.5673870541888975	0.681271608705394	0.6181220070797211	0.5580739452023848	0.6254131255667121	0.024390243902439025	0.0033222591362126247	0.016129032258064516	0.5714147953641597	0	1.0
979ca7bbfe0a	0.0	0.0	0.03639918008035379	0.0	0.0631771468021822	0.031007751937984496	0.005780346820809248	0.1935483870967742	0.830124569620279	0	0.05
c8196ea006dc	0.0	0.14041485532469067	0.1746871247840085	0.11246238877989302	0.1895314404065466	0.037037037037037035	0.005208333333333333	0.12903225806451613	0.7326214192552911	0	0.1
1f74053488c5	0.11297202341832605	0.3373008448510428	0.3916815759881601	0.3417297347099609	0.3845885335745019	0.041841004184100423	0.014492753623188406	0.5322580645161291	0.7326214192552911	0	0.5
bc641db5560a	0.0	0.0	0.09862398942365351	0.06222484992148576	0.1001334085840143	0.09090909090909091	0.002570694087403599	0.016129032258064516	1.0	0	0.1
416a2e21be06	0.2623129151112843	0.3621161404374383	0.5205928046860592	0.5164169734113397	0.31299198758814106	0.03125	0.01020408163265306	0.016129032258064516	1.0	0	0.5
a6ebacc9d306	0.06608439733031304	0.08859191006777895	0.16803434660440356	0.16803445618334878	0.0	0.05442176870748299	0.019230769230769232	0.3548387096774193	0.830124569620279	1	0.06666666666666667
8ccc842a4d51	0.06608439733031304	0.28082971064938134	0.3961431859994597	0.35641899064740357	0.37318049430318884	0.01694915254237288	0.0049504950495049506	0.016129032258064516	0.6647010817031233	0	0.1
1d4b118142c3	0.06608439733031304	0.23923711265301395	0.3813934671405255	0.34937447740275757	0.34281592499532165	0.038461538461538464	0.005076142131979695	0.03225806451612903	0.830124569620279	0	0.05
0673dacb1520	0.3487969244049448	0.37633201224543794	0.34937424956801705	0.30681439083211687	0.3315490869240364	0.01694915254237288	0.0041841004184100415	0.016129032258064516	0.830124569620279	0	0.3333333333333333
324ace413314	0.0	0.29429595503388944	0.346583203298102	0.2975193905947101	0.33847484949608225	0.046875	0.004016064257028112	0.11290322580645161	0.7326214192552911	0	0.3333333333333333
0bfbad79b7bd	0.06608439733031304	0.20570404496611053	0.2733111142076621	0.23025930610483455	0.25823423997013745	0.04827586206896552	0.009433962264150943	0.6451612903225806	0.830124569620279	1	1.0
ae59b0746ce7	0.3581128414972781	0.4907246592448281	0.48621104487374167	0.449512420009539	0.45790338052840085	0.01694915254237288	0.0043859649122807015	0.016129032258064516	0.830124569620279	0	0.25
f2258c95c059	0.0	0.0	0.03639918008035379	0.0	0.0631771468021822	0.030581039755351678	0.0037593984962406013	0.8870967741935485	0.24307555138436987	0	0.047619047619047616
44d072dbe69f	0.06608439733031304	0.20570404496611053	0.3322711483513144	0.25947295739859916	0.34896288456876257	0.022222222222222223	0.003067484662576687	0.016129032258064516	0.830124569620279	0	0.3333333333333333
08c87d12cf53	0.0	0.0	0.03639918008035379	0.0	0.0631771468021822	0.02631578947368421	0.003952569169960474	0.17741935483870966	0.830124569620279	0	0.16666666666666666
7c8dfce1e51b	0.0	0.08859191006777895	0.1350231695040073	0.0822567773113617	0.14669279211481012	0.027777777777777776	0.0027247956403269754	0.016129032258064516	1.0	0	1.0
5dc32844e809	0.8989299181813847	0.6186367387731966	0.6090503706289274	0.5304992528484446	0.6324807739858825	0.06666666666666667	0.011904761904761904	0.016129032258064516	0.7326214192552911	1	0.3333333333333333
8c9940673a65	0.3980639238155956	0.45070805050521723	0.4403535012841779	0.37611151694339084	0.44975438522753747	0.01639344262295082	0.004219409282700422	0.016129032258064516	0.830124569620279	0	0.5
dbfceea3e7ee	0.0	0.0	0.14448153301321734	0.12444969984297151	0.1001334085840143	0.01694915254237288	0.005649717514124294	0.016129032258064516	0.7326214192552911	0	0.02040816326530612
cff59ab75a95	0.06608439733031304	0.3373008448510428	0.45836799534275946	0.45419212348985394	0.2527085872087288	0.03125	0.007518796992481203	0.016129032258064516	1.0	0	1.0
fae49fe4100a	0.0	0.05182294525691176	0.1866744280298992	0.16084890366004248	0.14669279211481012	0.023076923076923075	0.0036363636363636364	0.04838709677419355	0.830124569620279	0	0.3333333333333333
08d37c9166a8	0.0	0.17718382013555786	0.2110863048643623	0.18667454976445727	0.1633105553861965	0.013422818791946308	0.0047169811320754715	0.06451612903225806	0.830124569620279	0	0.2
06226bd35247	0.24514081807895213	0.19223780058160245	0.3111240467164987	0.22673840454420918	0.33622423252135675	0.08333333333333333	0.00398406374501992	0.04838709677419355	1.0	0	0.5
25fb75d5ed7b	0.0	0.08859191006777895	0.24310552243687084	0.21526261328334842	0.2002668171680286	0.07317073170731708	0.015384615384615385	0.04838709677419355	1.0	0	0.3333333333333333
f79f24298211	0.2920284441669651	0.4303778154313211	0.5395299319826854	0.536733438226119	0.29696037010780774	0.07142857142857142	0.0025575447570332483	0.04838709677419355	1.0	0	0.5
5b47d761d33c	0.17905642074863906	0.20570404496611053	0.3547087746343028	0.35028587083897605	0.1633105553861965	0.09507042253521127	0.02564102564102564	1.0	0.7326214192552911	1	0.018518518518518517
e1e0b0777b3b	0.06608439733031304	0.08859191006777895	0.1866744280298992	0.16803445618334878	0.1263542936043644	0.012903225806451613	0.0024875621890547263	0.06451612903225806	0.830124569620279	0	0.010752688172043012
4737cd82c9eb	0.06608439733031304	0.4258927549188218	0.6104609495205524	0.5483364103171593	0.6198039243813661	0.025	0.002277904328018223	0.016129032258064516	1.0	0	1.0
1a2675ebc8be	0.0	0.11711213489833155	0.1350231695040073	0.0822567773113617	0.14669279211481012	0.04477611940298508	0.006578947368421052	0.11290322580645161	0.7326214192552911	0	0.034482758620689655
9f7bb6fdc7a9	0.06608439733031304	0.1601170247154849	0.2460491115198026	0.24006228842175747	0.1001334085840143	0.0625	0.0027472527472527475	0.016129032258064516	1.0	0	0.1111111111111111
fc04748f8174	0.0	0.0	0.08225672366991757	0.0822567773113617	0.0	0.08333333333333333	0.021739130434782608	0.04838709677419355	1.0	0	0.16666666666666666
7a94213a56b4	0.06608439733031304	0.1601170247154849	0.36373450393816925	0.2666585099219055	0.3959176932594214	0.1	0.024390243902439025	0.016129032258064516	0.830124569620279	0	1.0
a1985e2c2f9c	0.17905642074863906	0.2487089347832638	0.42032158695756006	0.40295154087343216	0.3339166318896398	0.024390243902439025	0.005952380952380952	0.016129032258064516	0.830124569620279	0	0.03333333333333333
f1ada0839f06	0.06608439733031304	0.26577573020333684	0.42478067809446846	0.42196909043768166	0.1895314404065466	0.020833333333333332	0.004784688995215311	0.016129032258064516	0.830124569620279	0	1.0
42fe82896e9c	0.20418054257991852	0.27352423036965934	0.43163097323793465	0.38877635184434883	0.41410022211038494	0.01639344262295082	0.0037313432835820895	0.016129032258064516	0.830124569620279	0	1.0
b619bd4174e6	0.0	0.0	0.19724797884730702	0.15303776336186264	0.1895314404065466	0.025974025974025976	0.3333333333333333	0.16129032258064516	0.830124569620279	0	0.009433962264150943
a6b6e3cf36a4	0.8805509317854763	0.9910814820732016	1.0	1.0	0.0631771468021822	0.04115853658536585	0.002840909090909091	1.0	0.19649904201920165	0	1.0
a8863e38d9d9	0.0	0.1601170247154849	0.31787696034860546	0.3053305308928899	0.20986993891699235	0.03305785123966942	0.007194244604316547	0.1935483870967742	0.830124569620279	0	0.5
d4aea8918519	0.11297202341832605	0.41393908569435	0.46717109007501156	0.40445193483653896	0.475317178173127	0.016666666666666666	0.004032258064516129	0.016129032258064516	0.830124569620279	0	1.0
df65e3e12315	0.0	0.17718382013555786	0.1921167866513249	0.18667454976445727	0.0631771468021822	0.017543859649122806	0.002352941176470588	0.016129032258064516	1.0	0	0.5
c0777eb25f14	0.06608439733031304	0.20570404496611053	0.32772478834659746	0.31251608341619624	0.2337832233056255	0.013422818791946308	0.004694835680751174	0.06451612903225806	0.830124569620279	0	0.16666666666666666
a89f90129c0d	0.0	0.0	0.12444961868659946	0.11246238877989302	0.0631771468021822	0.03614457831325301	0.00267379679144385	0.04838709677419355	1.0	0	0.5
a3bcc6676c47	0.06608439733031304	0.20570404496611053	0.3475232267968525	0.3407266909519464	0.1895314404065466	0.028301886792452827	0.0064516129032258064	0.04838709677419355	0.830124569620279	0	1.0
481670dcdf35	0.17905642074863906	0.4325626739221302	0.5369600704397952	0.5330214269445332	0.3240534661514722	0.025974025974025976	0.09090909090909091	0.16129032258064516	0.830124569620279	0	0.2
eefe8ba954b4	0.11297202341832605	0.22900676539246964	0.33553592355096173	0.29587216121567017	0.31299198758814106	0.025974025974025976	0.007246376811594203	0.16129032258064516	0.830124569620279	0	0.006535947712418301
7a6fa0f8e860	0.3980639238155956	0.4746357653765741	0.49030556541181364	0.422781507587797	0.5032555231466126	0.04477611940298508	0.003205128205128205	0.11290322580645161	0.6647010817031233	0	0.14285714285714285
b516dee066b2	0.0	0.05182294525691176	0.24889923737319897	0.1921169119349664	0.2527085872087288	0.0136986301369863	0.0035714285714285713	0.016129032258064516	0.5714147953641597	0	0.07692307692307693
4bcbfd0e4386	0.14934089169295822	0.3373008448510428	0.4578222707207731	0.45419212348985394	0.2405378208388442	0.036458333333333336	0.014285714285714285	0.4193548387096774	0.830124569620279	0	0.2
2728bff12ca2	0.14934089169295822	0.26577573020333684	0.40833428371166935	0.4059276636691618	0.1633105553861965	0.043478260869565216	0.05	0.03225806451612903	0.7326214192552911	0	0.1
3bba4cd96313	0.17905642074863906	0.19223780058160245	0.382032412356413	0.3668041506363452	0.2857857377665804	0.06802721088435375	0.16666666666666666	0.40322580645161293	0.830124569620279	1	1.0
514dafbde2cb	0.0	0.0	0.06222480934329974	0.06222484992148576	0.0	0.03225806451612903	0.038461538461538464	0.016129032258064516	1.0	0	0.03225806451612903
09914b7f0b81	0.3171525659982445	0.4188555037182755	0.5348962686549122	0.5010698384438396	0.5010413570247582	0.04	0.0028011204481792717	0.016129032258064516	1.0	0	1.0
43df79412c67	0.6186046853956467	0.5744136242354412	0.6628712474087772	0.648837976810679	0.5602093706745065	0.038461538461538464	0.002652519893899204	0.016129032258064516	1.0	0	0.14285714285714285
92fcd21dac57	0.0	0.0	0.08225672366991757	0.06222484992148576	0.0631771468021822	0.06666666666666667	0.037037037037037035	0.016129032258064516	1.0	0	0.125
afa073274618	0.7661039283644008	0.8366601863200743	0.8869796960717886	0.8733079103306942	0.7853700477380463	0.016901408450704227	0.002403846153846154	0.0967741935483871	0.5074949309557394	0	1.0
9eca54b3d126	0.06608439733031304	0.20570404496611053	0.2711478426908739	0.2569440160127405	0.17736067403666203	0.017241379310344827	0.003236245954692557	0.016129032258064516	0.7326214192552911	0	1.0
89657b845762	0.3752849385296103	0.47922827533576984	0.6183054012678338	0.5032411615423952	0.6613777979762858	0.06666666666666667	0.03333333333333333	0.016129032258064516	1.0	0	0.030303030303030304
fa6e1c5e2ec9	0.06608439733031304	0.2575269902230222	0.3253622461067884	0.32044224164478247	0.14669279211481012	0.017543859649122806	0.0049261083743842365	0.016129032258064516	0.6647010817031233	0	0.3333333333333333
9cd2476c33e0	0.14934089169295822	0.17718382013555786	0.2834084229327595	0.25947295739859916	0.22648770218837871	0.09090909090909091	0.002544529262086514	0.016129032258064516	0.7326214192552911	0	1.0
42043a5811a3	0.06608439733031304	0.32281617986444205	0.34937424956801705	0.3038217309667262	0.33622423252135675	0.027522935779816512	0.005050505050505051	0.04838709677419355	0.830124569620279	0	0.025
f7d5709ee3bd	0.0	0.0	0.06222480934329974	0.036399203817070964	0.0631771468021822	0.05442176870748299	0.2	0.3548387096774193	0.830124569620279	1	1.0
227528c6f76c	0.06608439733031304	0.1601170247154849	0.2711478426908739	0.22673840454420918	0.25823423997013745	0.125	0.5	0.03225806451612903	0.830124569620279	1	0.3333333333333333
a703b3780f60	0.2623129151112843	0.4007509939970291	0.5035702701553654	0.48439773495838523	0.4250508182313436	0.07692307692307693	0.0025906735751295338	0.04838709677419355	1.0	0	1.0
fc2f87a798bb	0.11297202341832605	0.14041485532469067	0.26665833602805705	0.23691208862286453	0.22648770218837871	0.037037037037037035	0.006369426751592357	0.12903225806451613	0.7326214192552911	0	1.0
45942c5c979a	0.4617689478232709	0.4714797751694473	0.5290251978983216	0.5205931441762384	0.3818675746089558	0.019801980198019802	0.002398081534772182	0.03225806451612903	1.0	0	0.25
6d1de89ec39b	0.11297202341832605	0.17718382013555786	0.16803434660440356	0.1444816272328475	0.1263542936043644	0.04827586206896552	0.01639344262295082	0.6451612903225806	0.830124569620279	1	0.1
ebfaf27aee27	0.14934089169295822	0.17718382013555786	0.29248396529100307	0.285298603503014	0.14669279211481012	0.041841004184100423	0.002849002849002849	0.5322580645161291	0.7326214192552911	0	0.3333333333333333
baca117c9f5e	0.06608439733031304	0.17718382013555786	0.2569438484539261	0.23691208862286453	0.1895314404065466	0.02564102564102564	0.002320185614849188	0.016129032258064516	1.0	0	0.25
1168355824e8	0.0	0.05182294525691176	0.08225672366991757	0.036399203817070964	0.1001334085840143	0.07692307692307693	0.0045871559633027525	0.016129032258064516	0.830124569620279	0	0.5
dc289925d4d5	0.3980639238155956	0.48220076068823287	0.5558971977364213	0.5251025565453391	0.5151981408206787	0.08333333333333333	0.002583979328165375	0.04838709677419355	1.0	0	0.058823529411764705
11707f6c16f9	0.06608439733031304	0.3417859053635422	0.3966856131715804	0.34752345342449975	0.38852347656524444	0.036458333333333336	0.00273224043715847	0.4193548387096774	0.830124569620279	0	0.05263157894736842
4d9c92199632	0.5310181859142654	0.595435014882569	0.5523395746325763	0.4858114883088076	0.5651476184615233	0.025	0.0031847133757961785	0.016129032258064516	1.0	0	0.09090909090909091
d7a3a55ba8db	0.06608439733031304	0.3278290227207929	0.4432970903671096	0.4416739811001098	0.1633105553861965	0.02631578947368421	0.009345794392523364	0.17741935483870966	0.830124569620279	0	1.0
9362087a438a	0.17905642074863906	0.3950695649117253	0.59387348393237	0.3899498519847272	0.6562852930198558	0.06666666666666667	0.009174311926605505	0.016129032258064516	1.0	0	1.0
ebd3b0ceb37a	0.880917600506931	0.789078450629696	0.8423923572835764	0.8376743442782604	0.6476594091957418	0.025	0.002857142857142857	0.016129032258064516	0.6129557746355119	0	1.0
b99e0c0e255c	0.3487969244049448	0.45070805050521723	0.4426512499998029	0.38577368121982847	0.44435159748997644	0.024390243902439025	0.003355704697986577	0.016129032258064516	1.0	0	0.14285714285714285
a5aa40c05edd	0.5000440855239167	0.6338590024684603	0.7075388559908385	0.7074545233159374	0.1633105553861965	0.013986013986013986	0.0023584905660377358	0.06451612903225806	0.830124569620279	0	1.0
622b14c530f6	0.4050004675852912	0.46987206706172324	0.5900031618668092	0.589436765824515	0.20986993891699235	0.1	0.0025188916876574307	0.016129032258064516	0.5714147953641597	0	1.0
19bcb5a6573d	0.11297202341832605	0.28082971064938134	0.32772478834659746	0.28714962748127176	0.30691337849138584	0.013422818791946308	0.004464285714285714	0.06451612903225806	0.830124569620279	0	1.0
a1df45a038cc	0.0	0.0	0.16084879876695327	0.1444816272328475	0.1001334085840143	0.023255813953488372	0.010638297872340425	0.016129032258064516	1.0	1	0.020833333333333332
02f4dd6a2c74	0.3171525659982445	0.3621161404374383	0.5132257170013834	0.5060035789568714	0.3528419957927431	0.025	0.0029154518950437317	0.016129032258064516	0.830124569620279	0	1.0
3bede0725dfe	0.0	0.05182294525691176	0.1530376635625889	0.15303776336186264	0.0	0.10505836575875485	0.02631578947368421	1.0	1.0	1	0.3333333333333333
3fa8268540a1	0.3171525659982445	0.4007509939970291	0.49709438153813623	0.48798907315063655	0.35656273103180247	0.03007518796992481	0.0024449877750611247	0.1935483870967742	0.830124569620279	0	0.16666666666666666
ce376d96cd7e	0.0	0.0	0.03639918008035379	0.0	0.0631771468021822	0.02857142857142857	0.03225806451612903	0.016129032258064516	1.0	0	0.14285714285714285
d31f25ca302d	0.0	0.17718382013555786	0.240062131871887	0.18667454976445727	0.2405378208388442	0.0136986301369863	0.003215434083601286	0.016129032258064516	0.5368943496508024	0	0.2
8cc54be85825	0.0	0.08859191006777895	0.20210167028488468	0.1921169119349664	0.1001334085840143	0.014705882352941176	0.002967359050445104	0.016129032258064516	0.7326214192552911	0	0.2
0dfbb8be0594	0.9040942053556914	0.48934290406480807	0.7531145744276933	0.7109486655074397	0.7384026816501275	0.0625	0.003278688524590164	0.04838709677419355	1.0	0	0.1111111111111111
a43d3b308c6a	0.06608439733031304	0.22900676539246964	0.30072565970853826	0.268931327075819	0.2634439639702108	0.027586206896551724	0.008849557522123894	0.1935483870967742	0.830124569620279	0	0.5
cdba21b47239	0.14934089169295822	0.20570404496611053	0.32655128897148417	0.3265515019228631	0.0	0.027777777777777776	0.004878048780487805	0.016129032258064516	1.0	0	1.0
d6323cdb74c5	0.20418054257991852	0.29429595503388944	0.4092792547936479	0.4083345499955632	0.1001334085840143	0.05442176870748299	0.01	0.3548387096774193	0.830124569620279	1	0.2
59539dbe627a	0.14934089169295822	0.3373008448510428	0.42712267414803223	0.4251755556614198	0.1633105553861965	0.03861003861003861	0.006535947712418301	0.5322580645161291	0.7326214192552911	0	0.047619047619047616
f2c594676f5d	0.0	0.30053188004017556	0.342721471388412	0.2814779638261902	0.34896288456876257	0.058823529411764705	0.02040816326530612	0.04838709677419355	1.0	0	1.0
cf0d857f3696	0.06608439733031304	0.22900676539246964	0.4097480361401522	0.406414231160602	0.1895314404065466	0.08333333333333333	0.002688172043010753	0.04838709677419355	1.0	0	1.0
bbbbb1aa15b5	0.14934089169295822	0.3694216207171603	0.4489096318335495	0.444891941487754	0.2405378208388442	0.027586206896551724	0.007633587786259542	0.1935483870967742	0.830124569620279	0	1.0
c6f3b6a7a339	0.17905642074863906	0.2487089347832638	0.38758705545008815	0.36373474113755194	0.326621110772393	0.01694915254237288	0.0078125	0.016129032258064516	0.7326214192552911	0	0.14285714285714285
870bdb7ff9c8	0.11297202341832605	0.23923711265301395	0.35384141113454926	0.346583429312739	0.2002668171680286	0.031545741324921134	0.002932551319648094	0.8870967741935485	0.24307555138436987	0	1.0
035422b7b174	0.17905642074863906	0.08859191006777895	0.2569438484539261	0.24006228842175747	0.17736067403666203	0.012903225806451613	0.0024390243902439024	0.06451612903225806	0.830124569620279	0	0.008695652173913044
cb24d12576b4	0.17905642074863906	0.2487089347832638	0.3511878753697344	0.32888335984339123	0.2857857377665804	0.04615384615384615	0.002777777777777778	0.04838709677419355	0.830124569620279	0	0.2
a5addb20f14b	0.06608439733031304	0.22900676539246964	0.36903900009503976	0.36528256366046225	0.1633105553861965	0.020833333333333332	0.015151515151515152	0.016129032258064516	0.830124569620279	0	0.5
c288a8f8d61d	0.22594404683665206	0.22900676539246964	0.32169759753390653	0.3053305308928899	0.2337832233056255	0.07142857142857142	0.003389830508474576	0.04838709677419355	1.0	0	0.25
b80cd8d87227	0.06608439733031304	0.1601170247154849	0.41021438224790097	0.36528256366046225	0.3959176932594214	0.038461538461538464	0.010869565217391304	0.016129032258064516	1.0	1	1.0
da08935bf9e7	0.24514081807895213	0.4544129797493744	0.5360486775979162	0.5210002717783576	0.43786421022257593	0.06666666666666667	0.002890173410404624	0.016129032258064516	1.0	0	0.25
fe684ba75284	0.11297202341832605	0.19223780058160245	0.25166165298624243	0.23025930610483455	0.1895314404065466	0.012903225806451613	0.004347826086956522	0.06451612903225806	0.830124569620279	0	0.018518518518518517
4e7f6df10678	0.0	0.05182294525691176	0.21526247290588865	0.21108644251844974	0.0631771468021822	0.09090909090909091	0.008695652173913044	0.016129032258064516	0.7326214192552911	0	0.09090909090909091
fe15228c9896	0.11297202341832605	0.37633201224543794	0.45362003285944397	0.44799853114131427	0.2730470857191745	0.025974025974025976	0.006289308176100629	0.16129032258064516	0.830124569620279	0	0.25
bf830d95f761	0.0	0.0	0.12444961868659946	0.11246238877989302	0.0631771468021822	0.017241379310344827	0.005291005291005291	0.016129032258064516	0.830124569620279	0	0.16666666666666666
c1e8f7fc49dd	0.2778469664164643	0.5050128428563507	0.5788549334222395	0.5079035754323352	0.5959210843585637	0.029411764705882353	0.0023094688221709007	0.016129032258064516	1.0	0	0.5
a31abe20eaad	0.11297202341832605	0.3921312490847479	0.4286507352776374	0.4134129543086664	0.3315490869240364	0.022058823529411763	0.006756756756756757	0.04838709677419355	0.830124569620279	0	0.3333333333333333
4f5433c85e8c	0.11297202341832605	0.1601170247154849	0.2754234804643054	0.24006228842175747	0.24682620069882444	0.023255813953488372	0.009615384615384616	0.016129032258064516	1.0	1	0.02127659574468085
946fd0cc791b	0.0	0.05182294525691176	0.03639918008035379	0.0	0.0631771468021822	0.0449438202247191	0.007407407407407408	0.1935483870967742	0.830124569620279	0	1.0
8d3383935a74	0.20418054257991852	0.3417859053635422	0.41736414319077336	0.3972250415423424	0.34281592499532165	0.043478260869565216	0.00546448087431694	0.03225806451612903	0.7326214192552911	0	1.0
f24c3d8638cb	0.2623129151112843	0.40619058552802756	0.5154135935406252	0.4940391250504796	0.4457326141585162	0.04	0.00423728813559322	0.03225806451612903	1.0	0	0.14285714285714285
8870deb3cd89	0.7192163022763876	0.7366549822195416	0.733626838882853	0.6902862430604149	0.720577898491306	0.025933609958506222	0.003125	0.967741935483871	0.24307555138436987	0	0.25
ca4b3f058b14	0.06608439733031304	0.14041485532469067	0.2889630660264346	0.28714962748127176	0.0631771468021822	0.038461538461538464	0.003048780487804878	0.03225806451612903	0.830124569620279	0	0.07692307692307693
1482584928f5	0.2920284441669651	0.22900676539246964	0.4278899559459768	0.4235866383873218	0.22648770218837871	0.02631578947368421	0.004975124378109453	0.016129032258064516	1.0	0	0.2
3b2a90971455	0.0	0.27352423036965934	0.223073608110253	0.2067064771543332	0.14669279211481012	0.016260162601626018	0.0036101083032490976	0.06451612903225806	0.6647010817031233	0	0.05
ff7dbfba4a51	0.3669249431097742	0.1601170247154849	0.4290287207786332	0.36295070573993404	0.4400783763444305	0.023255813953488372	0.008620689655172414	0.016129032258064516	1.0	1	1.0
f15277be8b1c	0.41804616249593934	0.3694216207171603	0.5071164607072851	0.4413457486232843	0.5186498404460089	0.029940119760479042	0.003076923076923077	0.2096774193548387	0.4819920873588857	0	0.3333333333333333
5d57c0556adb	0.06608439733031304	0.20570404496611053	0.2619324331157728	0.23364731129418437	0.21855701922275933	0.027586206896551724	0.007692307692307693	0.1935483870967742	0.830124569620279	0	0.3333333333333333
dd2c4de0cdb1	0.14934089169295822	0.1601170247154849	0.38329681951029215	0.3832970694666971	0.0	0.05442176870748299	0.01098901098901099	0.3548387096774193	0.830124569620279	1	0.25
a91e68adf9db	0.06608439733031304	0.22900676539246964	0.3916815759881601	0.3899498519847272	0.1263542936043644	0.035175879396984924	0.0051813471502590676	0.4193548387096774	0.830124569620279	0	0.1
87627c299529	0.06608439733031304	0.22900676539246964	0.31916865779722586	0.30072585581844824	0.2405378208388442	0.012903225806451613	0.012658227848101266	0.06451612903225806	0.830124569620279	0	0.01694915254237288
bbac3d3dec30	0.14934089169295822	0.3461189002908012	0.43731011071919407	0.422781507587797	0.33622423252135675	0.030581039755351678	0.0028653295128939827	0.8870967741935485	0.24307555138436987	0	0.1111111111111111
373b81870403	0.06608439733031304	0.17718382013555786	0.2852984174535528	0.2666585099219055	0.20986993891699235	0.027522935779816512	0.005154639175257732	0.04838709677419355	0.830124569620279	0	0.03125
6cd3cdf49d80	0.22594404683665206	0.41642093278857184	0.4476923735378234	0.4251755556614198	0.3818675746089558	0.027586206896551724	0.004424778761061947	0.1935483870967742	0.830124569620279	0	1.0
7ad8ad3886a8	0.0	0.0	0.08225672366991757	0.06222484992148576	0.0631771468021822	0.03125	0.011111111111111112	0.016129032258064516	1.0	0	0.08333333333333333
a18a8443ca29	0.11297202341832605	0.05182294525691176	0.1746871247840085	0.16084890366004248	0.1001334085840143	0.047619047619047616	0.0034482758620689655	0.04838709677419355	1.0	0	1.0
50aec4be6437	0.0	0.05182294525691176	0.11246231544070878	0.0822567773113617	0.1001334085840143	0.046875	0.002976190476190476	0.11290322580645161	0.7326214192552911	0	0.14285714285714285
8c31110375c5	0.913657041496575	0.8216864640300847	0.8781007659745617	0.8689093554294399	0.7424025860712729	0.04366812227074236	0.0024813895781637717	0.5322580645161291	0.4395745934035716	0	1.0
8158aadd04cf	0.0	0.05182294525691176	0.2889630660264346	0.2619326039277545	0.2405378208388442	0.0136986301369863	0.004739336492890996	0.016129032258064516	0.830124569620279	0	1.0
1e9a1816d05e	0.3283973124415973	0.6053387776379077	0.6714020295395533	0.6048407401721275	0.6859271375806336	0.037037037037037035	0.002288329519450801	0.016129032258064516	1.0	0	0.5
9506818a964f	0.06608439733031304	0.1601170247154849	0.1350231695040073	0.12444969984297151	0.0631771468021822	0.017241379310344827	0.003246753246753247	0.016129032258064516	0.7326214192552911	0	1.0
917a3b0e6eb2	0.0	0.05182294525691176	0.03639918008035379	0.0	0.0631771468021822	0.035398230088495575	0.007462686567164179	0.1935483870967742	0.830124569620279	0	1.0
a53b695cf57b	0.20418054257991852	0.2487089347832638	0.44799823899167057	0.4386757679587653	0.31000334750100667	0.05442176870748299	0.011363636363636364	0.3548387096774193	0.830124569620279	1	0.3333333333333333
8186075d485e	0.11297202341832605	0.20570404496611053	0.3288831453713568	0.285298603503014	0.31299198758814106	0.024390243902439025	0.004329004329004329	0.016129032258064516	0.830124569620279	0	0.025
be3686c05545	0.17905642074863906	0.19223780058160245	0.29913674347060804	0.2941941407259178	0.1263542936043644	0.08928571428571429	0.014705882352941176	0.08064516129032258	0.7326214192552911	1	1.0
473e0412d9f3	0.06608439733031304	0.3461189002908012	0.4567207670379138	0.40927952169377846	0.4464153541028635	0.027522935779816512	0.005128205128205128	0.04838709677419355	0.830124569620279	0	0.029411764705882353
d5e354ff2378	0.0	0.28082971064938134	0.38392240687720625	0.3826670915662682	0.1001334085840143	0.047058823529411764	0.006211180124223602	0.1935483870967742	0.830124569620279	0	1.0
d5c9f012fb45	0.0	0.0	0.09862398942365351	0.0822567773113617	0.0631771468021822	0.013422818791946308	0.0024937655860349127	0.06451612903225806	0.830124569620279	0	0.027777777777777776
332fb07ece0d	0.7152164898138402	0.5765379575040567	0.6138933718105997	0.5763324617117263	0.588790293733273	0.025	0.0023752969121140144	0.016129032258064516	1.0	0	0.5
d3354600ed81	0.0	0.08859191006777895	0.4423265790352049	0.38010201756474693	0.44975438522753747	0.0392156862745098	0.03125	0.14516129032258063	0.6129557746355119	1	0.16666666666666666
185a18736d02	0.0	0.08859191006777895	0.2733111142076621	0.2733112924399355	0.0	0.05263157894736842	0.0023923444976076554	0.016129032258064516	1.0	0	0.3333333333333333
842974ae3c95	0.0	0.0	0.12444961868659946	0.036399203817070964	0.1633105553861965	0.024390243902439025	0.0025974025974025974	0.016129032258064516	0.830124569620279	0	0.16666666666666666
8a2e742f7040	0.17905642074863906	0.4409467353648662	0.5417063155164193	0.5311062293487824	0.41410022211038494	0.045454545454545456	0.004132231404958678	0.04838709677419355	1.0	0	0.06666666666666667
2c0d196953de	0.06608439733031304	0.08859191006777895	0.1808807130935711	0.12444969984297151	0.1895314404065466	0.013605442176870748	0.003424657534246575	0.06451612903225806	0.830124569620279	0	0.14285714285714285
cd1c20933a2c	0.0	0.08859191006777895	0.1866744280298992	0.11246238877989302	0.20986993891699235	0.046875	0.0032258064516129032	0.11290322580645161	0.7326214192552911	0	0.3333333333333333
3b7f0448940a	0.0	0.0	0.16084879876695327	0.1444816272328475	0.1001334085840143	0.08333333333333333	0.02127659574468085	0.04838709677419355	1.0	0	0.5
0085a5c5f382	0.14934089169295822	0.26577573020333684	0.3621595262801692	0.36136178846583605	0.0631771468021822	0.04477611940298508	0.003787878787878788	0.11290322580645161	0.7326214192552911	0	0.038461538461538464
90c6f7a4549b	0.11297202341832605	0.28082971064938134	0.3933807703864162	0.3916818314124518	0.1263542936043644	0.08333333333333333	0.01818181818181818	0.016129032258064516	1.0	0	1.0
a771142c7c74	0.0	0.2487089347832638	0.362950469051838	0.36295070573993404	0.0	0.047619047619047616	0.0028169014084507044	0.04838709677419355	1.0	0	0.5
405bc54f9208	0.3980639238155956	0.4632310351891327	0.49867089583864815	0.4745085883046332	0.43860825808009646	0.023076923076923075	0.006993006993006993	0.04838709677419355	0.6647010817031233	0	0.05555555555555555
54d32fe83d02	0.11297202341832605	0.3278290227207929	0.4341599129746153	0.4169338558692918	0.3469596092828387	0.027777777777777776	0.00228310502283105	0.016129032258064516	1.0	0	0.125
549ead57a1fe	0.5401598815277486	0.4325626739221302	0.6073071814129027	0.6040926401561434	0.37616913439032323	0.031007751937984496	0.004484304932735426	0.1935483870967742	0.830124569620279	0	0.5
f7f27b79a710	0.24514081807895213	0.1601170247154849	0.30072565970853826	0.0986240537385567	0.3601375169099899	0.012903225806451613	0.0037174721189591076	0.06451612903225806	0.830124569620279	0	0.03571428571428571
3a0c55fd4d5e	0.11297202341832605	0.17718382013555786	0.36451175055848645	0.3138866670219051	0.35836764855415176	0.045454545454545456	0.0033783783783783786	0.04838709677419355	1.0	0	0.5
48637df6f189	0.0	0.0	0.09862398942365351	0.0986240537385567	0.0	0.02531645569620253	0.017857142857142856	0.16129032258064516	0.830124569620279	0	0.058823529411764705
4b68f2320bdd	0.6204257566085625	0.5121816998100569	0.5836300306496793	0.5649695780380372	0.5036193773479372	0.06369426751592357	0.023255813953488372	0.40322580645161293	0.6647010817031233	1	1.0
931e3fc693cb	0.24514081807895213	0.19223780058160245	0.32044203267738586	0.2754236600741	0.30691337849138584	0.025	0.027777777777777776	0.016129032258064516	1.0	0	0.1
95d21f09c9a1	0.2920284441669651	0.3828878651016684	0.5136675788804628	0.4515898693335656	0.5216782039403483	0.023255813953488372	0.013333333333333334	0.016129032258064516	1.0	1	0.05555555555555555
682aa0d5edac	0.22594404683665206	0.26577573020333684	0.39882312900784195	0.38818379865398855	0.2730470857191745	0.1	0.00411522633744856	0.016129032258064516	0.830124569620279	0	0.3333333333333333
5d45954e870d	0.0	0.08859191006777895	0.2302591559477033	0.16084890366004248	0.24682620069882444	0.039603960396039604	0.0625	0.1935483870967742	0.830124569620279	0	1.0
28fd1390615c	0.17905642074863906	0.26577573020333684	0.4618365650087258	0.4251755556614198	0.4332676720957502	0.016666666666666666	0.004807692307692308	0.016129032258064516	0.830124569620279	0	0.1
ca55c295a311	0.3487969244049448	0.49478249559580645	0.4578222707207731	0.4078583075926847	0.4510564838922171	0.037037037037037035	0.0035087719298245615	0.03225806451612903	1.0	0	0.5
b01475838357	0.0	0.11711213489833155	0.30827392086310235	0.2543417618564522	0.30691337849138584	0.03418803418803419	0.02702702702702703	0.1935483870967742	0.830124569620279	0	1.0
6c1567cbacd2	0.06608439733031304	0.3373008448510428	0.4829610456471109	0.47518782092005174	0.3291184000394623	0.04	0.004166666666666667	0.03225806451612903	1.0	0	1.0
6a117701bb69	0.0	0.0	0.12444961868659946	0.06222484992148576	0.14669279211481012	0.07142857142857142	0.01694915254237288	0.04838709677419355	1.0	0	0.07692307692307693
8cddd47108c6	0.22594404683665206	0.27352423036965934	0.41650094977225893	0.38877635184434883	0.3668921144432087	0.025	0.0031645569620253164	0.016129032258064516	0.830124569620279	0	0.5
89bb91a205f8	0.8898260569421832	0.8072884212828673	0.9369517110364998	0.9004108496034143	0.9146274990728791	0.03007518796992481	0.0053475935828877	0.1935483870967742	0.830124569620279	0	0.125
5eedf786a5ef	0.4116538068042425	0.43890171398791633	0.5524350253846414	0.5142537004838339	0.5277279832546746	0.035398230088495575	0.007042253521126761	0.1935483870967742	0.830124569620279	0	0.5
d5b9c38679c2	0.0	0.14041485532469067	0.2192529709249519	0.21526261328334842	0.0631771468021822	0.021582733812949638	0.004310344827586207	0.04838709677419355	0.830124569620279	0	1.0
4e691f31e44a	0.4116538068042425	0.4303778154313211	0.5722950552177868	0.5293962446491849	0.5562198779909449	0.02857142857142857	0.0025380710659898475	0.016129032258064516	0.830124569620279	0	1.0
4463952b3f2a	0.11297202341832605	0.14041485532469067	0.1530376635625889	0.0986240537385567	0.1633105553861965	0.02040816326530612	0.0034965034965034965	0.016129032258064516	0.830124569620279	0	1.0
e72fcf80c591	0.06608439733031304	0.30053188004017556	0.34563323227605924	0.2795048847884751	0.35656273103180247	0.027522935779816512	0.005235602094240838	0.04838709677419355	0.830124569620279	0	0.02702702702702703
d5087655d23e	0.0	0.0	0.09862398942365351	0.0822567773113617	0.0631771468021822	0.027586206896551724	0.06666666666666667	0.1935483870967742	0.830124569620279	0	0.05555555555555555
ba21ebdb445a	0.11297202341832605	0.19223780058160245	0.31916865779722586	0.3178771676432612	0.0631771468021822	0.023622047244094488	0.0024630541871921183	0.04838709677419355	0.830124569620279	0	1.0
2bace1ffcc84	0.14934089169295822	0.3278290227207929	0.39281793829913564	0.379449131178624	0.2857857377665804	0.021582733812949638	0.003134796238244514	0.04838709677419355	0.830124569620279	0	0.5
b95b1cd23e9c	0.2623129151112843	0.3583006001008581	0.3977607328942615	0.386382303770726	0.2774940826206763	0.023809523809523808	0.004405286343612335	0.016129032258064516	1.0	0	1.0
e79e3029b1e8	0.11297202341832605	0.3121590839292501	0.47675268136453164	0.47630857807875054	0.1001334085840143	0.03802281368821293	0.012048192771084338	0.5322580645161291	0.7326214192552911	0	0.2
bc857e7522a0	0.24514081807895213	0.3373008448510428	0.40833428371166935	0.4059276636691618	0.1633105553861965	0.04477611940298508	0.00510204081632653	0.11290322580645161	0.7326214192552911	0	0.023809523809523808
bc3ee344a4ef	0.11297202341832605	0.3828878651016684	0.39449595769461404	0.35384164188242545	0.37318049430318884	0.016666666666666666	0.004629629629629629	0.016129032258064516	0.830124569620279	0	0.5
d89a3e66feda	0.0	0.2575269902230222	0.366046342181228	0.3053305308928899	0.37164860351436985	0.013422818791946308	0.0038022813688212928	0.06451612903225806	0.830124569620279	0	0.3333333333333333
2a09e344bc38	0.0	0.1601170247154849	0.31388646232954215	0.29587216121567017	0.2337832233056255	0.025	0.0022935779816513763	0.016129032258064516	1.0	0	0.2
a444b8c89621	0.0	0.08859191006777895	0.1866744280298992	0.15303776336186264	0.1633105553861965	0.02564102564102564	0.002347417840375587	0.016129032258064516	1.0	0	0.3333333333333333
2b9467555564	0.24514081807895213	0.4347108103585801	0.3863820518023723	0.3344610219376306	0.3818675746089558	0.0136986301369863	0.004291845493562232	0.016129032258064516	0.830124569620279	0	0.16666666666666666
fc2a43593c27	0.3389160702549781	0.3175986754602486	0.5442501860512816	0.5351282859429521	0.4038483762250407	0.05442176870748299	0.008928571428571428	0.3548387096774193	0.830124569620279	1	0.14285714285714285
411c8b45e11c	0.4710848649156042	0.6514293222797004	0.7215126860696363	0.7190869513271387	0.4659339488260871	0.023076923076923075	0.002386634844868735	0.04838709677419355	0.830124569620279	0	0.5
bc8cfb8bbe86	0.0	0.0	0.1746871247840085	0.0986240537385567	0.2002668171680286	0.027586206896551724	0.034482758620689655	0.1935483870967742	0.830124569620279	0	0.058823529411764705
87bb62b257d4	0.2778469664164643	0.506235925006286	0.6232506494944389	0.5905043651160531	0.5880743013915997	0.0136986301369863	0.002564102564102564	0.016129032258064516	0.830124569620279	0	1.0
06b409d61fca	0.0	0.11711213489833155	0.3253622461067884	0.2754236600741	0.31869042780677365	0.027586206896551724	0.009523809523809525	0.1935483870967742	0.830124569620279	0	0.017543859649122806
fed802373bca	0.0	0.1601170247154849	0.23364715892766083	0.17468723870137876	0.2405378208388442	0.02702702702702703	0.0058823529411764705	0.03225806451612903	0.830124569620279	0	0.14285714285714285
32b89f63cf8e	0.2623129151112843	0.3373008448510428	0.39110795471465654	0.37542884078350797	0.29696037010780774	0.043478260869565216	0.043478260869565216	0.03225806451612903	0.7326214192552911	0	1.0
71cbea815ea6	0.0	0.05182294525691176	0.14448153301321734	0.11246238877989302	0.1263542936043644	0.02666666666666667	1.0	0.16129032258064516	0.830124569620279	0	0.07142857142857142
315136e13a9f	0.0	0.0	0.14448153301321734	0.1350232575556277	0.0631771468021822	0.037037037037037035	0.0029585798816568047	0.12903225806451613	0.7326214192552911	0	0.125
3a77553061f9	0.0	0.11711213489833155	0.1530376635625889	0.11246238877989302	0.14669279211481012	0.04838709677419355	0.007936507936507936	0.04838709677419355	1.0	0	0.09090909090909091
e0bcbd573fc1	0.0	0.0	0.16084879876695327	0.0986240537385567	0.17736067403666203	0.0196078431372549	0.005	0.016129032258064516	0.830124569620279	0	0.3333333333333333
67ebaf1a10cb	0.06608439733031304	0.19223780058160245	0.3747406889609206	0.3740477138126567	0.0631771468021822	0.023076923076923075	0.003875968992248062	0.04838709677419355	0.830124569620279	0	0.08333333333333333
87231505d3b5	0.11297202341832605	0.19223780058160245	0.30072565970853826	0.2543417618564522	0.28966484899056094	0.0392156862745098	0.023809523809523808	0.14516129032258063	0.6129557746355119	1	0.14285714285714285
7012373d248c	0.14934089169295822	0.38604385530879515	0.4696040689005133	0.4676632944921593	0.2002668171680286	0.03571428571428571	0.004830917874396135	0.3709677419354839	0.37696029684370164	0	1.0
966b05367961	0.0	0.0	0.20670634235651703	0.17468723870137876	0.17736067403666203	0.027586206896551724	0.004761904761904762	0.1935483870967742	0.830124569620279	0	0.0625
78494d510c1b	0.06608439733031304	0.17718382013555786	0.3311559610431165	0.2569440160127405	0.34896288456876257	0.012578616352201259	0.005847953216374269	0.06451612903225806	0.830124569620279	0	1.0
78e10891a932	0.9403995196509866	0.7583762365988038	0.6945972537553731	0.6102611881517791	0.7232593244353094	0.012903225806451613	0.009708737864077669	0.06451612903225806	0.7326214192552911	1	0.043478260869565216
67a83f316269	0.0	0.05182294525691176	0.1350231695040073	0.036399203817070964	0.17736067403666203	0.025974025974025976	0.00558659217877095	0.16129032258064516	0.830124569620279	0	0.005681818181818182
98bbf5d8d867	0.0	0.0	0.12444961868659946	0.11246238877989302	0.0631771468021822	0.0625	0.004524886877828055	0.04838709677419355	1.0	0	0.5
a436501eca32	0.11297202341832605	0.14041485532469067	0.16803434660440356	0.11246238877989302	0.17736067403666203	0.04477611940298508	0.003289473684210526	0.11290322580645161	0.7326214192552911	0	0.022222222222222223
e1dddf1ea9a0	0.14934089169295822	0.4007509939970291	0.4874000877384375	0.4696043751398006	0.40275680202390485	0.02631578947368421	0.011764705882352941	0.016129032258064516	1.0	0	1.0
39b1be32af9a	0.24514081807895213	0.287740102177659	0.382032412356413	0.3484537361784948	0.3469596092828387	0.09090909090909091	0.006711409395973154	0.016129032258064516	0.7326214192552911	0	0.5
2c6d217d573a	0.06608439733031304	0.1601170247154849	0.2889630660264346	0.285298603503014	0.1001334085840143	0.025974025974025976	0.006024096385542169	0.16129032258064516	0.830124569620279	0	0.5
abafffb7abb6	0.0	0.14041485532469067	0.25434159599462464	0.25166181710041935	0.0631771468021822	0.046875	0.0035842293906810036	0.11290322580645161	0.7326214192552911	0	0.125
565be3214153	0.11297202341832605	0.3543676402711158	0.45699741263083815	0.4039545846314467	0.45423260163829776	0.014705882352941176	0.014084507042253521	0.016129032258064516	0.7326214192552911	0	0.14285714285714285
8870960005ce	0.0	0.08859191006777895	0.3253622461067884	0.23691208862286453	0.3528419957927431	0.039603960396039604	0.007142857142857143	0.1935483870967742	0.830124569620279	0	0.5
14100b900c82	0.557035373968769	0.6001913259125398	0.6130717702719106	0.6036623386377155	0.4758111921542724	0.012903225806451613	0.003484320557491289	0.06451612903225806	0.830124569620279	0	0.03225806451612903
917b620b06b0	0.06608439733031304	0.22900676539246964	0.4156293757040912	0.37611151694339084	0.3922955468416446	0.025974025974025976	0.005376344086021506	0.16129032258064516	0.830124569620279	0	1.0
9de8383ec493	0.22594404683665206	0.20570404496611053	0.40039351465970996	0.38075018992863535	0.3240534661514722	0.04929577464788733	0.016666666666666666	0.6451612903225806	0.830124569620279	1	1.0
28bcba73b7d4	0.3171525659982445	0.49478249559580645	0.5338462985118493	0.5019111893295535	0.49565567668357274	0.012903225806451613	0.0024509803921568627	0.06451612903225806	0.830124569620279	0	0.030303030303030304
57f73b705615	0.8499520174888998	0.7436814841082425	0.749247348718922	0.7028953792291754	0.7411512646063043	0.02531645569620253	0.005555555555555556	0.16129032258064516	0.7326214192552911	0	0.16666666666666666
796147becbdc	0.6186046853956467	0.5345124679530746	0.5453924636520576	0.47675299226558854	0.5600139893426929	0.041841004184100423	0.003115264797507788	0.5322580645161291	0.7326214192552911	0	0.2
1356398a7395	0.11297202341832605	0.20570404496611053	0.35809677761426034	0.3446733257124728	0.2527085872087288	0.038461538461538464	0.0033444816053511705	0.03225806451612903	0.830124569620279	0	0.02702702702702703
d8fef01722d7	0.20418054257991852	0.30053188004017556	0.3982935025521068	0.3668041506363452	0.35836764855415176	0.04938271604938271	0.002770083102493075	0.06451612903225806	0.830124569620279	0	0.5
42e953d91a92	0.3283973124415973	0.23923711265301395	0.4362722792312587	0.4316312547141193	0.2405378208388442	0.09090909090909091	0.002512562814070352	0.04838709677419355	1.0	0	0.3333333333333333
ceb09c1870da	0.2778469664164643	0.40882595949874867	0.5738115004633308	0.5314684550550342	0.5568295481998311	0.016129032258064516	0.0036900369003690036	0.016129032258064516	0.830124569620279	0	1.0
aea5068169a4	0.11297202341832605	0.3326526559062931	0.41779264722087933	0.37542884078350797	0.3994013793235389	0.045454545454545456	0.003367003367003367	0.04838709677419355	1.0	0	1.0
40fd46a67c66	0.0	0.0	0.19724797884730702	0.1921169119349664	0.0631771468021822	0.017241379310344827	0.005263157894736842	0.016129032258064516	0.830124569620279	0	0.5
8f4d5b726d43	0.3669249431097742	0.4303778154313211	0.5346640009345005	0.5152697184056029	0.4573017588299519	0.0625	0.013513513513513514	0.016129032258064516	1.0	0	1.0
2f9556adf482	0.0	0.20570404496611053	0.29913674347060804	0.29587216121567017	0.1001334085840143	0.046875	0.00425531914893617	0.11290322580645161	0.7326214192552911	0	0.16666666666666666
bc4910456f73	0.06608439733031304	0.3796519679777046	0.4515895748419317	0.44981215812573744	0.17736067403666203	0.026143790849673203	0.009009009009009009	0.1935483870967742	0.830124569620279	0	1.0
030c3057aeeb	0.06608439733031304	0.28082971064938134	0.35641875821878183	0.2975193905947101	0.3601375169099899	0.045454545454545456	0.010752688172043012	0.03225806451612903	1.0	1	0.5
3dab3ccdddf8	0.06608439733031304	0.21788574477616746	0.31388646232954215	0.24889939968594305	0.3240534661514722	0.02631578947368421	0.011494252873563218	0.016129032258064516	0.830124569620279	0	1.0
386a5bd16291	0.11297202341832605	0.23923711265301395	0.29913674347060804	0.28896325446569493	0.17736067403666203	0.01694915254237288	0.0038461538461538464	0.016129032258064516	0.830124569620279	0	0.5
efad8bd05876	0.0	0.11711213489833155	0.2460491115198026	0.1444816272328475	0.28173416602494156	0.04477611940298508	0.006666666666666667	0.11290322580645161	0.7326214192552911	0	0.03571428571428571
c2d3d1b7cb10	0.17905642074863906	0.4188555037182755	0.48759673934798464	0.48759705732069364	0.0	0.026143790849673203	0.0036496350364963502	0.1935483870967742	0.830124569620279	0	0.08333333333333333
5cf653731d0a	0.0	0.23923711265301395	0.37678879506889323	0.3333728694339155	0.3601375169099899	0.038461538461538464	0.002785515320334262	0.016129032258064516	1.0	0	1.0
eba8a42a4c90	0.0	0.08859191006777895	0.29913674347060804	0.22673840454420918	0.315885734010911	0.02702702702702703	0.0029069767441860465	0.016129032258064516	1.0	0	0.3333333333333333
c8e6d9debe86	0.11297202341832605	0.20570404496611053	0.3916815759881601	0.38877635184434883	0.1633105553861965	0.06802721088435375	0.045454545454545456	0.40322580645161293	0.830124569620279	1	1.0
f084174cf4ce	0.557035373968769	0.6064550389631396	0.5998624031791463	0.5319491602593552	0.6145822586378903	0.03333333333333333	0.0032679738562091504	0.03225806451612903	0.5074949309557394	0	1.0
7cce58411eaf	0.3669249431097742	0.5568357881132625	0.5960124145389949	0.5817232063537975	0.49405659432784127	0.027777777777777776	0.010526315789473684	0.016129032258064516	1.0	0	1.0
fef78628ae8e	0.0	0.11711213489833155	0.240062131871887	0.18088083104991842	0.24682620069882444	0.020833333333333332	0.006896551724137931	0.016129032258064516	0.830124569620279	0	0.3333333333333333
5241706184b6	0.0	0.0	0.30681419075174	0.24604927197391604	0.31299198758814106	0.025	0.0030864197530864196	0.016129032258064516	1.0	0	0.07142857142857142
56c7fe06d640	0.17905642074863906	0.3121590839292501	0.37193510363131554	0.3555680697512972	0.28173416602494156	0.030303030303030304	0.002331002331002331	0.016129032258064516	1.0	0	1.0
ae1fc297c6fb	0.2623129151112843	0.32281617986444205	0.4106783182874895	0.38877635184434883	0.34281592499532165	0.013986013986013986	0.002364066193853428	0.06451612903225806	0.830124569620279	0	0.16666666666666666
f13033d66683	0.5771203445642347	0.6612078800655166	0.6733332116066469	0.6691433002686458	0.4659339488260871	0.012903225806451613	0.0026246719160104987	0.06451612903225806	0.830124569620279	0	0.027777777777777776
4fa9fb0b502f	0.0	0.14041485532469067	0.2619324331157728	0.21108644251844974	0.25823423997013745	0.03418803418803419	0.0070921985815602835	0.1935483870967742	0.830124569620279	0	0.1
313ca82fe335	0.0	0.0	0.0	0.0	0.0	0.0	0.0	0.0	0.0	0	0.0
380bcb4c7744	0.0	0.05182294525691176	0.06222480934329974	0.036399203817070964	0.0631771468021822	0.038461538461538464	0.008	0.03225806451612903	1.0	0	0.0625
3d8c257c8ac6	0.3283973124415973	0.4807231591525268	0.45419182730123314	0.3928181944644745	0.46085332591897055	0.017241379310344827	0.0035211267605633804	0.08064516129032258	0.7326214192552911	0	1.0
2084edd78093	0.17905642074863906	0.3694216207171603	0.42114897920955413	0.3933810269187905	0.37164860351436985	0.013422818791946308	0.0035335689045936395	0.06451612903225806	0.830124569620279	0	0.2
28637c9791dc	0.24514081807895213	0.17718382013555786	0.2460491115198026	0.23025930610483455	0.1633105553861965	0.023809523809523808	0.0031446540880503146	0.016129032258064516	0.830124569620279	0	0.06666666666666667
ee444a04dcc1	0.14934089169295822	0.30053188004017556	0.3322711483513144	0.3082741218954018	0.2730470857191745	0.01639344262295082	0.003816793893129771	0.016129032258064516	0.830124569620279	0	1.0
6ff62eb1cb80	0.24514081807895213	0.3921312490847479	0.48857358711355064	0.48023125716789555	0.34067122942285855	0.024844720496894408	0.0030211480362537764	0.06451612903225806	0.7326214192552911	0	0.07142857142857142
a9037c382b1f	0.2920284441669651	0.3064776548439464	0.41948649792296083	0.401425643245588	0.33622423252135675	0.035398230088495575	0.006097560975609756	0.1935483870967742	0.830124569620279	0	0.2
17cc054f1d90	0.7927030301984296	0.7197314246372977	0.8364362147829609	0.8334309071671512	0.6014234570492513	0.041666666666666664	0.0025	0.04838709677419355	0.830124569620279	0	0.5
ab11a4f00c33	0.11297202341832605	0.28082971064938134	0.32169759753390653	0.2795048847884751	0.3037149676410264	0.024390243902439025	0.002577319587628866	0.016129032258064516	0.830124569620279	0	0.018518518518518517
c4a8bea2a07e	0.3581128414972781	0.3583006001008581	0.4156293757040912	0.4034544636588299	0.3004002257520429	0.015384615384615385	0.002617801047120419	0.08064516129032258	0.830124569620279	0	0.5
f897bded373c	0.06608439733031304	0.3064776548439464	0.35809677761426034	0.3417297347099609	0.26837194012185417	0.027522935779816512	0.004545454545454545	0.04838709677419355	0.830124569620279	0	0.022222222222222223
805d879dc0cf	0.06608439733031304	0.2487089347832638	0.29248396529100307	0.22673840454420918	0.3037149676410264	0.038461538461538464	0.0035587188612099642	0.03225806451612903	0.830124569620279	0	0.07142857142857142
2ab7ae4404f5	0.0	0.08859191006777895	0.16803434660440356	0.15303776336186264	0.1001334085840143	0.1	0.04	0.04838709677419355	1.0	1	1.0
8564e5cdb18a	0.0	0.0	0.1808807130935711	0.15303776336186264	0.14669279211481012	0.09090909090909091	0.008130081300813009	0.016129032258064516	1.0	0	0.047619047619047616
dabaacb8e0c2	0.11297202341832605	0.19223780058160245	0.4064139661289901	0.4059276636691618	0.0631771468021822	0.014285714285714285	0.008264462809917356	0.016129032258064516	0.5368943496508024	0	1.0
ee1fab423035	0.11297202341832605	0.14041485532469067	0.16803434660440356	0.1444816272328475	0.1263542936043644	0.012903225806451613	0.002457002457002457	0.06451612903225806	0.830124569620279	0	0.006756756756756757
7cc9a4f70281	0.0	0.3503098039201374	0.48798875492228544	0.4379956777182098	0.48153948673163544	0.058823529411764705	0.004	0.04838709677419355	1.0	0	1.0
f9500015840d	0.5037910132531164	0.6541364666459346	0.6162671596095013	0.5574445982314135	0.6222078973068437	0.024844720496894408	0.0030959752321981426	0.06451612903225806	0.7326214192552911	0	0.25
2ac68f59b417	0.0	0.23923711265301395	0.29913674347060804	0.2543417618564522	0.2857857377665804	0.07317073170731708	0.004366812227074236	0.04838709677419355	1.0	0	1.0
a239f9ec0c0e	0.8182760208839162	0.8334078197534852	0.9499762973278433	0.9499769168285749	0.0	0.06097560975609757	0.002881844380403458	0.5806451612903225	0.7326214192552911	0	1.0
acb14eef2d73	0.11297202341832605	0.3175986754602486	0.3893647654986319	0.3407266909519464	0.38047601542043563	0.03614457831325301	0.004608294930875576	0.04838709677419355	0.5074949309557394	0	1.0
59885f62109a	0.17905642074863906	0.30053188004017556	0.36373450393816925	0.3152366395650962	0.35472134807332406	0.03007518796992481	0.006493506493506494	0.1935483870967742	0.830124569620279	0	1.0
875bb9284a61	0.06608439733031304	0.20570404496611053	0.30072565970853826	0.25947295739859916	0.28173416602494156	0.025974025974025976	0.125	0.16129032258064516	0.830124569620279	0	0.022222222222222223
b8a36b28ddde	0.14934089169295822	0.40619058552802756	0.4742807212704239	0.4156296467452772	0.4782418790388466	0.03125	0.0022988505747126436	0.016129032258064516	1.0	0	0.16666666666666666
1299755a9055	0.8643547908306891	0.9298035810383489	0.9849212902870814	0.9226939970348417	1.0	0.029411764705882353	0.0022727272727272726	0.016129032258064516	1.0	0	1.0
68e187b6cabc	0.06608439733031304	0.1601170247154849	0.2711478426908739	0.21108644251844974	0.2774940826206763	0.029411764705882353	0.002325581395348837	0.016129032258064516	1.0	0	1.0
fd61014f23f8	0.11297202341832605	0.1601170247154849	0.36903900009503976	0.2431056809714042	0.4131253961721554	0.025	0.0023148148148148147	0.016129032258064516	1.0	0	0.5
d31028169722	0.2623129151112843	0.3979418455477129	0.5601109087173085	0.5601112739781247	0.0	0.02564102564102564	0.012987012987012988	0.016129032258064516	1.0	0	1.0
8eeadd8e8d8a	0.0	0.0	0.1530376635625889	0.15303776336186264	0.0	0.047619047619047616	0.007575757575757576	0.04838709677419355	1.0	0	0.16666666666666666
4c72406075b3	0.24514081807895213	0.3621161404374383	0.3787912146812241	0.36903924075360267	0.24682620069882444	0.017857142857142856	0.0035971223021582736	0.016129032258064516	0.830124569620279	0	0.07142857142857142
7439597802a3	0.06608439733031304	0.19223780058160245	0.2975191965758062	0.21526261328334842	0.3214113867723197	0.04	0.016129032258064516	0.03225806451612903	1.0	0	0.16666666666666666
428c7d138e45	0.11297202341832605	0.3278290227207929	0.35556783787757956	0.28340860774971316	0.37164860351436985	0.09090909090909091	0.022727272727272728	0.016129032258064516	0.830124569620279	0	1.0
6740d85a98b3	0.0	0.11711213489833155	0.16803434660440356	0.11246238877989302	0.17736067403666203	0.08681672025723472	0.029411764705882353	1.0	0.7326214192552911	1	0.5
5628706a2c7e	0.2623129151112843	0.4258927549188218	0.56455340792142	0.5527211306526693	0.4464153541028635	0.02702702702702703	0.008333333333333333	0.016129032258064516	1.0	0	1.0
68a1f4619812	0.4755504642001851	0.3583006001008581	0.40039351465970996	0.3097104962570064	0.4292518086234766	0.07142857142857142	0.02857142857142857	0.04838709677419355	1.0	1	0.14285714285714285
dcbf8baf2997	0.0	0.0	0.06222480934329974	0.0	0.1001334085840143	0.06666666666666667	0.009259259259259259	0.016129032258064516	1.0	0	0.04
48cdcb685705	0.11297202341832605	0.23923711265301395	0.3300267458539839	0.3229360542951501	0.17736067403666203	0.07397260273972603	0.01282051282051282	1.0	0.7326214192552911	1	1.0
b6a993f10394	0.17905642074863906	0.287740102177659	0.4231846996354073	0.41296297099856594	0.29338558422962024	0.02040816326530612	0.003745318352059925	0.016129032258064516	0.830124569620279	0	0.125
a9b382a169c9	0.14934089169295822	0.27352423036965934	0.42358636215720746	0.3826670915662682	0.40275680202390485	0.01694915254237288	0.003703703703703704	0.016129032258064516	0.830124569620279	0	0.125
f8f783416d40	0.0	0.0	0.1921167866513249	0.18088083104991842	0.1001334085840143	0.01694915254237288	0.0055248618784530384	0.016129032258064516	0.7326214192552911	0	0.021739130434782608
1d591fee2606	0.0	0.19223780058160245	0.30072565970853826	0.2543417618564522	0.28966484899056094	0.013422818791946308	0.0029940119760479044	0.06451612903225806	0.830124569620279	0	0.0196078431372549
e7f5a2bbb87b	0.0	0.3658210696815954	0.4912535301219329	0.44425751140975567	0.48060942400444995	0.045454545454545456	0.002898550724637681	0.04838709677419355	1.0	0	1.0
180776201731	0.2920284441669651	0.46987206706172324	0.5813088150871166	0.5764055357755102	0.3872306129536544	0.03861003861003861	0.0048543689320388345	0.5322580645161291	0.7326214192552911	0	0.3333333333333333
842dd205106a	0.06608439733031304	0.3921312490847479	0.5478353742265628	0.5478357314822291	0.0	0.058823529411764705	0.0026109660574412533	0.04838709677419355	1.0	0	1.0
256a812570b2	0.11297202341832605	0.27352423036965934	0.4688810736594906	0.3311561769973047	0.5174097484404799	0.08333333333333333	0.0026455026455026454	0.04838709677419355	1.0	0	0.09090909090909091
493703d05279	0.6791005062725557	0.8235299254490349	0.8581113098000227	0.8580960291375812	0.1633105553861965	0.02572347266881029	0.002380952380952381	0.25806451612903225	0.6647010817031233	0	1.0
f07343a21381	0.0	0.08859191006777895	0.1350231695040073	0.1350232575556277	0.0	0.02531645569620253	0.007352941176470588	0.16129032258064516	0.830124569620279	0	0.09090909090909091
073f60a98c45	0.06608439733031304	0.14041485532469067	0.2871494402247173	0.2666585099219055	0.21855701922275933	0.035398230088495575	0.006134969325153374	0.1935483870967742	0.830124569620279	0	1.0
15df29c7d7db	0.17905642074863906	0.3121590839292501	0.485208001769834	0.4615747594784907	0.4233146637121721	0.014736842105263158	0.020833333333333332	0.11290322580645161	0.2977095698108656	0	0.5
3f40a1f5c949	0.0	0.0	0.0	0.0	0.0	0.014492753623188406	0.0027624309392265192	0.016129032258064516	0.5714147953641597	0	0.5
144e1f70d7b3	0.0	0.19223780058160245	0.29248396529100307	0.2643266520013773	0.24682620069882444	0.026143790849673203	0.00819672131147541	0.1935483870967742	0.830124569620279	0	0.5
e04b56dad3ce	0.0	0.05182294525691176	0.16803434660440356	0.15303776336186264	0.1001334085840143	0.041841004184100423	0.0027548209366391185	0.5322580645161291	0.7326214192552911	0	1.0
01aea7d18e1b	0.0	0.05182294525691176	0.09862398942365351	0.0822567773113617	0.0631771468021822	0.027586206896551724	0.14285714285714285	0.1935483870967742	0.830124569620279	0	0.5
99b0c276a55c	0.0	0.05182294525691176	0.16803434660440356	0.1444816272328475	0.1263542936043644	0.03125	0.00980392156862745	0.016129032258064516	1.0	0	0.2
dca4282c6196	0.06608439733031304	0.1601170247154849	0.1808807130935711	0.18088083104991842	0.0	0.07692307692307693	0.002824858757062147	0.04838709677419355	1.0	0	0.2
b2c397f51fb0	0.2920284441669651	0.4409467353648662	0.5692622111076858	0.5657954484662558	0.34491131282712373	0.027586206896551724	0.07142857142857142	0.1935483870967742	0.830124569620279	0	1.0
25901b86d2de	0.0	0.05182294525691176	0.2733111142076621	0.23025930610483455	0.25823423997013745	0.036458333333333336	0.002531645569620253	0.4193548387096774	0.830124569620279	0	0.06666666666666667
2e832ebf0235	0.0	0.0	0.09862398942365351	0.06222484992148576	0.1001334085840143	0.035175879396984924	0.05263157894736842	0.4193548387096774	0.830124569620279	0	0.16666666666666666
4f7e74b1693c	0.6713378878609267	0.5758337622828982	0.49403880287675733	0.4319969231724721	0.5017854048822787	0.025	0.0034602076124567475	0.016129032258064516	1.0	0	0.2
5dd9f96cb3ee	0.14934089169295822	0.14041485532469067	0.1921167866513249	0.11246238877989302	0.21855701922275933	0.02631578947368421	0.0027100271002710027	0.17741935483870966	0.830124569620279	0	0.25
ce0b4778cc1b	0.06608439733031304	0.21788574477616746	0.3022869412151867	0.2733112924399355	0.25823423997013745	0.01694915254237288	0.004672897196261682	0.016129032258064516	0.830124569620279	0	0.5
1635bfd3831c	0.0	0.17718382013555786	0.3253622461067884	0.3053305308928899	0.2527085872087288	0.04838709677419355	0.007751937984496124	0.04838709677419355	1.0	0	1.0
f1aaa871c14c	0.17905642074863906	0.20570404496611053	0.30681419075174	0.28896325446569493	0.22648770218837871	0.03305785123966942	0.011627906976744186	0.1935483870967742	0.830124569620279	0	1.0
8f492e69aa21	0.0	0.0	0.16084879876695327	0.12444969984297151	0.14669279211481012	0.036458333333333336	0.08333333333333333	0.4193548387096774	0.830124569620279	0	0.25
4578a95a5764	0.06608439733031304	0.21788574477616746	0.30681419075174	0.2543417618564522	0.3037149676410264	0.016666666666666666	0.004081632653061225	0.016129032258064516	0.830124569620279	0	0.14285714285714285
24e8f3c23ff3	0.0	0.0	0.09862398942365351	0.0986240537385567	0.0	0.07142857142857142	0.00909090909090909	0.04838709677419355	1.0	0	0.0625
96d7b0b3803c	0.4755504642001851	0.5110144669550096	0.6520708908133207	0.6484459609807361	0.4316824955080507	0.03225806451612903	0.010416666666666666	0.016129032258064516	1.0	0	1.0
632b95f596af	0.0	0.0	0.08225672366991757	0.06222484992148576	0.0631771468021822	0.03125	0.013888888888888888	0.016129032258064516	1.0	0	0.09090909090909091
30b89717bac5	0.0	0.0	0.03639918008035379	0.0	0.0631771468021822	0.0392156862745098	0.017241379310344827	0.14516129032258063	0.6129557746355119	1	1.0
04b13382be1d	0.14934089169295822	0.2575269902230222	0.2733111142076621	0.2643266520013773	0.14669279211481012	0.012738853503184714	0.002421307506053269	0.06451612903225806	0.830124569620279	0	0.5
8559551465d2	0.9771239714375873	0.911100974583848	0.9469898526770555	0.9469904702302598	0.0	0.06804733727810651	0.0072992700729927005	0.8064516129032259	0.3420714430385838	1	1.0
f6bb03e86f90	0.06608439733031304	0.2487089347832638	0.30971029428801583	0.2543417618564522	0.31000334750100667	0.013422818791946308	0.004149377593360996	0.06451612903225806	0.830124569620279	0	0.25
022463076c19	0.14934089169295822	0.45257393925394085	0.5289012897711829	0.4731345081758211	0.5302026698294051	0.01694915254237288	0.004048582995951417	0.016129032258064516	0.830124569620279	0	1.0
d4c17b46ab3c	0.11297202341832605	0.3121590839292501	0.3529655854182781	0.3407266909519464	0.2405378208388442	0.05442176870748299	0.022222222222222223	0.3548387096774193	0.830124569620279	1	0.1
84892eb3308a	0.0	0.0	0.03639918008035379	0.0	0.0631771468021822	0.07692307692307693	0.002702702702702703	0.04838709677419355	1.0	0	0.25
60d57bf5df89	0.06608439733031304	0.2575269902230222	0.3386861212955405	0.33764850999558577	0.0631771468021822	0.041841004184100423	0.003663003663003663	0.5322580645161291	0.7326214192552911	0	0.16666666666666666
0a2fb38ec08a	0.3171525659982445	0.4034997259435338	0.5295191271986214	0.4931202686927836	0.5010413570247582	0.024390243902439025	0.002551020408163265	0.016129032258064516	0.830124569620279	0	1.0
9ca825acc305	0.11297202341832605	0.19223780058160245	0.2795047025172246	0.2619326039277545	0.2002668171680286	0.01694915254237288	0.0040650406504065045	0.016129032258064516	0.830124569620279	0	0.2
26fa6b6d64a8	0.2623129151112843	0.22900676539246964	0.3253622461067884	0.2666585099219055	0.3291184000394623	0.037037037037037035	0.0024752475247524753	0.016129032258064516	1.0	0	0.25
1d2c3fca8353	0.14934089169295822	0.17718382013555786	0.2907407760749784	0.2733112924399355	0.20986993891699235	0.0392156862745098	0.008403361344537815	0.14516129032258063	0.6129557746355119	1	1.0
d03eac1e5a42	0.11297202341832605	0.19223780058160245	0.25947278819060676	0.22673840454420918	0.22648770218837871	0.02531645569620253	0.0136986301369863	0.16129032258064516	0.830124569620279	0	0.3333333333333333
abb345d2c6f4	0.14934089169295822	0.1601170247154849	0.2958719682709606	0.24006228842175747	0.29696037010780774	0.07142857142857142	0.0026041666666666665	0.04838709677419355	1.0	0	0.1
2250f3fb4c63	0.06608439733031304	0.08859191006777895	0.2110863048643623	0.1972481074771134	0.1263542936043644	0.018867924528301886	0.0030581039755351682	0.016129032258064516	0.830124569620279	0	0.5
b18dcbf17740	0.0	0.0	0.0	0.0	0.0	0.0	0.0	0.0	0.0	0	0.0
efe0d828766c	0.0	0.14041485532469067	0.37193510363131554	0.3111242496074288	0.37762749120469064	0.0392156862745098	0.003003003003003003	0.12903225806451613	0.7326214192552911	0	1.0
72708eba14b8	0.06608439733031304	0.19223780058160245	0.33971209159248816	0.2619326039277545	0.3601375169099899	0.03125	0.00234192037470726	0.016129032258064516	1.0	0	1.0
fcb697bbaa80	0.4882569619479364	0.5364490369609228	0.5034057028794717	0.4416739811001098	0.5109428271788663	0.037037037037037035	0.0031545741324921135	0.03225806451612903	1.0	0	0.2
74a7ac1e7541	0.38323696332855756	0.4544129797493744	0.5868731402467455	0.5866782967522381	0.1263542936043644	0.06153846153846154	0.005988023952095809	0.1935483870967742	0.830124569620279	0	1.0
0a031da99b41	0.11297202341832605	0.19223780058160245	0.33659831966454223	0.32888335984339123	0.1895314404065466	0.08333333333333333	0.002638522427440633	0.04838709677419355	1.0	0	1.0
75895c329e95	0.17905642074863906	0.2575269902230222	0.34467310094345616	0.32888335984339123	0.2527085872087288	0.08333333333333333	0.002793296089385475	0.04838709677419355	1.0	0	0.25
46e62ca0de5b	0.06608439733031304	0.2487089347832638	0.3529655854182781	0.34752345342449975	0.17736067403666203	0.027522935779816512	0.0045662100456621	0.04838709677419355	0.830124569620279	0	0.041666666666666664
f4b47e8b4237	0.0	0.0	0.1350231695040073	0.0822567773113617	0.14669279211481012	0.013071895424836602	0.0027397260273972603	0.06451612903225806	0.830124569620279	0	0.5
07de5a904de1	0.14934089169295822	0.1601170247154849	0.32169759753390653	0.3097104962570064	0.20986993891699235	0.0392156862745098	0.0029850746268656717	0.12903225806451613	0.7326214192552911	0	1.0
3fd863e8ce59	0.06608439733031304	0.14041485532469067	0.3311559610431165	0.25947295739859916	0.3469596092828387	0.027586206896551724	0.015625	0.1935483870967742	0.830124569620279	0	0.5
99eb1a5de1b6	0.43012458941657056	0.3503098039201374	0.49849708857455843	0.4366198426291333	0.5061264803815181	0.013422818791946308	0.015873015873015872	0.06451612903225806	0.830124569620279	0	0.05
737052fdf35b	0.3171525659982445	0.23923711265301395	0.42712267414803223	0.42398651202132265	0.2002668171680286	0.024390243902439025	0.006622516556291391	0.016129032258064516	0.7326214192552911	0	1.0
e9d7c13204d4	0.24514081807895213	0.3891237901079545	0.509302307711143	0.41650122138181783	0.5404545157147493	0.045454545454545456	0.002506265664160401	0.04838709677419355	1.0	0	0.5
75e1557189bb	0.0	0.11711213489833155	0.16084879876695327	0.15303776336186264	0.0631771468021822	0.02857142857142857	0.0035460992907801418	0.016129032258064516	0.830124569620279	0	0.022727272727272728
e60f78dfdfbc	0.8006850180782491	1.0	0.9992232353797657	0.9650597436413731	0.9728465809241238	0.031007751937984496	0.006172839506172839	0.1935483870967742	0.830124569620279	0	0.09090909090909091
dfd114b082c8	0.0	0.14041485532469067	0.1808807130935711	0.17468723870137876	0.0631771468021822	0.07692307692307693	0.0028735632183908046	0.016129032258064516	0.5074949309557394	0	1.0
9bfca09c3c53	0.5840568883339302	0.6058981269302975	0.5451858549904106	0.47290343602146634	0.5629016233450879	0.038461538461538464	0.003194888178913738	0.03225806451612903	0.830124569620279	0	0.5
df30ea9c92a5	0.0	0.05182294525691176	0.21526247290588865	0.16084890366004248	0.21855701922275933	0.017241379310344827	0.0045045045045045045	0.016129032258064516	0.830124569620279	0	1.0
d11ce2b0a5d0	0.11297202341832605	0.28082971064938134	0.33659831966454223	0.3111242496074288	0.28173416602494156	0.031007751937984496	0.005813953488372093	0.1935483870967742	0.830124569620279	0	0.05263157894736842
0793d123f7b3	0.14934089169295822	0.29429595503388944	0.30681419075174	0.25947295739859916	0.29696037010780774	0.016666666666666666	0.003968253968253968	0.016129032258064516	0.830124569620279	0	0.25
a50cdaf71385	0.0	0.17718382013555786	0.2834084229327595	0.2431056809714042	0.2634439639702108	0.04040404040404041	0.0029498525073746312	0.12903225806451613	0.7326214192552911	0	1.0
a90ae029cad6	0.06608439733031304	0.11711213489833155	0.1746871247840085	0.16084890366004248	0.1001334085840143	0.09507042253521127	0.1	1.0	0.7326214192552911	1	0.06666666666666667
b1e23474d7a8	0.06608439733031304	0.05182294525691176	0.11246231544070878	0.036399203817070964	0.14669279211481012	0.013422818791946308	0.006060606060606061	0.06451612903225806	0.830124569620279	0	0.14285714285714285
eaf43055f658	0.816110086311535	0.6953244976944226	0.7270539814176639	0.653475242730424	0.7484385369017538	0.024024024024024024	0.003257328990228013	0.25806451612903225	0.7326214192552911	0	0.5
bd23422ee671	0.3669249431097742	0.30053188004017556	0.4151903947615779	0.36295070573993404	0.4111438973422875	0.024390243902439025	0.0026666666666666666	0.016129032258064516	0.830124569620279	0	0.5
3b8b88879a4b	0.22594404683665206	0.4034997259435338	0.45070512016195324	0.41906629538333917	0.4111438973422875	0.01694915254237288	0.004651162790697674	0.016129032258064516	0.830124569620279	0	0.3333333333333333
d01c9a7b8d5b	0.0	0.05182294525691176	0.2460491115198026	0.2021018020798915	0.2337832233056255	0.045454545454545456	0.011235955056179775	0.04838709677419355	1.0	0	1.0
1c6ed0c751b3	0.0	0.05182294525691176	0.240062131871887	0.1972481074771134	0.22648770218837871	0.09507042253521127	0.047619047619047616	1.0	0.7326214192552911	1	0.125
5aeede317f15	0.5246258302225686	0.44295955033889467	0.5926627923004109	0.4995352458203567	0.6251263544133461	0.02631578947368421	0.006802721088435374	0.016129032258064516	1.0	0	0.125
ce650300429b	0.06608439733031304	0.0	0.03639918008035379	0.0	0.0631771468021822	0.014285714285714285	0.008771929824561403	0.016129032258064516	0.5368943496508024	0	0.5
ded6a85f493b	0.30507413907761327	0.29429595503388944	0.43236082623258804	0.42073651067529483	0.31299198758814106	0.012903225806451613	0.005917159763313609	0.06451612903225806	0.830124569620279	0	0.014084507042253521
6ac8cc588638	0.17905642074863906	0.30053188004017556	0.5074320020650553	0.5072747008297303	0.0631771468021822	0.022727272727272728	0.058823529411764705	0.016129032258064516	1.0	1	0.0196078431372549
5bafad827a5e	0.3669249431097742	0.4325626739221302	0.5194980176560676	0.5061634569731308	0.4111438973422875	0.04615384615384615	0.0025252525252525255	0.04838709677419355	0.5368943496508024	0	0.3333333333333333
