revisions	files	functions	lines	addLines	deleteLines	pos	time	rf	ibf	isComponent	distance
4c9f1ec424c8	0.14934089169295822	0.43890171398791633	0.4908755446209372	0.4586399177067642	0.45297540437675743	0.09523809523809523	0.06666666666666667	0.33333333333333337	0.830124569620279	0	1.0
18191cbac7cc	0.0	0.0	0.08225672366991757	0.0822567773113617	0.0	0.125	0.07692307692307693	0.06666666666666667	0.6129557746355119	0	0.14285714285714285
a6b6e3cf36a4	0.8805509317854763	0.9910814820732016	1.0	1.0	0.0631771468021822	0.15789473684210528	0.02702702702702703	1.0	0.19649904201920165	0	1.0
7806941e4a5b	0.17905642074863906	0.4281549575023497	0.510070245874487	0.4868078523925453	0.44709301786685307	0.16666666666666666	0.037037037037037035	0.33333333333333337	0.6129557746355119	0	1.0
15df29c7d7db	0.17905642074863906	0.3121590839292501	0.485208001769834	0.4615747594784907	0.4233146637121721	0.01694915254237288	0.3333333333333333	0.06666666666666667	0.2977095698108656	0	0.5
5dc32844e809	0.8989299181813847	0.6186367387731966	0.6090503706289274	0.5304992528484446	0.6324807739858825	0.5	0.2	1.0	0.7326214192552911	1	0.022222222222222223
1681e9bf49ea	0.06608439733031304	0.3373008448510428	0.35726168857966106	0.30072585581844824	0.35836764855415176	0.14285714285714285	0.043478260869565216	0.33333333333333337	0.6129557746355119	0	1.0
f084174cf4ce	0.557035373968769	0.6064550389631396	0.5998624031791463	0.5319491602593552	0.6145822586378903	0.047619047619047616	0.030303030303030304	0.06666666666666667	0.5074949309557394	0	0.14285714285714285
bfc92305b19c	0.4413693358599234	0.5800018852136057	0.6784451031601105	0.6773845439523786	0.34896288456876257	1.0	0.03225806451612903	1.0	1.0	0	1.0
74755896d66c	0.0	0.0	0.26432647962818445	0.18088083104991842	0.28966484899056094	1.0	1.0	1.0	1.0	1	1.0
8870deb3cd89	0.7192163022763876	0.7366549822195416	0.733626838882853	0.6902862430604149	0.720577898491306	0.09090909090909091	0.029411764705882353	0.9333333333333333	0.24307555138436987	0	0.25
da4080f9a31b	0.17905642074863906	0.30053188004017556	0.37812869194087817	0.3712200317770567	0.21855701922275933	0.10526315789473684	0.05	0.33333333333333337	0.6129557746355119	0	0.5
878f861ca7bb	0.0	0.08859191006777895	0.1808807130935711	0.15303776336186264	0.14669279211481012	0.08333333333333333	0.045454545454545456	0.26666666666666666	0.830124569620279	0	0.25
f01637839c9c	0.11297202341832605	0.28082971064938134	0.3322711483513144	0.2941941407259178	0.30691337849138584	0.047619047619047616	0.1111111111111111	0.06666666666666667	0.6647010817031233	0	0.045454545454545456
12b8a0faec27	0.0	0.0	0.1530376635625889	0.11246238877989302	0.14669279211481012	0.5	0.0625	1.0	1.0	0	1.0
accf68f0c4e4	0.4922814671122878	0.48794604743627773	0.4776349629021611	0.410214649757849	0.49035266162480307	1.0	0.058823529411764705	1.0	0.830124569620279	0	1.0
2967401542eb	0.0	0.05182294525691176	0.11246231544070878	0.06222484992148576	0.1263542936043644	0.14285714285714285	0.16666666666666666	0.33333333333333337	0.6129557746355119	0	0.16666666666666666
cd31063e2325	0.0	0.1601170247154849	0.14448153301321734	0.12444969984297151	0.1001334085840143	0.14285714285714285	0.07142857142857142	0.33333333333333337	0.7326214192552911	0	0.058823529411764705
65dc770dc623	0.06608439733031304	0.20570404496611053	0.21526247290588865	0.1444816272328475	0.2337832233056255	0.047619047619047616	0.04	0.06666666666666667	0.6647010817031233	0	0.05
bbac3d3dec30	0.14934089169295822	0.3461189002908012	0.43731011071919407	0.422781507587797	0.33622423252135675	0.09090909090909091	0.027777777777777776	0.9333333333333333	0.24307555138436987	0	0.1111111111111111
d0216ad21b66	0.14934089169295822	0.26577573020333684	0.3807499416331062	0.3572619215579765	0.31869042780677365	0.047619047619047616	0.1	0.06666666666666667	0.6647010817031233	0	1.0
32f3e0522438	0.2778469664164643	0.47922827533576984	0.6271110125443109	0.5729810009895621	0.6277684337924986	0.14285714285714285	0.034482758620689655	0.33333333333333337	0.5714147953641597	0	1.0
313ca82fe335	0.0	0.0	0.0	0.0	0.0	0.0	0.0	0.0	0.0	0	0.0
389506228cea	0.11297202341832605	0.29429595503388944	0.3993496491321918	0.3869868278221867	0.2857857377665804	0.125	0.041666666666666664	0.06666666666666667	0.6129557746355119	0	0.03125
c8023491c14a	0.5928689899464263	0.6102869223864139	0.7586151282046801	0.6983179459209531	0.7682458924918254	0.25	0.125	1.0	0.830124569620279	1	0.5
f7e9a6739560	0.22594404683665206	0.3175986754602486	0.40445167108458346	0.36528256366046225	0.38047601542043563	0.06896551724137931	0.038461538461538464	0.33333333333333337	0.6129557746355119	0	1.0
2c9472137fd4	0.14934089169295822	0.3921312490847479	0.46617913054712384	0.4251755556614198	0.4457326141585162	0.14285714285714285	0.08333333333333333	0.33333333333333337	0.5714147953641597	0	0.5
65fe301f866e	0.06608439733031304	0.21788574477616746	0.3311559610431165	0.3311561769973047	0.0	0.14285714285714285	0.5	0.33333333333333337	0.7326214192552911	0	0.014925373134328358
370f35c6869b	0.06608439733031304	0.22900676539246964	0.35641875821878183	0.354709005947806	0.1001334085840143	0.11764705882352941	0.09090909090909091	0.33333333333333337	0.6129557746355119	0	0.25
7a1ca569aa2d	0.06608439733031304	0.05182294525691176	0.16084879876695327	0.1444816272328475	0.1001334085840143	0.047619047619047616	0.05263157894736842	0.06666666666666667	0.6647010817031233	0	0.08333333333333333
870bdb7ff9c8	0.11297202341832605	0.23923711265301395	0.35384141113454926	0.346583429312739	0.2002668171680286	0.1	0.02857142857142857	0.9333333333333333	0.24307555138436987	0	1.0
8027842efbc0	0.06608439733031304	0.08859191006777895	0.2192529709249519	0.21108644251844974	0.1001334085840143	0.047619047619047616	0.047619047619047616	0.06666666666666667	0.6647010817031233	0	1.0
4f225bb4d911	0.06608439733031304	0.20570404496611053	0.26432647962818445	0.2569440160127405	0.1263542936043644	0.1	0.14285714285714285	0.26666666666666666	0.830124569620279	0	0.3333333333333333
f2258c95c059	0.0	0.0	0.03639918008035379	0.0	0.0631771468021822	0.09090909090909091	0.03125	0.9333333333333333	0.24307555138436987	0	0.047619047619047616
d3a95c874907	0.0	0.11711213489833155	0.09862398942365351	0.06222484992148576	0.1001334085840143	0.125	0.25	0.06666666666666667	0.6129557746355119	0	0.09090909090909091
cb10f99b4cd6	0.14934089169295822	0.11711213489833155	0.20670634235651703	0.12444969984297151	0.2337832233056255	0.047619047619047616	0.05555555555555555	0.06666666666666667	0.6647010817031233	0	0.3333333333333333
0ec1dbdaddd6	0.24514081807895213	0.4632310351891327	0.5249727671939045	0.4990178295038078	0.47074625826628236	0.045454545454545456	0.03571428571428571	0.06666666666666667	0.6647010817031233	0	1.0
