revisions	files	functions	lines	addLines	deleteLines	pos	time	rf	ibf	isComponent	distance
f66af0ea18b8	0.3171525659982445	0.40619058552802756	0.5650521393367227	0.5313478754769301	0.5312813256893121	0.16666666666666666	0.058823529411764705	1.0	0.5714147953641597	0	0.5
6b13c53bb819	0.3283973124415973	0.48934290406480807	0.5877786233803269	0.5482364976942674	0.5660673574101013	0.07692307692307693	0.019230769230769232	1.0	1.0	1	0.25
26eb0ac12e3c	0.3171525659982445	0.4325626739221302	0.5636318079818768	0.56363217553875	0.0	0.07142857142857142	0.022222222222222223	1.0	1.0	1	1.0
7ee2469bbf78	0.11297202341832605	0.21788574477616746	0.2460491115198026	0.23025930610483455	0.1633105553861965	0.3333333333333333	0.041666666666666664	1.0	0.6647010817031233	0	1.0
ac8b09b99c40	0.0	0.11711213489833155	0.1808807130935711	0.16803445618334878	0.1001334085840143	0.16666666666666666	0.05263157894736842	1.0	0.5714147953641597	0	1.0
18c67f102f36	0.06608439733031304	0.19223780058160245	0.3022869412151867	0.2754236600741	0.2527085872087288	0.043478260869565216	0.02564102564102564	1.0	0.830124569620279	0	0.5
0a5c9092b3c6	0.0	0.05182294525691176	0.346583203298102	0.285298603503014	0.3528419957927431	0.3333333333333333	0.02702702702702703	1.0	0.6647010817031233	0	0.125
1cbaa32947ef	0.06608439733031304	0.08859191006777895	0.1530376635625889	0.11246238877989302	0.14669279211481012	0.16666666666666666	0.3333333333333333	1.0	0.5714147953641597	0	0.05263157894736842
cd25567cede7	0.06608439733031304	0.287740102177659	0.382032412356413	0.372645005861498	0.24682620069882444	0.16666666666666666	0.2	1.0	0.5714147953641597	0	0.058823529411764705
85a3e43952a0	0.11297202341832605	0.3729235140023093	0.41113986904127436	0.354709005947806	0.4121400313709448	0.06666666666666667	0.02040816326530612	1.0	1.0	0	0.0625
0da9e77846b8	0.14934089169295822	0.44295955033889467	0.5043886115000714	0.44068566121983893	0.5139098457841322	0.05	0.08333333333333333	1.0	0.830124569620279	0	0.25
90e7fafc040b	0.2623129151112843	0.3543676402711158	0.4305249458117773	0.4138606933036529	0.34067122942285855	0.3333333333333333	0.04	1.0	0.7326214192552911	0	0.5
3915a9571923	0.0	0.0	0.03639918008035379	0.0	0.0631771468021822	0.043478260869565216	0.029411764705882353	1.0	0.830124569620279	0	0.05555555555555555
8c23756b7c1e	0.0	0.05182294525691176	0.2852984174535528	0.2754236600741	0.1633105553861965	0.125	0.027777777777777776	1.0	0.7326214192552911	0	0.25
14230dc08955	0.0	0.08859191006777895	0.14448153301321734	0.0986240537385567	0.14669279211481012	0.3333333333333333	0.05	1.0	0.7326214192552911	0	0.14285714285714285
9133807c4acb	0.14934089169295822	0.3121590839292501	0.36977183211452735	0.35641899064740357	0.2634439639702108	0.07692307692307693	0.0196078431372549	1.0	1.0	1	1.0
7e35b3bcc6bf	0.47989696652810027	0.41642093278857184	0.4636501908104431	0.4009111920818	0.4717820120983841	0.14285714285714285	0.1111111111111111	1.0	0.6129557746355119	0	0.2
b8c63a046f4e	0.20418054257991852	0.38604385530879515	0.48759673934798464	0.4705593999170489	0.3994013793235389	0.05	0.02127659574468085	1.0	0.830124569620279	0	1.0
6c4800b70dc0	0.06608439733031304	0.3658210696815954	0.50157526752357	0.501575594611989	0.0	0.07692307692307693	0.018867924528301886	1.0	1.0	1	0.1111111111111111
eaf0e76adf73	0.11297202341832605	0.27352423036965934	0.2619324331157728	0.2431056809714042	0.1895314404065466	0.3333333333333333	0.047619047619047616	1.0	0.7326214192552911	0	0.5
44300fded884	0.06608439733031304	0.0	0.03639918008035379	0.0	0.0631771468021822	0.14285714285714285	0.16666666666666666	1.0	0.6647010817031233	0	0.3333333333333333
870bdb7ff9c8	0.11297202341832605	0.23923711265301395	0.35384141113454926	0.346583429312739	0.2002668171680286	0.041666666666666664	0.020833333333333332	1.0	0.24307555138436987	0	1.0
219a0ffbcdf1	0.20418054257991852	0.3950695649117253	0.47894233684149795	0.47336498707623875	0.29696037010780774	0.16666666666666666	0.1	1.0	0.5368943496508024	0	0.043478260869565216
493703d05279	0.6791005062725557	0.8235299254490349	0.8581113098000227	0.8580960291375812	0.1633105553861965	0.0625	0.017241379310344827	1.0	0.6647010817031233	0	1.0
8aac0154970d	0.20418054257991852	0.30053188004017556	0.35892416986625436	0.3111242496074288	0.34896288456876257	0.3333333333333333	0.07142857142857142	1.0	0.6647010817031233	0	0.2
2cf8af195faf	0.0	0.0	0.09862398942365351	0.0822567773113617	0.0631771468021822	0.06666666666666667	0.034482758620689655	1.0	1.0	0	0.25
4d8a4a572925	0.0	0.0	0.16803434660440356	0.06222484992148576	0.20986993891699235	0.06666666666666667	0.06666666666666667	1.0	1.0	0	0.037037037037037035
e84b4b9c4e32	0.46649345769120276	0.48220076068823287	0.6626758797062939	0.6626763118520153	0.0	0.14285714285714285	0.03333333333333333	1.0	0.6129557746355119	0	0.25
6c08609a8a8b	0.22594404683665206	0.37633201224543794	0.471972845483452	0.41906629538333917	0.469170218599686	1.0	0.5	1.0	1.0	1	1.0
a6b6e3cf36a4	0.8805509317854763	0.9910814820732016	1.0	1.0	0.0631771468021822	0.1	0.01818181818181818	1.0	0.19649904201920165	0	1.0
95ef737376d2	0.06608439733031304	0.1601170247154849	0.22673825668313485	0.2067064771543332	0.1633105553861965	0.125	0.05555555555555555	1.0	0.6647010817031233	0	0.3333333333333333
bb5436a892c1	0.0	0.0	0.0	0.0	0.0	0.0	0.0	0.0	0.0	0	0.0
b3dcb286377d	0.11297202341832605	0.26577573020333684	0.4097480361401522	0.3572619215579765	0.4059930717975038	0.058823529411764705	0.017857142857142856	1.0	1.0	0	1.0
aeab4ec26a3c	0.0	0.11711213489833155	0.3675551411234703	0.3668041506363452	0.0631771468021822	0.16666666666666666	0.03571428571428571	1.0	0.5714147953641597	0	0.25
9744ec677e72	0.17905642074863906	0.3064776548439464	0.3972247825032021	0.36604658088821196	0.35656273103180247	0.16666666666666666	0.07692307692307693	1.0	0.5368943496508024	0	0.3333333333333333
8870deb3cd89	0.7192163022763876	0.7366549822195416	0.733626838882853	0.6902862430604149	0.720577898491306	0.043478260869565216	0.022727272727272728	1.0	0.24307555138436987	0	0.25
bb276c9cffeb	0.2778469664164643	0.4649239223132169	0.5121861686322841	0.5093026398385373	0.2730470857191745	0.06666666666666667	0.023809523809523808	1.0	0.830124569620279	0	1.0
6c563c769572	0.17905642074863906	0.2487089347832638	0.31388646232954215	0.285298603503014	0.26837194012185417	0.3333333333333333	0.045454545454545456	1.0	0.6647010817031233	0	0.3333333333333333
d0bc44447e65	0.5673870541888975	0.681271608705394	0.6181220070797211	0.5580739452023848	0.6254131255667121	0.06666666666666667	0.023255813953488372	1.0	0.5714147953641597	0	0.5
26b76d6dd17e	0.0	0.0	0.1530376635625889	0.12444969984297151	0.1263542936043644	0.05	0.02	1.0	0.830124569620279	0	0.3333333333333333
4eb20f0e3a98	0.0	0.0	0.03639918008035379	0.0	0.0631771468021822	0.06666666666666667	0.03125	1.0	1.0	0	0.06666666666666667
f523a1101c52	0.14934089169295822	0.27352423036965934	0.4639063148753641	0.34272169488472753	0.5071801956594144	0.3333333333333333	0.037037037037037035	1.0	0.7326214192552911	0	1.0
032c630a740d	0.0	0.0	0.12444961868659946	0.0986240537385567	0.1001334085840143	0.06666666666666667	0.03225806451612903	1.0	1.0	0	0.3333333333333333
1b80dbe3d4a6	0.0	0.05182294525691176	0.03639918008035379	0.0	0.0631771468021822	0.5	1.0	1.0	1.0	1	0.043478260869565216
72b9554c41af	0.11297202341832605	0.05182294525691176	0.3300267458539839	0.036399203817070964	0.3959176932594214	0.125	0.125	1.0	0.7326214192552911	0	0.037037037037037035
e482f2c5d40e	0.06608439733031304	0.11711213489833155	0.16084879876695327	0.12444969984297151	0.14669279211481012	0.043478260869565216	0.02857142857142857	1.0	0.830124569620279	1	0.16666666666666666
0001c5cf49d5	0.0	0.0	0.08225672366991757	0.0	0.1263542936043644	0.07692307692307693	0.030303030303030304	1.0	1.0	1	0.5
fa691fec980b	0.0	0.08859191006777895	0.24889923737319897	0.2431056809714042	0.1001334085840143	0.06666666666666667	0.017543859649122806	1.0	1.0	0	0.14285714285714285
bbac3d3dec30	0.14934089169295822	0.3461189002908012	0.43731011071919407	0.422781507587797	0.33622423252135675	0.04	0.018518518518518517	1.0	0.24307555138436987	0	0.1111111111111111
b4085d2e2003	0.3283973124415973	0.4580135307849393	0.4700828509626587	0.4247809551034229	0.45669613961581673	0.05	0.025	1.0	0.830124569620279	0	1.0
7606620a81fa	0.14934089169295822	0.20570404496611053	0.3165664053379244	0.3082741218954018	0.17736067403666203	0.25	0.25	1.0	0.6129557746355119	0	1.0
9953d672b34e	0.3171525659982445	0.46824387804548356	0.4138604234160401	0.36215976245247383	0.4091183616199631	0.125	0.14285714285714285	1.0	0.6129557746355119	0	0.02564102564102564
6b904670d0c2	0.0	0.0	0.11246231544070878	0.036399203817070964	0.14669279211481012	0.06666666666666667	0.0625	1.0	1.0	0	0.058823529411764705
bf87780d7374	0.2623129151112843	0.3064776548439464	0.4312638094383395	0.38818379865398855	0.41410022211038494	0.3333333333333333	0.038461538461538464	1.0	0.6647010817031233	0	0.2
ca9f6a9aad09	0.3581128414972781	0.37633201224543794	0.5146902099015025	0.47518782092005174	0.49201746327576296	0.16666666666666666	0.043478260869565216	1.0	0.5714147953641597	0	0.5
f2258c95c059	0.0	0.0	0.03639918008035379	0.0	0.0631771468021822	0.04	0.02631578947368421	1.0	0.24307555138436987	0	0.047619047619047616
63746fdf09ab	0.2920284441669651	0.27352423036965934	0.5182502094353023	0.3774614894865819	0.5682375874711441	0.16666666666666666	0.09090909090909091	1.0	0.5714147953641597	0	0.03571428571428571
c31b1a730e25	0.0	0.0	0.08225672366991757	0.06222484992148576	0.0631771468021822	0.043478260869565216	0.021739130434782608	1.0	0.830124569620279	0	0.02631578947368421
