revisions	files	functions	lines	addLines	deleteLines	pos	time	rf	ibf	isComponent	distance
35077c88f1c6	0.22594404683665206	0.30053188004017556	0.4278899559459768	0.4138606933036529	0.3240534661514722	0.07142857142857142	0.01818181818181818	1.0	1.0	0	0.07142857142857142
89f213d49ca5	0.0	0.0	0.1921167866513249	0.18667454976445727	0.0631771468021822	0.07142857142857142	0.02631578947368421	1.0	1.0	0	0.07692307692307693
bc2e814493f0	0.14934089169295822	0.29429595503388944	0.40039351465970996	0.38139371585571197	0.3214113867723197	0.07692307692307693	0.03571428571428571	1.0	0.7418026188675023	0	0.5
84985c3e2bf5	0.14934089169295822	0.21788574477616746	0.36373450393816925	0.2643266520013773	0.397093778691822	0.07142857142857142	0.017543859649122806	1.0	1.0	0	0.09090909090909091
4f8f2e69c0f7	0.06608439733031304	0.11711213489833155	0.20210167028488468	0.18667454976445727	0.1263542936043644	0.058823529411764705	0.024390243902439025	1.0	1.0	0	0.023809523809523808
3bd528b8e6da	0.14934089169295822	0.287740102177659	0.39882312900784195	0.3697720732509864	0.3528419957927431	0.058823529411764705	0.02857142857142857	1.0	1.0	0	0.5
7ee2469bbf78	0.11297202341832605	0.21788574477616746	0.2460491115198026	0.23025930610483455	0.1633105553861965	0.07692307692307693	0.0196078431372549	1.0	0.490371842430089	0	1.0
d721e935e952	0.0	0.05182294525691176	0.14448153301321734	0.0986240537385567	0.14669279211481012	0.1	0.09090909090909091	1.0	1.0	0	1.0
5c42cd158da0	0.17905642074863906	0.3064776548439464	0.49068595337019405	0.49049628073118345	0.0631771468021822	0.1	0.016666666666666666	1.0	0.7418026188675023	0	0.5
355e1f63f5f7	0.0	0.20570404496611053	0.2795047025172246	0.23364731129418437	0.26837194012185417	0.058823529411764705	0.06666666666666667	1.0	1.0	0	0.012345679012345678
212a21c6eb2e	0.11297202341832605	0.287740102177659	0.35809677761426034	0.3111242496074288	0.3469596092828387	0.0625	0.023255813953488372	1.0	1.0	0	0.3333333333333333
4f26ae04f798	0.06608439733031304	0.05182294525691176	0.23364715892766083	0.1972481074771134	0.20986993891699235	0.14285714285714285	0.014285714285714285	1.0	0.7418026188675023	0	0.25
2d65ba2a6893	0.0	0.0	0.0	0.0	0.0	0.08333333333333333	0.05555555555555555	1.0	1.0	0	0.1111111111111111
9acbf5c70481	0.0	0.08859191006777895	0.16803434660440356	0.15303776336186264	0.1001334085840143	0.07142857142857142	0.02	1.0	1.0	0	0.02
834f7dce22ba	0.0	0.14041485532469067	0.39053064453301994	0.3344610219376306	0.39105545483611553	0.058823529411764705	0.047619047619047616	1.0	1.0	0	0.05555555555555555
e0c1835422e4	0.39081898983479035	0.4544129797493744	0.6154198089924868	0.5789973544209004	0.5880743013915997	0.0625	0.022727272727272728	1.0	1.0	0	0.5
e7476997924e	0.0	0.05182294525691176	0.19724797884730702	0.16803445618334878	0.1633105553861965	0.14285714285714285	0.03125	1.0	0.7418026188675023	0	0.14285714285714285
187790b39c72	0.06608439733031304	0.19223780058160245	0.35556783787757956	0.3022871383432432	0.3528419957927431	0.2	1.0	1.0	1.0	1	1.0
d6415e5a4bbf	0.14934089169295822	0.23923711265301395	0.30072565970853826	0.29248415602632033	0.1633105553861965	0.058823529411764705	0.022222222222222223	1.0	1.0	0	0.02
7e35b3bcc6bf	0.47989696652810027	0.41642093278857184	0.4636501908104431	0.4009111920818	0.4717820120983841	0.07142857142857142	0.034482758620689655	1.0	0.4117230187544724	0	0.027777777777777776
dc6d307f8b85	0.06608439733031304	0.11711213489833155	0.2192529709249519	0.21108644251844974	0.1001334085840143	0.07142857142857142	0.041666666666666664	1.0	1.0	0	0.034482758620689655
c8f135eb8bc6	0.0	0.0	0.24889923737319897	0.2067064771543332	0.2337832233056255	0.125	0.014925373134328358	1.0	1.0	0	1.0
5073a37348ab	0.0	0.05182294525691176	0.09862398942365351	0.0822567773113617	0.0631771468021822	0.125	0.015151515151515152	1.0	1.0	0	0.5
3941e68ff26d	0.11297202341832605	0.3461189002908012	0.41779264722087933	0.3520813603382579	0.4284269581397517	0.0625	0.058823529411764705	1.0	1.0	0	0.14285714285714285
585c709b9281	0.20418054257991852	0.3543676402711158	0.6105608620782891	0.444891941487754	0.6674730049846098	0.09090909090909091	0.018518518518518517	1.0	1.0	0	0.03333333333333333
e683987e9ddb	0.14934089169295822	0.17718382013555786	0.25434159599462464	0.22673840454420918	0.20986993891699235	0.07142857142857142	0.01694915254237288	1.0	1.0	0	0.047619047619047616
0e47e3a7683a	0.20418054257991852	0.3175986754602486	0.48357945055313634	0.4835797659060817	0.0	0.1111111111111111	0.013888888888888888	1.0	1.0	0	0.5
af5d23c92a0c	0.0	0.0	0.2689311516998168	0.22307375358152826	0.25823423997013745	0.14285714285714285	0.014492753623188406	1.0	0.7418026188675023	0	0.5
219a0ffbcdf1	0.20418054257991852	0.3950695649117253	0.47894233684149795	0.47336498707623875	0.29696037010780774	0.058823529411764705	0.03333333333333333	1.0	0.2961155957601091	0	0.02
d4defe1e4905	0.14934089169295822	0.29429595503388944	0.46766298951869323	0.45998584220439276	0.31299198758814106	0.07142857142857142	0.03225806451612903	1.0	1.0	0	0.04
0e26d5802802	0.0	0.11711213489833155	0.24310552243687084	0.1921169119349664	0.2405378208388442	0.125	0.015625	1.0	1.0	0	0.16666666666666666
ac7905c72788	0.0	0.0	0.1530376635625889	0.12444969984297151	0.1263542936043644	0.1	0.08333333333333333	1.0	1.0	0	0.3333333333333333
8a5d7bf9e890	0.24514081807895213	0.26577573020333684	0.35892416986625436	0.3082741218954018	0.3528419957927431	0.09090909090909091	0.125	1.0	1.0	0	0.25
ff195c275de6	0.0	0.05182294525691176	0.1746871247840085	0.06222484992148576	0.21855701922275933	0.058823529411764705	0.1	1.0	1.0	0	0.014285714285714285
345def86187c	0.06608439733031304	0.11711213489833155	0.35641875821878183	0.24889939968594305	0.39351899281363456	0.0625	0.023809523809523808	1.0	1.0	0	0.25
75d78a90d621	0.6439902093325914	0.6752521293212301	0.7051164009447538	0.6858004205406656	0.6295186257915053	0.1111111111111111	0.015873015873015872	1.0	0.3485839760243538	0	1.0
43c5955fa2e5	0.0	0.05182294525691176	0.20210167028488468	0.16084890366004248	0.1895314404065466	0.1	0.038461538461538464	1.0	1.0	0	0.16666666666666666
bf60f3d62ac6	0.0	0.0	0.1746871247840085	0.16084890366004248	0.1001334085840143	0.07142857142857142	0.02127659574468085	1.0	1.0	0	0.3333333333333333
e84b4b9c4e32	0.46649345769120276	0.48220076068823287	0.6626758797062939	0.6626763118520153	0.0	0.058823529411764705	0.01639344262295082	1.0	0.4117230187544724	0	0.023255813953488372
5d4df555973f	0.0	0.0	0.37404746988795895	0.31251608341619624	0.38047601542043563	0.058823529411764705	0.021739130434782608	1.0	1.0	0	0.023255813953488372
95ef737376d2	0.06608439733031304	0.1601170247154849	0.22673825668313485	0.2067064771543332	0.1633105553861965	0.07142857142857142	0.020833333333333332	1.0	0.490371842430089	0	0.043478260869565216
21e1b916a4e7	0.06608439733031304	0.1601170247154849	0.25166165298624243	0.23691208862286453	0.1633105553861965	0.07142857142857142	0.018867924528301886	1.0	1.0	0	0.5
2a6c3ce95a91	0.06608439733031304	0.14041485532469067	0.2192529709249519	0.21108644251844974	0.1001334085840143	0.08333333333333333	0.0625	1.0	1.0	0	0.1
9744ec677e72	0.17905642074863906	0.3064776548439464	0.3972247825032021	0.36604658088821196	0.35656273103180247	0.058823529411764705	0.027777777777777776	1.0	0.2961155957601091	0	0.1
30acd598ff60	0.11297202341832605	0.23923711265301395	0.38329681951029215	0.3832970694666971	0.0	0.25	0.25	1.0	1.0	1	1.0
6c563c769572	0.17905642074863906	0.2487089347832638	0.31388646232954215	0.285298603503014	0.26837194012185417	0.07142857142857142	0.02040816326530612	1.0	0.490371842430089	0	0.08333333333333333
9da102f75bcb	0.0	0.0	0.30533033178017055	0.24604927197391604	0.31000334750100667	0.058823529411764705	0.030303030303030304	1.0	1.0	0	0.5
f6a53a3cdd2c	0.0	0.0	0.0	0.0	0.0	0.09090909090909091	0.029411764705882353	1.0	1.0	0	0.045454545454545456
96f866ca79c4	0.14934089169295822	0.3503098039201374	0.3982935025521068	0.374740933337682	0.33622423252135675	1.0	0.3333333333333333	1.0	1.0	1	1.0
7620cf8ef36f	0.3669249431097742	0.4347108103585801	0.4841936246057054	0.4120561806379748	0.5010413570247582	0.14285714285714285	0.014705882352941176	1.0	0.5936054486226091	0	1.0
79e09a0d46d3	0.06608439733031304	0.21788574477616746	0.3322711483513144	0.3053305308928899	0.28173416602494156	0.25	0.5	1.0	1.0	1	0.5
99f711bfc283	0.3752849385296103	0.49478249559580645	0.5504089319680685	0.49584909528089904	0.5505411683398509	0.07692307692307693	0.016129032258064516	1.0	0.7418026188675023	0	0.5
963c7e594b71	0.14934089169295822	0.11711213489833155	0.24310552243687084	0.23025930610483455	0.14669279211481012	0.14285714285714285	0.07142857142857142	1.0	0.7418026188675023	0	0.5
6118e902327b	0.39081898983479035	0.41642093278857184	0.6431524288518654	0.6036623386377155	0.622108987523519	0.0625	0.05263157894736842	1.0	1.0	0	0.09090909090909091
cec9cc7b00cc	0.11297202341832605	0.11711213489833155	0.3675551411234703	0.2619326039277545	0.4038483762250407	0.058823529411764705	0.017857142857142856	1.0	1.0	0	0.09090909090909091
0953ef594e72	0.0	0.08859191006777895	0.16803434660440356	0.15303776336186264	0.1001334085840143	0.07142857142857142	0.07692307692307693	1.0	1.0	0	0.041666666666666664
3ff459d16a91	0.14934089169295822	0.19223780058160245	0.25166165298624243	0.16803445618334878	0.2774940826206763	0.07142857142857142	0.037037037037037035	1.0	1.0	0	0.030303030303030304
526fbc656da7	0.2778469664164643	0.37633201224543794	0.4929350419574071	0.4078583075926847	0.5192636162091127	0.08333333333333333	0.019230769230769232	1.0	0.7418026188675023	0	0.25
14e965a42294	0.0	0.0	0.12444961868659946	0.11246238877989302	0.0631771468021822	0.0625	0.043478260869565216	1.0	1.0	0	0.07142857142857142
2a6e4ec07692	0.06608439733031304	0.0	0.0	0.0	0.0	0.09090909090909091	0.1111111111111111	1.0	1.0	0	0.09090909090909091
735241e915a5	0.0	0.0	0.06222480934329974	0.036399203817070964	0.0631771468021822	0.09090909090909091	0.025	1.0	1.0	0	0.029411764705882353
cb1abd8f0d66	0.0	0.08859191006777895	0.16084879876695327	0.1444816272328475	0.1001334085840143	0.07142857142857142	0.14285714285714285	1.0	1.0	0	0.16666666666666666
89f547830056	0.0	0.19223780058160245	0.33971209159248816	0.3053305308928899	0.30691337849138584	0.14285714285714285	0.015384615384615385	1.0	0.7418026188675023	0	0.3333333333333333
997ca2c5ff8b	0.11297202341832605	0.19223780058160245	0.2975191965758062	0.2711480195124297	0.24682620069882444	0.09090909090909091	0.2	1.0	1.0	0	1.0
8559551465d2	0.9771239714375873	0.911100974583848	0.9469898526770555	0.9469904702302598	0.0	1.0	0.02564102564102564	1.0	0.0	1	1.0
d454571df68f	0.0	0.05182294525691176	0.1921167866513249	0.18088083104991842	0.1001334085840143	0.1	0.05	1.0	1.0	0	1.0
077ef215e7e9	0.11297202341832605	0.19223780058160245	0.223073608110253	0.1972481074771134	0.17736067403666203	0.07142857142857142	0.02702702702702703	1.0	1.0	0	0.017857142857142856
fb7d5a208637	0.06608439733031304	0.08859191006777895	0.35726168857966106	0.3111242496074288	0.34491131282712373	0.07142857142857142	0.16666666666666666	1.0	1.0	0	0.06666666666666667
8c31110375c5	0.913657041496575	0.8216864640300847	0.8781007659745617	0.8689093554294399	0.7424025860712729	0.125	0.014084507042253521	1.0	0.14819717024489304	0	0.125
0f355f91abee	0.5246258302225686	0.4920916360113128	0.588675064448563	0.5355898369977246	0.587497430121683	0.07142857142857142	0.045454545454545456	1.0	0.7418026188675023	0	1.0
49f825449580	0.14934089169295822	0.28082971064938134	0.38818354551084056	0.33971231312631994	0.3790628808130932	0.058823529411764705	0.04	1.0	1.0	0	0.0196078431372549
7b680a4f4542	0.2920284441669651	0.4714797751694473	0.5313475289733554	0.4983232691152729	0.49565567668357274	0.08333333333333333	0.017241379310344827	1.0	0.7418026188675023	0	0.3333333333333333
