revisions	files	functions	lines	addLines	deleteLines	pos	time	rf	ibf	isComponent	distance
18191cbac7cc	0.0	0.0	0.08225672366991757	0.0822567773113617	0.0	0.1111111111111111	0.03225806451612903	0.7741935483870966	0.6129557746355119	0	0.3333333333333333
d3354600ed81	0.0	0.08859191006777895	0.4423265790352049	0.38010201756474693	0.44975438522753747	0.037037037037037035	0.25	0.22580645161290322	0.6129557746355119	1	0.16666666666666666
7806941e4a5b	0.17905642074863906	0.4281549575023497	0.510070245874487	0.4868078523925453	0.44709301786685307	0.1	0.0196078431372549	0.8387096774193548	0.6129557746355119	0	1.0
1681e9bf49ea	0.06608439733031304	0.3373008448510428	0.35726168857966106	0.30072585581844824	0.35836764855415176	0.1111111111111111	0.02127659574468085	0.7741935483870966	0.6129557746355119	0	1.0
db5695982144	0.06608439733031304	0.1601170247154849	0.19724797884730702	0.16084890366004248	0.17736067403666203	0.041666666666666664	0.029411764705882353	0.22580645161290322	0.6129557746355119	1	0.5
a7ad2044b480	0.17905642074863906	0.3121590839292501	0.40445167108458346	0.39053089920676354	0.3004002257520429	0.5	0.02631578947368421	1.0	1.0	1	0.25
da4080f9a31b	0.17905642074863906	0.30053188004017556	0.37812869194087817	0.3712200317770567	0.21855701922275933	0.09090909090909091	0.023809523809523808	0.7741935483870966	0.6129557746355119	0	0.5
461391b66c92	0.0	0.05182294525691176	0.11246231544070878	0.0822567773113617	0.1001334085840143	0.0625	0.058823529411764705	0.22580645161290322	0.830124569620279	0	0.047619047619047616
878f861ca7bb	0.0	0.08859191006777895	0.1808807130935711	0.15303776336186264	0.14669279211481012	0.058823529411764705	0.021739130434782608	0.16129032258064516	0.830124569620279	0	0.25
9d272134d2ec	0.17905642074863906	0.2575269902230222	0.3022869412151867	0.2814779638261902	0.2337832233056255	0.125	0.125	0.22580645161290322	0.830124569620279	0	0.023809523809523808
0e9d6908ecc6	0.20418054257991852	0.3175986754602486	0.492378030301539	0.49237835139223446	0.0	0.05263157894736842	0.016129032258064516	0.22580645161290322	1.0	0	0.3333333333333333
1d2c3fca8353	0.14934089169295822	0.17718382013555786	0.2907407760749784	0.2733112924399355	0.20986993891699235	0.037037037037037035	0.038461538461538464	0.22580645161290322	0.6129557746355119	1	1.0
482ea75b5e4c	0.06608439733031304	0.14041485532469067	0.16084879876695327	0.12444969984297151	0.14669279211481012	0.125	0.022727272727272728	0.22580645161290322	0.830124569620279	0	0.05555555555555555
28ac6c2fe563	0.06608439733031304	0.19223780058160245	0.20210167028488468	0.16084890366004248	0.1895314404065466	0.2	0.08333333333333333	1.0	0.6647010817031233	0	1.0
405bc54f9208	0.3980639238155956	0.4632310351891327	0.49867089583864815	0.4745085883046332	0.43860825808009646	0.05263157894736842	0.023255813953488372	0.22580645161290322	0.6647010817031233	0	0.14285714285714285
9df5d9a9dc74	0.0	0.14041485532469067	0.1530376635625889	0.1444816272328475	0.0631771468021822	0.05263157894736842	0.017241379310344827	0.22580645161290322	1.0	0	0.16666666666666666
65dc770dc623	0.06608439733031304	0.20570404496611053	0.21526247290588865	0.1444816272328475	0.2337832233056255	0.045454545454545456	0.02040816326530612	0.6129032258064516	0.6647010817031233	0	0.05
31c2625be723	0.0	0.0	0.03639918008035379	0.0	0.0631771468021822	1.0	0.07692307692307693	1.0	1.0	1	0.08333333333333333
d0216ad21b66	0.14934089169295822	0.26577573020333684	0.3807499416331062	0.3572619215579765	0.31869042780677365	0.045454545454545456	0.04	0.6129032258064516	0.6647010817031233	0	1.0
32f3e0522438	0.2778469664164643	0.47922827533576984	0.6271110125443109	0.5729810009895621	0.6277684337924986	0.2	0.01818181818181818	1.0	0.5714147953641597	0	1.0
2d9d6d6bdcf8	0.06608439733031304	0.19223780058160245	0.3813934671405255	0.29587216121567017	0.4070467870754001	0.037037037037037035	0.5	0.22580645161290322	0.6129557746355119	1	0.3333333333333333
f05231a07d01	0.11297202341832605	0.2575269902230222	0.26665833602805705	0.23364731129418437	0.2337832233056255	0.03333333333333333	0.06666666666666667	0.09677419354838708	1.0	1	1.0
870bdb7ff9c8	0.11297202341832605	0.23923711265301395	0.35384141113454926	0.346583429312739	0.2002668171680286	0.03571428571428571	0.015151515151515152	0.3870967741935483	0.24307555138436987	0	1.0
2950200d2578	0.0	0.2575269902230222	0.37193510363131554	0.35296581559500884	0.29338558422962024	0.05263157894736842	0.016666666666666666	0.22580645161290322	0.830124569620279	0	0.5
4f225bb4d911	0.06608439733031304	0.20570404496611053	0.26432647962818445	0.2569440160127405	0.1263542936043644	0.06666666666666667	0.043478260869565216	0.16129032258064516	0.830124569620279	0	0.3333333333333333
f46b53a2a16a	0.0	0.0	0.0	0.0	0.0	0.058823529411764705	0.02857142857142857	0.22580645161290322	1.0	1	0.047619047619047616
38e7c65dfdd2	0.4116538068042425	0.45070805050521723	0.4231846996354073	0.3597442405161959	0.4316824955080507	0.058823529411764705	0.05	0.22580645161290322	0.6129557746355119	1	0.02857142857142857
0ec1dbdaddd6	0.24514081807895213	0.4632310351891327	0.5249727671939045	0.4990178295038078	0.47074625826628236	0.043478260869565216	0.018867924528301886	0.6129032258064516	0.6647010817031233	0	1.0
4c9f1ec424c8	0.14934089169295822	0.43890171398791633	0.4908755446209372	0.4586399177067642	0.45297540437675743	0.07936507936507936	0.030303030303030304	0.7741935483870966	0.830124569620279	0	1.0
b09cc7900c39	0.0	0.05182294525691176	0.1808807130935711	0.1444816272328475	0.1633105553861965	0.058823529411764705	1.0	0.22580645161290322	1.0	1	0.14285714285714285
a6b6e3cf36a4	0.8805509317854763	0.9910814820732016	1.0	1.0	0.0631771468021822	0.25	0.014492753623188406	1.0	0.19649904201920165	0	1.0
63540ed8c724	0.11297202341832605	0.1601170247154849	0.23364715892766083	0.16084890366004248	0.2527085872087288	0.2	0.09090909090909091	1.0	0.6647010817031233	0	1.0
15df29c7d7db	0.17905642074863906	0.3121590839292501	0.485208001769834	0.4615747594784907	0.4233146637121721	0.018633540372670808	0.1111111111111111	0.5806451612903225	0.2977095698108656	0	0.5
f084174cf4ce	0.557035373968769	0.6064550389631396	0.5998624031791463	0.5319491602593552	0.6145822586378903	0.045454545454545456	0.015625	0.6129032258064516	0.5074949309557394	0	0.14285714285714285
f00cb5b08a6b	0.06608439733031304	0.2487089347832638	0.2889630660264346	0.21925311390470442	0.3037149676410264	0.14285714285714285	0.05555555555555555	0.22580645161290322	0.830124569620279	0	0.1
8870deb3cd89	0.7192163022763876	0.7366549822195416	0.733626838882853	0.6902862430604149	0.720577898491306	0.034482758620689655	0.015384615384615385	0.3870967741935483	0.24307555138436987	0	0.25
a8e67ec3eec0	0.17905642074863906	0.3175986754602486	0.35726168857966106	0.33764850999558577	0.28173416602494156	0.25	0.03571428571428571	1.0	0.6647010817031233	0	0.5
f01637839c9c	0.11297202341832605	0.28082971064938134	0.3322711483513144	0.2941941407259178	0.30691337849138584	0.045454545454545456	0.041666666666666664	0.6129032258064516	0.6647010817031233	0	0.045454545454545456
d0bc44447e65	0.5673870541888975	0.681271608705394	0.6181220070797211	0.5580739452023848	0.6254131255667121	0.25	0.015873015873015872	1.0	0.5714147953641597	0	0.25
4604f2663587	0.22594404683665206	0.23923711265301395	0.42438433562346894	0.3961434443332668	0.37616913439032323	0.03333333333333333	0.07142857142857142	0.09677419354838708	1.0	1	0.0625
2967401542eb	0.0	0.05182294525691176	0.11246231544070878	0.06222484992148576	0.1263542936043644	0.1	0.047619047619047616	0.7741935483870966	0.6129557746355119	0	0.1
0d2b887e7ad1	0.0	0.05182294525691176	0.1921167866513249	0.18667454976445727	0.0631771468021822	0.03333333333333333	0.027777777777777776	0.09677419354838708	1.0	1	0.058823529411764705
6445d4d41946	0.0	0.11711213489833155	0.1746871247840085	0.1350232575556277	0.1633105553861965	0.05263157894736842	0.2	0.22580645161290322	1.0	0	1.0
0da6f771bfa5	0.0	0.11711213489833155	0.223073608110253	0.22307375358152826	0.0	0.2	0.01639344262295082	1.0	0.6647010817031233	0	0.2
cd31063e2325	0.0	0.1601170247154849	0.14448153301321734	0.12444969984297151	0.1001334085840143	0.058823529411764705	0.03125	0.6129032258064516	0.7326214192552911	0	0.058823529411764705
bbac3d3dec30	0.14934089169295822	0.3461189002908012	0.43731011071919407	0.422781507587797	0.33622423252135675	0.034482758620689655	0.014705882352941176	0.3870967741935483	0.24307555138436987	0	0.1111111111111111
313ca82fe335	0.0	0.0	0.0	0.0	0.0	0.0	0.0	0.0	0.0	0	0.0
389506228cea	0.11297202341832605	0.29429595503388944	0.3993496491321918	0.3869868278221867	0.2857857377665804	0.1111111111111111	0.020833333333333332	0.7741935483870966	0.6129557746355119	0	0.047619047619047616
6cf4ee58ea02	0.06608439733031304	0.21788574477616746	0.3152364339923866	0.3022871383432432	0.20986993891699235	0.03333333333333333	0.05263157894736842	0.09677419354838708	1.0	1	0.045454545454545456
f7e9a6739560	0.22594404683665206	0.3175986754602486	0.40445167108458346	0.36528256366046225	0.38047601542043563	0.056603773584905655	0.02	1.0	0.6129557746355119	0	1.0
2c9472137fd4	0.14934089169295822	0.3921312490847479	0.46617913054712384	0.4251755556614198	0.4457326141585162	0.2	0.034482758620689655	1.0	0.5714147953641597	0	0.5
65fe301f866e	0.06608439733031304	0.21788574477616746	0.3311559610431165	0.3311561769973047	0.0	0.058823529411764705	0.16666666666666666	0.6129032258064516	0.7326214192552911	0	0.014925373134328358
370f35c6869b	0.06608439733031304	0.22900676539246964	0.35641875821878183	0.354709005947806	0.1001334085840143	0.1	0.037037037037037035	0.7741935483870966	0.6129557746355119	0	0.25
6a4c8c42118d	0.0	0.32281617986444205	0.5003907075144273	0.4068981756339586	0.531815904092065	0.14285714285714285	0.019230769230769232	0.22580645161290322	0.830124569620279	0	0.25
7a1ca569aa2d	0.06608439733031304	0.05182294525691176	0.16084879876695327	0.1444816272328475	0.1001334085840143	0.045454545454545456	0.025	0.6129032258064516	0.6647010817031233	0	0.08333333333333333
30b89717bac5	0.0	0.0	0.03639918008035379	0.0	0.0631771468021822	0.037037037037037035	0.0625	0.22580645161290322	0.6129557746355119	1	1.0
ca5738f529bd	0.0	0.17718382013555786	0.20210167028488468	0.18667454976445727	0.1263542936043644	1.0	0.3333333333333333	1.0	1.0	1	0.041666666666666664
0fcbe9b75b36	0.11297202341832605	0.3064776548439464	0.3899495976898972	0.3668041506363452	0.326621110772393	0.5	0.02702702702702703	1.0	1.0	1	1.0
8559551465d2	0.9771239714375873	0.911100974583848	0.9469898526770555	0.9469904702302598	0.0	1.0	0.024390243902439025	1.0	0.3420714430385838	1	1.0
87231505d3b5	0.11297202341832605	0.19223780058160245	0.30072565970853826	0.2543417618564522	0.28966484899056094	0.037037037037037035	0.14285714285714285	0.22580645161290322	0.6129557746355119	1	0.14285714285714285
8027842efbc0	0.06608439733031304	0.08859191006777895	0.2192529709249519	0.21108644251844974	0.1001334085840143	0.045454545454545456	0.022222222222222223	0.6129032258064516	0.6647010817031233	0	1.0
7012373d248c	0.14934089169295822	0.38604385530879515	0.4696040689005133	0.4676632944921593	0.2002668171680286	0.1	0.017543859649122806	0.22580645161290322	0.37696029684370164	0	1.0
456e9caacb50	0.17905642074863906	0.3278290227207929	0.48337378855285384	0.4765310601812294	0.31869042780677365	0.125	0.018518518518518517	0.22580645161290322	0.830124569620279	0	1.0
f2258c95c059	0.0	0.0	0.03639918008035379	0.0	0.0631771468021822	0.034482758620689655	0.01694915254237288	0.3870967741935483	0.24307555138436987	0	0.047619047619047616
d3a95c874907	0.0	0.11711213489833155	0.09862398942365351	0.06222484992148576	0.1001334085840143	0.1111111111111111	0.1	0.7741935483870966	0.6129557746355119	0	0.5
ce650300429b	0.06608439733031304	0.0	0.03639918008035379	0.0	0.0631771468021822	0.09090909090909091	0.045454545454545456	0.22580645161290322	0.5368943496508024	0	0.5
cb10f99b4cd6	0.14934089169295822	0.11711213489833155	0.20670634235651703	0.12444969984297151	0.2337832233056255	0.045454545454545456	0.02564102564102564	0.6129032258064516	0.6647010817031233	0	0.3333333333333333
c69dce88c617	0.11297202341832605	0.19223780058160245	0.29248396529100307	0.25166181710041935	0.2730470857191745	0.2	0.014925373134328358	1.0	0.6647010817031233	0	0.14285714285714285
dabaacb8e0c2	0.11297202341832605	0.19223780058160245	0.4064139661289901	0.4059276636691618	0.0631771468021822	0.09090909090909091	0.03333333333333333	0.22580645161290322	0.5368943496508024	0	1.0
