revisions	files	functions	lines	addLines	deleteLines	pos	time	rf	ibf	isComponent	distance
996f7c69eeec	0.06608439733031304	0.11816600049205804	0.27748728224918834	0.2754236600741	0.069074182512796	0.125	0.02702702702702703	0.425	1.0	1	0.09090909090909091
39b1be32af9a	0.24514081807895213	0.2903294102274493	0.382032412356413	0.3484537361784948	0.37934526310933975	0.09917355371900825	0.041666666666666664	0.75	1.0	0	0.2
f66af0ea18b8	0.3171525659982445	0.4098458026663303	0.5650521393367227	0.5313478754769301	0.580871804344228	0.08333333333333333	0.038461538461538464	0.09999999999999999	0.6744523947580044	0	0.5
2151e90ff0bd	0.0	0.0	0.03639918008035379	0.0	0.069074182512796	0.09090909090909091	0.017857142857142856	0.049999999999999996	0.6744523947580044	0	0.16666666666666666
bf6e5ac3b136	0.06608439733031304	0.2413899532786789	0.37812869194087817	0.36903924075360267	0.2629899287771991	0.1764705882352941	0.047619047619047616	0.525	1.0	1	0.125
19edf36a6609	0.0	0.0	0.2460491115198026	0.15303776336186264	0.30339573531515385	0.125	0.05	0.425	1.0	1	0.02631578947368421
acb14eef2d73	0.11297202341832605	0.32045667405254846	0.3893647654986319	0.3407266909519464	0.4159901334763155	0.08808290155440414	0.02631578947368421	1.0	0.6744523947580044	0	0.5
ac8b09b99c40	0.0	0.11816600049205804	0.1808807130935711	0.16803445618334878	0.10947998905075071	0.08333333333333333	0.03333333333333333	0.09999999999999999	0.6744523947580044	0	1.0
0e36336f74a9	0.17905642074863906	0.052289288211202906	0.3845436648851043	0.38454391565460494	0.0	0.14285714285714285	0.023809523809523808	0.9	0.8353423914104244	0	1.0
171cfde69ddb	0.2778469664164643	0.17877825722756366	0.2958719682709606	0.29248415602632033	0.10947998905075071	0.125	0.05263157894736842	0.425	1.0	1	0.017857142857142856
9b7bf1bee925	0.20418054257991852	0.3797185388412312	0.5444589568985359	0.5444593119523652	0.0	0.06122448979591836	0.021739130434782608	0.19999999999999998	1.0	0	1.0
039dbab0105c	0.14934089169295822	0.25094701019234067	0.42940512143010756	0.4223762180398009	0.29342212036472987	0.09917355371900825	0.013513513513513514	0.75	1.0	0	0.125
082166ab529c	0.11297202341832605	0.052289288211202906	0.16084879876695327	0.0986240537385567	0.19391574626440314	0.14285714285714285	0.014084507042253521	0.09999999999999999	1.0	1	1.0
1cbaa32947ef	0.06608439733031304	0.08938912861378186	0.1530376635625889	0.11246238877989302	0.16038528500783836	0.08333333333333333	1.0	0.09999999999999999	0.6744523947580044	0	0.05263157894736842
5f26d9639e6f	0.0	0.0	0.1808807130935711	0.1350232575556277	0.19391574626440314	0.09917355371900825	0.027777777777777776	0.75	1.0	0	1.0
cd25567cede7	0.06608439733031304	0.2903294102274493	0.382032412356413	0.372645005861498	0.26986527405858907	0.08333333333333333	0.5	0.09999999999999999	0.6744523947580044	0	0.058823529411764705
34e71894ee10	0.06608439733031304	0.052289288211202906	0.08225672366991757	0.036399203817070964	0.10947998905075071	0.09090909090909091	0.018867924528301886	0.25	0.8353423914104244	0	0.09090909090909091
816c5dc4678b	0.49620898674688363	0.3575565144551274	0.5926018269847504	0.5336116426300898	0.6542482224608422	0.125	0.03571428571428571	0.425	0.8353423914104244	1	0.010526315789473684
ea79749c1951	0.06608439733031304	0.11816600049205804	0.4059273989548512	0.33764850999558577	0.45791738911779134	0.16037735849056603	0.1111111111111111	1.0	0.8353423914104244	1	1.0
7ba93c424e52	0.0	0.14167841682498472	0.2975191965758062	0.2711480195124297	0.26986527405858907	0.1	0.16666666666666666	0.09999999999999999	0.8353423914104244	0	1.0
3dd7d23918f9	0.0	0.19396770503618765	0.32415724245907257	0.32415745384924033	0.0	0.09090909090909091	0.025	0.049999999999999996	1.0	0	1.0
023fd982bef6	0.06608439733031304	0.08938912861378186	0.1866744280298992	0.1350232575556277	0.20722254753838798	0.125	0.024390243902439025	0.425	1.0	1	0.5
5ee1dff77954	0.4710848649156042	0.522523261974449	0.6176618757604145	0.6102110784756793	0.5032332025448198	0.2	0.018518518518518517	0.425	0.8353423914104244	1	1.0
b6a7e9013f33	0.0	0.08938912861378186	0.20210167028488468	0.1972481074771134	0.069074182512796	0.25	0.058823529411764705	0.425	1.0	1	0.5
4f5bd7469d77	0.20418054257991852	0.29694425771962174	0.4512957237649573	0.4507054140768145	0.10947998905075071	0.08808290155440414	0.01818181818181818	1.0	0.6744523947580044	0	0.3333333333333333
f2df61d7f8f5	0.22594404683665206	0.33077908189246075	0.4965626637515171	0.45447666091475725	0.5228815878853643	0.3333333333333333	0.0196078431372549	1.0	1.0	1	1.0
7e803ef7c42f	0.11297202341832605	0.14167841682498472	0.39449595769461404	0.28896325446569493	0.47109828641979834	0.09917355371900825	0.022222222222222223	0.75	1.0	0	0.25
219a0ffbcdf1	0.20418054257991852	0.39862470650273474	0.47894233684149795	0.47336498707623875	0.3246790309812732	0.08333333333333333	0.14285714285714285	0.09999999999999999	0.520586676751911	0	1.0
69c1e6b8dc29	0.11297202341832605	0.11816600049205804	0.23364715892766083	0.21925311390470442	0.16038528500783836	0.5	0.06666666666666667	1.0	1.0	1	1.0
5799d0bb1b3a	0.0	0.11816600049205804	0.2958719682709606	0.2941941407259178	0.069074182512796	0.25	0.014925373134328358	0.425	1.0	1	0.08333333333333333
c69f4c950bc2	0.46649345769120276	0.4449147152285283	0.5365055306137236	0.5353593580973068	0.23895741101628998	0.125	0.015873015873015872	0.425	1.0	1	0.008928571428571428
fac0b2f49667	0.06608439733031304	0.052289288211202906	0.2460491115198026	0.22307375358152826	0.20722254753838798	0.25	0.020833333333333332	0.425	1.0	1	1.0
3addaaf0a2e6	0.0	0.32045667405254846	0.41779264722087933	0.3555680697512972	0.46472560541007185	0.1	0.02564102564102564	0.525	1.0	1	1.0
737052fdf35b	0.3171525659982445	0.2413899532786789	0.42712267414803223	0.42398651202132265	0.21895997810150142	0.08910891089108912	0.04	0.475	0.7406022510826102	0	0.5
d0eae7cc5be5	0.06608439733031304	0.14167841682498472	0.30382153283792823	0.24889939968594305	0.33206411128999513	0.2	0.01694915254237288	0.09999999999999999	1.0	1	1.0
4e7f6df10678	0.0	0.052289288211202906	0.21526247290588865	0.21108644251844974	0.069074182512796	0.09917355371900825	0.125	0.75	1.0	0	0.06666666666666667
3a983f5a994c	0.0	0.0	0.09862398942365351	0.0986240537385567	0.0	0.125	0.3333333333333333	0.425	1.0	1	0.015873015873015872
a6b6e3cf36a4	0.8805509317854763	1.0	1.0	1.0	0.069074182512796	0.09090909090909091	0.015384615384615385	0.049999999999999996	0.18918229901573577	0	1.0
29a74b0d523e	0.4518880936733042	0.5120138182024616	0.6093038907744311	0.5903794221837038	0.5802838794497504	0.125	0.015151515151515152	0.09999999999999999	1.0	1	0.5
4a6f9a7c6453	0.11297202341832605	0.052289288211202906	0.31787696034860546	0.2666585099219055	0.34220706014788355	0.14655172413793105	0.045454545454545456	1.0	1.0	1	1.0
a9e8ba8ee474	0.0	0.0	0.08225672366991757	0.036399203817070964	0.10947998905075071	0.25	0.030303030303030304	0.425	1.0	1	0.25
ad8247b207ea	0.06608439733031304	0.14167841682498472	0.36528232545171063	0.3229360542951501	0.37934526310933975	0.125	0.029411764705882353	0.09999999999999999	1.0	1	0.5
dfd114b082c8	0.0	0.14167841682498472	0.1808807130935711	0.17468723870137876	0.069074182512796	0.08808290155440414	0.016129032258064516	1.0	0.6744523947580044	0	0.034482758620689655
e1b77448a09d	0.0	0.0	0.21526247290588865	0.1921169119349664	0.1785541715635467	0.125	0.037037037037037035	0.425	0.8353423914104244	1	0.02040816326530612
e7fadc2d4141	0.20418054257991852	0.3032362984035436	0.4693637168858254	0.46839612698954314	0.16038528500783836	0.09259259259259259	0.034482758620689655	0.3	1.0	0	1.0
9744ec677e72	0.17905642074863906	0.3092355778889529	0.3972247825032021	0.36604658088821196	0.3898447525284727	0.08333333333333333	0.1	0.09999999999999999	0.6744523947580044	0	0.3333333333333333
3b2a90971455	0.0	0.2759856130067989	0.223073608110253	0.2067064771543332	0.16038528500783836	0.09090909090909091	0.02040816326530612	0.049999999999999996	0.6744523947580044	0	0.02857142857142857
17b41e676e3e	0.06608439733031304	0.11816600049205804	0.30681419075174	0.27748746320483414	0.2880341606142974	0.16666666666666666	0.015625	0.425	1.0	1	1.0
8a70bdf3ddf1	0.30507413907761327	0.3032362984035436	0.3520811307382998	0.3253624582827659	0.3284399671522521	0.125	0.09090909090909091	0.425	1.0	1	0.009900990099009901
fc92d609f635	0.06608439733031304	0.08938912861378186	0.1808807130935711	0.16803445618334878	0.10947998905075071	0.125	0.016666666666666666	0.425	1.0	1	0.1
909dd0f4dd6e	0.2623129151112843	0.35346216255331403	0.4448916513639854	0.4034544636588299	0.46472560541007185	0.14782608695652175	0.017241379310344827	1.0	0.8353423914104244	1	0.047619047619047616
a4775e530f17	0.0	0.2310675454387666	0.44676847422840404	0.3826670915662682	0.4986581639730348	0.1111111111111111	0.2	0.09999999999999999	0.7406022510826102	0	1.0
6bb813672b4a	0.0	0.14167841682498472	0.1866744280298992	0.16803445618334878	0.138148365025592	0.125	0.07142857142857142	0.425	1.0	1	0.01
63a888e9010e	0.06608439733031304	0.16155788157855885	0.2302591559477033	0.21526261328334842	0.16038528500783836	0.25	0.013888888888888888	0.425	1.0	1	0.125
bfa82473ab54	0.06608439733031304	0.2413899532786789	0.38818354551084056	0.38075018992863535	0.2556048484684772	0.14782608695652175	0.019230769230769232	1.0	0.8353423914104244	1	0.09090909090909091
9cd2476c33e0	0.14934089169295822	0.17877825722756366	0.2834084229327595	0.25947295739859916	0.2476283540763427	0.09917355371900825	0.0136986301369863	0.75	1.0	1	0.1111111111111111
0e5dc4730276	0.17905642074863906	0.11816600049205804	0.24310552243687084	0.24006228842175747	0.069074182512796	0.09090909090909091	0.017543859649122806	0.049999999999999996	0.6744523947580044	0	0.3333333333333333
4d02635a6b23	0.22594404683665206	0.3448615593629846	0.39394009570896044	0.38010201756474693	0.3167025365891387	0.25	0.02857142857142857	0.5750000000000001	1.0	1	1.0
313ca82fe335	0.0	0.0	0.0	0.0	0.0	0.0	0.0	0.0	0.0	0	0.0
0932ea92468f	0.06608439733031304	0.08938912861378186	0.2754234804643054	0.2711480195124297	0.10947998905075071	0.125	0.0625	0.425	1.0	1	0.010309278350515464
ce0fb999ecba	0.14934089169295822	0.26816738584134553	0.49936277921615213	0.49549000887250955	0.3124613441606226	0.14782608695652175	0.014705882352941176	1.0	0.8353423914104244	1	0.05
3ca62d75a91b	0.3487969244049448	0.4071307286455093	0.5712954487352659	0.5381986675784985	0.58629061163571	0.125	0.07692307692307693	0.425	0.8353423914104244	1	0.023809523809523808
6acb9b814ba8	0.0	0.0	0.0	0.0	0.0	0.125	0.08333333333333333	0.425	1.0	1	0.011111111111111112
79a900d67b0b	0.20418054257991852	0.14167841682498472	0.2689311516998168	0.23691208862286453	0.2556048484684772	0.09917355371900825	0.043478260869565216	0.75	1.0	0	0.09090909090909091
7ac2745d4c90	0.06608439733031304	0.3149681328686091	0.40785804161935896	0.40737952521831483	0.069074182512796	0.09090909090909091	0.02127659574468085	0.049999999999999996	0.6744523947580044	0	0.05
d9667515fb73	0.0	0.08938912861378186	0.240062131871887	0.1350232575556277	0.30339573531515385	0.1764705882352941	0.014285714285714285	0.525	1.0	1	0.14285714285714285
ea461be64d35	0.06608439733031304	0.052289288211202906	0.1530376635625889	0.12444969984297151	0.138148365025592	0.125	0.05555555555555555	0.425	1.0	1	0.013333333333333334
47a21a8cd2f0	0.5179724910036173	0.5432012509670123	0.6498746358236858	0.6458552611693253	0.47954851403953624	0.125	0.01639344262295082	0.425	0.8353423914104244	1	0.008771929824561403
ca9f6a9aad09	0.3581128414972781	0.3797185388412312	0.5146902099015025	0.47518782092005174	0.5379430027792748	0.08333333333333333	0.03225806451612903	0.09999999999999999	0.6744523947580044	0	0.5
8c31110375c5	0.913657041496575	0.829080634531919	0.8781007659745617	0.8689093554294399	0.811699393276297	0.14782608695652175	0.013157894736842105	1.0	0.43585853724275586	1	0.5
51c538382270	0.14934089169295822	0.25094701019234067	0.42712267414803223	0.42712295268425454	0.0	1.0	0.02	1.0	0.7406022510826102	0	1.0
0f355f91abee	0.5246258302225686	0.49651985725929115	0.588675064448563	0.5355898369977246	0.642335191886539	0.1	0.25	0.09999999999999999	0.5833054849228712	0	0.3333333333333333
cf1719d51c5c	0.3171525659982445	0.2903294102274493	0.4039543212038241	0.38577368121982847	0.3514123368235937	0.08695652173913043	0.023255813953488372	0.225	1.0	0	1.0
ecd08bf6c822	0.11297202341832605	0.3149681328686091	0.37264476285153675	0.3719353461784922	0.069074182512796	0.09090909090909091	0.022727272727272728	0.049999999999999996	0.6744523947580044	0	0.14285714285714285
5bafad827a5e	0.3669249431097742	0.43645520751459366	0.5194980176560676	0.5061634569731308	0.4495205947328803	0.09659090909090909	0.013333333333333334	1.0	0.6744523947580044	0	1.0
fde96ee95d30	0.0	0.0	0.03639918008035379	0.0	0.069074182512796	0.2	0.014492753623188406	0.425	1.0	1	0.058823529411764705
