revisions	files	functions	lines	addLines	deleteLines	pos	time	rf	ibf	isComponent	distance
185b6e0afc56	0.0	0.0	0.09862398942365351	0.0822567773113617	0.069074182512796	1.0	0.5	1.0	1.0	0	0.02
19e4295655c1	0.0	0.17877825722756366	0.33553592355096173	0.3053305308928899	0.3207705700156767	0.25	0.0625	1.0	0.7969240084550508	1	0.5
26596531e8a9	0.17905642074863906	0.0	0.2569438484539261	0.2569440160127405	0.0	1.0	0.3333333333333333	1.0	1.0	0	0.018518518518518517
a6b6e3cf36a4	0.8805509317854763	1.0	1.0	1.0	0.069074182512796	0.09090909090909091	0.02857142857142857	1.0	0.0	0	1.0
d96a62445802	0.0	0.0	0.08225672366991757	0.036399203817070964	0.10947998905075071	0.25	0.1	1.0	0.7969240084550508	1	0.011235955056179775
074545842dfc	0.0	0.052289288211202906	0.1808807130935711	0.1350232575556277	0.19391574626440314	0.25	0.09090909090909091	1.0	0.7969240084550508	1	0.007874015748031496
9b689c0a90fe	0.0	0.0	0.20210167028488468	0.18667454976445727	0.138148365025592	0.25	0.047619047619047616	1.0	0.7969240084550508	1	0.007042253521126761
74877d4e1c6f	0.2623129151112843	0.32045667405254846	0.41474925665589546	0.3893650194120798	0.39181814336154835	0.14285714285714285	0.125	1.0	0.6800788283204686	1	0.3333333333333333
9d3f757c78b0	0.20418054257991852	0.4621350908775332	0.4567207670379138	0.456165202527569	0.10947998905075071	1.0	0.034482758620689655	1.0	1.0	0	0.01098901098901099
18cadbb0f1e7	0.0	0.0	0.4092792547936479	0.34752345342449975	0.4548509016147307	0.25	0.045454545454545456	1.0	0.7969240084550508	1	1.0
8870deb3cd89	0.7192163022763876	0.7432839736633603	0.733626838882853	0.6902862430604149	0.7878375614353678	0.09090909090909091	0.03125	1.0	0.06625053873368952	0	0.25
eac9a4b1289c	0.24514081807895213	0.0	0.1808807130935711	0.18088083104991842	0.0	1.0	0.037037037037037035	1.0	1.0	0	0.02564102564102564
ab1b0a11ace5	0.0	0.0	0.29913674347060804	0.2907409656735231	0.1785541715635467	0.25	0.043478260869565216	1.0	0.7969240084550508	1	0.125
816c5dc4678b	0.49620898674688363	0.3575565144551274	0.5926018269847504	0.5336116426300898	0.6542482224608422	1.0	0.03333333333333333	1.0	0.7969240084550508	0	0.5
09e3f3c15fa1	0.0	0.0	0.0	0.0	0.0	0.25	0.05	1.0	0.7969240084550508	1	0.006896551724137931
384279af9228	0.0	0.14167841682498472	0.39110795471465654	0.38758730820425163	0.19391574626440314	0.25	0.08333333333333333	1.0	0.7969240084550508	1	0.008264462809917356
018c30024919	0.20418054257991852	0.08938912861378186	0.2192529709249519	0.21526261328334842	0.069074182512796	1.0	0.03571428571428571	1.0	1.0	0	0.011235955056179775
c8281a555046	0.06608439733031304	0.0	0.16803434660440356	0.16084890366004248	0.069074182512796	1.0	0.1111111111111111	1.0	1.0	0	0.07142857142857142
cbdbc0fb9c68	0.0	0.11816600049205804	0.240062131871887	0.22307375358152826	0.1785541715635467	0.25	0.16666666666666666	1.0	0.7969240084550508	1	0.029411764705882353
fc2a43593c27	0.3389160702549781	0.32045667405254846	0.5442501860512816	0.5351282859429521	0.4415441003407458	0.125	0.07692307692307693	1.0	0.6800788283204686	1	0.0625
bc5d75b27406	0.0	0.0	0.11246231544070878	0.06222484992148576	0.138148365025592	0.25	0.2	1.0	0.7969240084550508	1	0.014705882352941176
bbac3d3dec30	0.14934089169295822	0.3492335459308247	0.43731011071919407	0.422781507587797	0.36760783254622637	0.09090909090909091	0.029411764705882353	1.0	0.0717724387365165	0	0.1111111111111111
e549cc27894f	0.20418054257991852	0.2903294102274493	0.33764828980760514	0.3229360542951501	0.2629899287771991	1.0	0.05555555555555555	1.0	1.0	0	1.0
3ca62d75a91b	0.3487969244049448	0.4071307286455093	0.5712954487352659	0.5381986675784985	0.58629061163571	1.0	0.04	1.0	0.7969240084550508	0	1.0
db2cc88283eb	0.30507413907761327	0.3356461218611724	0.5097638584649279	0.4908758647318282	0.4702124763155871	0.25	0.041666666666666664	1.0	0.7969240084550508	1	1.0
ab1d44805f9b	0.11297202341832605	0.21984644927517105	0.33764828980760514	0.3253624582827659	0.2476283540763427	1.0	0.058823529411764705	1.0	1.0	0	0.3333333333333333
870bdb7ff9c8	0.11297202341832605	0.2413899532786789	0.35384141113454926	0.346583429312739	0.21895997810150142	0.1	0.030303030303030304	1.0	0.0717724387365165	0	1.0
8559551465d2	0.9771239714375873	0.9192997660272638	0.9469898526770555	0.9469904702302598	0.0	0.14285714285714285	0.038461538461538464	1.0	0.16139961028395983	1	1.0
793bd4f3fd62	0.0	0.0	0.2192529709249519	0.2067064771543332	0.138148365025592	0.25	0.14285714285714285	1.0	0.7969240084550508	1	0.009708737864077669
a4e50d7c503a	0.06608439733031304	0.2310675454387666	0.3950483989694681	0.3916818314124518	0.19391574626440314	0.25	0.05263157894736842	1.0	0.7969240084550508	1	1.0
ec9db3d2acf6	0.0	0.08938912861378186	0.16084879876695327	0.15303776336186264	0.069074182512796	0.125	1.0	1.0	0.6800788283204686	1	1.0
f2258c95c059	0.0	0.0	0.03639918008035379	0.0	0.069074182512796	0.09090909090909091	0.03225806451612903	1.0	0.0717724387365165	0	0.047619047619047616
67453e5256ba	0.0	0.11816600049205804	0.2871494402247173	0.25166181710041935	0.2823381543107977	0.25	0.07142857142857142	1.0	0.7969240084550508	1	1.0
be3686c05545	0.17905642074863906	0.19396770503618765	0.29913674347060804	0.2941941407259178	0.138148365025592	0.25	0.25	1.0	0.7969240084550508	1	0.01639344262295082
72d7cecc2dfd	0.06608439733031304	0.2310675454387666	0.37404746988795895	0.36604658088821196	0.2476283540763427	0.25	0.06666666666666667	1.0	0.7969240084550508	1	0.030303030303030304
