revisions	files	functions	lines	addLines	deleteLines	pos	time	rf	ibf	isComponent	distance
a6b6e3cf36a4	0.8805509317854763	1.0	1.0	1.0	0.069074182512796	0.2	0.1111111111111111	1.0	0.18918229901573577	0	1.0
324afef9e5bd	0.0	0.052289288211202906	0.25166165298624243	0.17468723870137876	0.29853365003343035	0.16666666666666666	0.25	1.0	0.6744523947580044	0	1.0
313ca82fe335	0.0	0.0	0.0	0.0	0.0	0.0	0.0	0.0	0.0	0	0.0
fc49d7ba1b9e	0.0	0.2598444173170428	0.37264476285153675	0.3138866670219051	0.41128124266067956	0.2	0.14285714285714285	1.0	0.8353423914104244	0	0.14285714285714285
7620cf8ef36f	0.3669249431097742	0.43862267454460646	0.4841936246057054	0.4120561806379748	0.5478091983158646	1.0	0.125	1.0	0.6239426073894736	0	1.0
9880ce9c4a5a	0.11297202341832605	0.14167841682498472	0.37812869194087817	0.3774614894865819	0.069074182512796	0.3333333333333333	0.5	1.0	1.0	1	1.0
eb7c79ef3ef7	0.2778469664164643	0.3653747416205808	0.5502135642655852	0.5500181291397608	0.10947998905075071	0.25	1.0	1.0	0.8353423914104244	1	1.0
cfdbe928f66f	0.0	0.0	0.03639918008035379	0.0	0.069074182512796	0.2	0.3333333333333333	1.0	0.8353423914104244	0	0.16666666666666666
75d78a90d621	0.6439902093325914	0.681328570390296	0.7051164009447538	0.6858004205406656	0.6882786997216056	0.5	0.16666666666666666	1.0	0.5833054849228712	0	1.0
