revisions	files	functions	lines	addLines	deleteLines	pos	time	rf	ibf	isComponent	distance
4f31df7b30bb	0.4518880936733042	0.4707934594675118	0.5224771316400801	0.4671713947276991	0.5719874715226275	0.07692307692307693	0.09090909090909091	0.23076923076923078	1.0	0	0.03333333333333333
2151e90ff0bd	0.0	0.0	0.03639918008035379	0.0	0.069074182512796	0.05263157894736842	0.03225806451612903	0.5384615384615385	0.6744523947580044	0	0.16666666666666666
4d9c92199632	0.5310181859142654	0.6007931998053314	0.5523395746325763	0.4858114883088076	0.6178992202119339	0.06666666666666667	0.027777777777777776	0.15384615384615385	0.8353423914104244	0	0.09090909090909091
885fb0553609	0.11297202341832605	0.2759856130067989	0.3437025896115514	0.3386863421603142	0.1785541715635467	0.14285714285714285	0.05	1.0	0.8353423914104244	0	0.05555555555555555
ebd3b0ceb37a	0.880917600506931	0.7961791889997339	0.8423923572835764	0.8376743442782604	0.7081127670578984	0.058823529411764705	0.021739130434782608	0.6923076923076924	0.6744523947580044	0	1.0
3ae59f888cd5	0.0	0.08938912861378186	0.29248396529100307	0.2431056809714042	0.3124613441606226	0.08333333333333333	0.018867924528301886	0.07692307692307693	0.7406022510826102	0	1.0
1f347677128b	0.11297202341832605	0.17877825722756366	0.3165664053379244	0.3022871383432432	0.23895741101628998	0.0625	0.0625	0.15384615384615385	0.8353423914104244	0	1.0
1d2c3fca8353	0.14934089169295822	0.17877825722756366	0.2907407760749784	0.2733112924399355	0.2294594675206344	0.05263157894736842	0.14285714285714285	0.07692307692307693	0.8353423914104244	1	1.0
c22944c3f643	0.17905642074863906	0.25094701019234067	0.2619324331157728	0.18667454976445727	0.308031593529086	0.07142857142857142	0.01818181818181818	0.07692307692307693	0.7406022510826102	0	1.0
0d16742315f5	0.14934089169295822	0.32572112959789795	0.42114897920955413	0.41948677147946223	0.16038528500783836	0.05263157894736842	0.019230769230769232	0.07692307692307693	0.7406022510826102	0	1.0
1356398a7395	0.11297202341832605	0.20755512910583993	0.35809677761426034	0.3446733257124728	0.276296730051184	0.14285714285714285	0.030303030303030304	1.0	0.8353423914104244	0	0.5
4737cd82c9eb	0.06608439733031304	0.42972526741990447	0.6104609495205524	0.5483364103171593	0.6776572156529694	0.06666666666666667	0.017241379310344827	0.15384615384615385	0.8353423914104244	0	1.0
5628706a2c7e	0.2623129151112843	0.42972526741990447	0.56455340792142	0.5527211306526693	0.48808433439337506	0.07692307692307693	0.1111111111111111	0.6923076923076924	0.8353423914104244	0	1.0
525251d47bfd	0.20418054257991852	0.4923369634710196	0.5567195371404215	0.5274012407164037	0.5600896982369653	0.08333333333333333	0.058823529411764705	0.23076923076923078	0.6744523947580044	0	1.0
cdba21b47239	0.14934089169295822	0.20755512910583993	0.32655128897148417	0.3265515019228631	0.0	0.08333333333333333	0.047619047619047616	0.6923076923076924	0.8353423914104244	0	1.0
d1d2b300b5ac	0.0	0.052289288211202906	0.06222480934329974	0.06222484992148576	0.0	0.058823529411764705	0.5	0.15384615384615385	0.8353423914104244	0	0.3333333333333333
a4f69019c517	0.0	0.0	0.08225672366991757	0.036399203817070964	0.10947998905075071	0.06666666666666667	0.023809523809523808	0.5384615384615385	1.0	0	0.14285714285714285
fcb697bbaa80	0.4882569619479364	0.5412764204197901	0.5034057028794717	0.4416739811001098	0.5586348843619817	0.125	0.02702702702702703	1.0	0.6744523947580044	0	0.2
8a356e2a4ca4	0.0	0.08938912861378186	0.08225672366991757	0.036399203817070964	0.10947998905075071	0.06666666666666667	0.045454545454545456	0.15384615384615385	0.8353423914104244	0	0.1
d14e12f80210	0.20418054257991852	0.28335683364996944	0.3813934671405255	0.3191688659342263	0.4247887549402079	0.07142857142857142	0.05555555555555555	0.23076923076923078	1.0	0	1.0
870bdb7ff9c8	0.11297202341832605	0.2413899532786789	0.35384141113454926	0.346583429312739	0.21895997810150142	0.04819277108433735	0.023255813953488372	0.46153846153846156	0.247376662786112	0	1.0
e4265464f96c	0.0	0.14167841682498472	0.223073608110253	0.21526261328334842	0.10947998905075071	0.0625	0.020833333333333332	0.07692307692307693	0.7406022510826102	0	1.0
d0fe1cca56aa	0.0	0.052289288211202906	0.08225672366991757	0.036399203817070964	0.10947998905075071	0.05263157894736842	0.0196078431372549	0.07692307692307693	0.7406022510826102	0	0.25
493703d05279	0.6791005062725557	0.8309406848429126	0.8581113098000227	0.8580960291375812	0.1785541715635467	0.06666666666666667	0.017543859649122806	0.07692307692307693	0.43585853724275586	0	1.0
e0a6f6c8e82e	0.0	0.16155788157855885	0.1808807130935711	0.16803445618334878	0.10947998905075071	0.06666666666666667	0.02	0.07692307692307693	0.7406022510826102	0	0.5
af5ee74674fa	0.2623129151112843	0.3956599494367154	0.4850060412260258	0.4808686904903751	0.30339573531515385	0.14285714285714285	0.25	1.0	0.8353423914104244	0	1.0
a6b6e3cf36a4	0.8805509317854763	1.0	1.0	1.0	0.069074182512796	0.14285714285714285	0.02127659574468085	1.0	0.18918229901573577	0	1.0
66b91faa289f	0.14934089169295822	0.3448615593629846	0.46741737671470107	0.4674176815279976	0.0	0.07142857142857142	0.02040816326530612	0.15384615384615385	1.0	0	1.0
ea523606754e	0.22594404683665206	0.32045667405254846	0.37404746988795895	0.36451198826472897	0.2629899287771991	0.07692307692307693	0.017857142857142856	0.07692307692307693	0.7406022510826102	0	0.5
5241706184b6	0.0	0.0	0.30681419075174	0.24604927197391604	0.34220706014788355	0.06666666666666667	0.025	0.15384615384615385	0.8353423914104244	0	0.07142857142857142
74877d4e1c6f	0.2623129151112843	0.32045667405254846	0.41474925665589546	0.3893650194120798	0.39181814336154835	0.05263157894736842	0.2	0.15384615384615385	0.7406022510826102	1	0.3333333333333333
43da8e336f08	0.0	0.21984644927517105	0.35556783787757956	0.3053305308928899	0.3815355266734186	0.5	1.0	1.0	1.0	1	1.0
bb5436a892c1	0.0	0.0	0.0	0.0	0.0	0.0	0.0	0.0	0.0	0	0.0
8d3383935a74	0.20418054257991852	0.3448615593629846	0.41736414319077336	0.3972250415423424	0.37481480202904494	0.25	0.08333333333333333	1.0	0.6744523947580044	0	1.0
9bfca09c3c53	0.5840568883339302	0.6113504670300618	0.5451858549904106	0.47290343602146634	0.6154435810378307	0.14285714285714285	0.02857142857142857	1.0	0.6239426073894736	0	0.5
778b318bf89a	0.06608439733031304	0.11816600049205804	0.23691193412730824	0.22673840454420918	0.138148365025592	0.07692307692307693	0.018518518518518517	0.07692307692307693	0.7406022510826102	0	0.14285714285714285
ca4b3f058b14	0.06608439733031304	0.14167841682498472	0.2889630660264346	0.28714962748127176	0.069074182512796	0.14285714285714285	0.024390243902439025	1.0	0.8353423914104244	0	0.06666666666666667
8870deb3cd89	0.7192163022763876	0.7432839736633603	0.733626838882853	0.6902862430604149	0.7878375614353678	0.04938271604938271	0.02631578947368421	0.46153846153846156	0.24289940852075484	0	0.25
3b2a90971455	0.0	0.2759856130067989	0.223073608110253	0.2067064771543332	0.16038528500783836	0.05263157894736842	0.037037037037037035	0.5384615384615385	0.6744523947580044	0	0.02857142857142857
516d55e8b29f	0.06608439733031304	0.11816600049205804	0.23691193412730824	0.22673840454420918	0.138148365025592	0.058823529411764705	0.02564102564102564	0.07692307692307693	0.8353423914104244	0	1.0
84a1d576b4ec	0.11297202341832605	0.3448615593629846	0.458095547716768	0.44200101782755763	0.39934269602412836	0.07692307692307693	0.022222222222222223	0.07692307692307693	0.7406022510826102	0	1.0
e47108d175e2	0.17905642074863906	0.20755512910583993	0.38758705545008815	0.16084890366004248	0.49173503495514326	0.058823529411764705	0.06666666666666667	0.15384615384615385	0.8353423914104244	0	1.0
4f7e74b1693c	0.6713378878609267	0.5810155599702417	0.49403880287675733	0.4319969231724721	0.5486226965523323	0.06666666666666667	0.034482758620689655	0.15384615384615385	0.6744523947580044	0	0.2
fc2a43593c27	0.3389160702549781	0.32045667405254846	0.5442501860512816	0.5351282859429521	0.4415441003407458	0.05263157894736842	0.16666666666666666	0.15384615384615385	0.7406022510826102	1	0.0625
8d40f46de45c	0.3581128414972781	0.42740157838101095	0.42712267414803223	0.3456334576711989	0.49244939629783346	0.06666666666666667	0.041666666666666664	0.5384615384615385	1.0	0	0.08333333333333333
0e5dc4730276	0.17905642074863906	0.11816600049205804	0.24310552243687084	0.24006228842175747	0.069074182512796	0.05263157894736842	0.03125	0.5384615384615385	0.6744523947580044	0	0.3333333333333333
eaf43055f658	0.816110086311535	0.7015815654631168	0.7270539814176639	0.653475242730424	0.8182987474796194	0.06666666666666667	0.029411764705882353	0.15384615384615385	0.520586676751911	0	0.5
bbac3d3dec30	0.14934089169295822	0.3492335459308247	0.43731011071919407	0.422781507587797	0.36760783254622637	0.04597701149425287	0.022727272727272728	0.46153846153846156	0.247376662786112	0	0.1111111111111111
313ca82fe335	0.0	0.0	0.0	0.0	0.0	0.0	0.0	0.0	0.0	0	0.0
7ac2745d4c90	0.06608439733031304	0.3149681328686091	0.40785804161935896	0.40737952521831483	0.069074182512796	0.05263157894736842	0.04	0.5384615384615385	0.6744523947580044	0	0.05
1d4b118142c3	0.06608439733031304	0.2413899532786789	0.3813934671405255	0.34937447740275757	0.37481480202904494	0.14285714285714285	0.05263157894736842	1.0	0.8353423914104244	0	0.05263157894736842
bde560f59f66	0.06608439733031304	0.08938912861378186	0.24889923737319897	0.22307375358152826	0.21895997810150142	0.058823529411764705	0.125	0.15384615384615385	0.8353423914104244	0	0.5
8559551465d2	0.9771239714375873	0.9192997660272638	0.9469898526770555	0.9469904702302598	0.0	1.0	0.1	1.0	0.32004795996593227	1	1.0
b7ae67e1f58b	0.0	0.11816600049205804	0.1350231695040073	0.0822567773113617	0.16038528500783836	0.06666666666666667	0.07142857142857142	0.23076923076923078	1.0	0	0.25
805d879dc0cf	0.06608439733031304	0.25094701019234067	0.29248396529100307	0.22673840454420918	0.33206411128999513	0.14285714285714285	0.03571428571428571	1.0	0.6744523947580044	0	0.04
ec9db3d2acf6	0.0	0.08938912861378186	0.16084879876695327	0.15303776336186264	0.069074182512796	0.05263157894736842	0.3333333333333333	0.15384615384615385	0.7406022510826102	1	1.0
f2258c95c059	0.0	0.0	0.03639918008035379	0.0	0.069074182512796	0.04597701149425287	0.038461538461538464	0.46153846153846156	0.247376662786112	0	0.047619047619047616
ecd08bf6c822	0.11297202341832605	0.3149681328686091	0.37264476285153675	0.3719353461784922	0.069074182512796	0.05263157894736842	0.043478260869565216	0.5384615384615385	0.6744523947580044	0	0.14285714285714285
