revisions	files	functions	lines	addLines	deleteLines	pos	time	rf	ibf	isComponent	distance
2cf8af195faf	0.0	0.0	0.09862398942365351	0.0822567773113617	0.069074182512796	0.5	0.2	1.0	0.7969240084550508	0	0.25
feb1dfaab6a2	0.06608439733031304	0.11816600049205804	0.223073608110253	0.1972481074771134	0.19391574626440314	1.0	0.02564102564102564	1.0	1.0	1	0.16666666666666666
4d8a4a572925	0.0	0.0	0.16803434660440356	0.06222484992148576	0.2294594675206344	0.5	0.3333333333333333	1.0	0.7969240084550508	0	0.034482758620689655
a6b6e3cf36a4	0.8805509317854763	1.0	1.0	1.0	0.069074182512796	0.14285714285714285	0.03225806451612903	1.0	0.0	0	1.0
f4bfb98befda	0.0	0.0	0.14448153301321734	0.1444816272328475	0.0	1.0	0.027777777777777776	1.0	1.0	1	0.027777777777777776
18c67f102f36	0.06608439733031304	0.19396770503618765	0.3022869412151867	0.2754236600741	0.276296730051184	0.1	0.058823529411764705	1.0	0.6800788283204686	0	0.5
62592a124e6d	0.3171525659982445	0.42262468958867977	0.5881639090526827	0.5467243089501344	0.6230208561613149	1.0	0.030303030303030304	1.0	1.0	1	0.25
b3dcb286377d	0.11297202341832605	0.26816738584134553	0.4097480361401522	0.3572619215579765	0.4438889845418409	0.25	0.029411764705882353	1.0	0.5361998237655339	0	1.0
50979096838a	0.17905642074863906	0.2310675454387666	0.2958719682709606	0.28340860774971316	0.20722254753838798	1.0	0.02631578947368421	1.0	1.0	1	0.2
ba9fd7dd4576	0.7396159142397352	0.747270728626659	0.7823707068483857	0.7575343746537336	0.79608211859879	1.0	0.09090909090909091	1.0	0.6800788283204686	1	0.030303030303030304
0077965610b5	0.0	0.0	0.06222480934329974	0.036399203817070964	0.069074182512796	1.0	0.03125	1.0	1.0	1	0.058823529411764705
8870deb3cd89	0.7192163022763876	0.7432839736633603	0.733626838882853	0.6902862430604149	0.7878375614353678	0.1	0.041666666666666664	1.0	0.06625053873368952	0	0.25
bb276c9cffeb	0.2778469664164643	0.46910766745501303	0.5121861686322841	0.5093026398385373	0.29853365003343035	0.5	0.045454545454545456	1.0	0.6800788283204686	0	1.0
c645711facc3	0.11297202341832605	0.14167841682498472	0.1866744280298992	0.12444969984297151	0.21895997810150142	1.0	0.02857142857142857	1.0	1.0	1	0.06666666666666667
d0bc44447e65	0.5673870541888975	0.6874022177069344	0.6181220070797211	0.5580739452023848	0.6837899868533016	0.5	0.043478260869565216	1.0	0.4443452373419177	0	0.5
26b76d6dd17e	0.0	0.0	0.1530376635625889	0.12444969984297151	0.138148365025592	0.14285714285714285	0.034482758620689655	1.0	0.7969240084550508	0	0.16666666666666666
4eb20f0e3a98	0.0	0.0	0.03639918008035379	0.0	0.069074182512796	0.5	0.08333333333333333	1.0	0.7969240084550508	0	0.058823529411764705
8bcba18dda1b	0.0	0.08938912861378186	0.1866744280298992	0.0986240537385567	0.23895741101628998	1.0	0.05	1.0	1.0	1	0.0625
032c630a740d	0.0	0.0	0.12444961868659946	0.0986240537385567	0.10947998905075071	0.5	0.16666666666666666	1.0	0.7969240084550508	0	0.2
85a3e43952a0	0.11297202341832605	0.37627936829392306	0.41113986904127436	0.354709005947806	0.4506097091862146	0.5	0.03571428571428571	1.0	0.5361998237655339	0	0.05555555555555555
e5630c0f2cc3	0.0	0.0	0.1350231695040073	0.0986240537385567	0.138148365025592	1.0	0.1	1.0	1.0	1	0.015625
89dace4eb5e3	0.30507413907761327	0.3863333863334036	0.45836799534275946	0.4400206842355211	0.41128124266067956	1.0	0.14285714285714285	1.0	1.0	1	0.14285714285714285
0da9e77846b8	0.14934089169295822	0.4469456430689092	0.5043886115000714	0.44068566121983893	0.5618788482798318	0.14285714285714285	1.0	1.0	0.6800788283204686	0	0.25
e482f2c5d40e	0.06608439733031304	0.11816600049205804	0.16084879876695327	0.12444969984297151	0.16038528500783836	0.1	0.07142857142857142	1.0	0.6800788283204686	0	0.16666666666666666
3915a9571923	0.0	0.0	0.03639918008035379	0.0	0.069074182512796	0.1	0.07692307692307693	1.0	0.6800788283204686	0	0.05555555555555555
3e22d9c7b912	0.2778469664164643	0.20755512910583993	0.29913674347060804	0.2795048847884751	0.2476283540763427	1.0	0.125	1.0	1.0	1	1.0
fa691fec980b	0.0	0.08938912861378186	0.24889923737319897	0.2431056809714042	0.10947998905075071	0.5	0.023809523809523808	1.0	0.7969240084550508	0	0.2
b4085d2e2003	0.3283973124415973	0.4621350908775332	0.4700828509626587	0.4247809551034229	0.4993247415792234	0.14285714285714285	0.05555555555555555	1.0	0.6800788283204686	0	1.0
bbac3d3dec30	0.14934089169295822	0.3492335459308247	0.43731011071919407	0.422781507587797	0.36760783254622637	0.08333333333333333	0.03333333333333333	1.0	0.0717724387365165	0	0.1111111111111111
b8c63a046f4e	0.20418054257991852	0.38951777658204884	0.48759673934798464	0.4705593999170489	0.4366820150590223	0.14285714285714285	0.038461538461538464	1.0	0.6800788283204686	0	1.0
eec94b4608ac	0.3283973124415973	0.4098458026663303	0.5108316704889717	0.49797396329556165	0.4366820150590223	1.0	0.023255813953488372	1.0	1.0	1	0.06666666666666667
42ba34699778	0.3487969244049448	0.43425068797676647	0.5118869302756786	0.48973226350343374	0.4865857650926326	1.0	0.025	1.0	1.0	1	0.045454545454545456
0ddb6cc8cd64	0.20418054257991852	0.3092355778889529	0.4504083548541403	0.40244578470528286	0.48194990687870054	1.0	0.024390243902439025	1.0	1.0	1	0.3333333333333333
5af91e08b3e2	0.3752849385296103	0.3356461218611724	0.6322352840739165	0.3869868278221867	0.7642415269927317	1.0	0.5	1.0	0.6800788283204686	1	0.022727272727272728
870bdb7ff9c8	0.11297202341832605	0.2413899532786789	0.35384141113454926	0.346583429312739	0.21895997810150142	0.09090909090909091	0.037037037037037035	1.0	0.0717724387365165	0	1.0
0d92de166f08	0.11297202341832605	0.08938912861378186	0.20210167028488468	0.18667454976445727	0.138148365025592	1.0	0.047619047619047616	1.0	1.0	1	0.2
d203051ac6c2	0.30507413907761327	0.32572112959789795	0.5309848156562414	0.4745085883046332	0.5829026486124866	1.0	0.1111111111111111	1.0	1.0	1	0.015873015873015872
6b904670d0c2	0.0	0.0	0.11246231544070878	0.036399203817070964	0.16038528500783836	0.5	0.25	1.0	0.7969240084550508	0	0.05263157894736842
72aedcdfe763	0.11297202341832605	0.08938912861378186	0.2110863048643623	0.1444816272328475	0.2476283540763427	1.0	0.022727272727272728	1.0	1.0	1	0.07142857142857142
8c31110375c5	0.913657041496575	0.829080634531919	0.8781007659745617	0.8689093554294399	0.811699393276297	1.0	0.022222222222222223	1.0	0.304231441824193	1	0.5
493703d05279	0.6791005062725557	0.8309406848429126	0.8581113098000227	0.8580960291375812	0.1785541715635467	0.3333333333333333	0.021739130434782608	1.0	0.304231441824193	0	1.0
f2258c95c059	0.0	0.0	0.03639918008035379	0.0	0.069074182512796	0.08333333333333333	0.06666666666666667	1.0	0.0717724387365165	0	0.047619047619047616
4e73f562958e	0.6516434546199201	0.4151102582116798	0.46667648042788323	0.42318497560358853	0.49244939629783346	1.0	0.02702702702702703	1.0	1.0	1	0.014285714285714285
75d78a90d621	0.6439902093325914	0.681328570390296	0.7051164009447538	0.6858004205406656	0.6882786997216056	1.0	0.0625	1.0	0.48608113195938263	1	0.023255813953488372
99887e26dd71	0.20418054257991852	0.3448615593629846	0.42032158695756006	0.3520813603382579	0.47370943092672824	1.0	0.05263157894736842	1.0	1.0	1	0.5
c31b1a730e25	0.0	0.0	0.08225672366991757	0.06222484992148576	0.069074182512796	0.1	0.04	1.0	0.6800788283204686	0	0.02631578947368421
