revisions	files	functions	lines	addLines	deleteLines	pos	time	rf	ibf	isComponent	distance
1681e9bf49ea	0.06608439733031304	0.3403361388061225	0.35726168857966106	0.30072585581844824	0.39181814336154835	0.1111111111111111	0.023809523809523808	0.5714285714285714	0.6239426073894736	0	1.0
ad093273ed7e	0.0	0.052289288211202906	0.09862398942365351	0.0822567773113617	0.069074182512796	0.07142857142857142	0.024390243902439025	0.04761904761904762	1.0	0	0.5
240757961e17	0.0	0.0	0.27748728224918834	0.21925311390470442	0.308031593529086	0.07692307692307693	0.013333333333333334	0.04761904761904762	1.0	0	0.1111111111111111
da4080f9a31b	0.17905642074863906	0.3032362984035436	0.37812869194087817	0.3712200317770567	0.23895741101628998	0.09090909090909091	0.02631578947368421	0.2380952380952381	0.7406022510826102	0	0.5
df1417548b5a	0.24514081807895213	0.2413899532786789	0.4393504581802702	0.43935074469050317	0.0	0.3333333333333333	0.014705882352941176	0.14285714285714285	1.0	0	1.0
8a6ca676de56	0.0	0.11816600049205804	0.1866744280298992	0.18088083104991842	0.069074182512796	0.02702702702702703	1.0	0.04761904761904762	1.0	0	0.012658227848101266
3e658a03c59b	0.06608439733031304	0.16155788157855885	0.2302591559477033	0.21108644251844974	0.1785541715635467	0.07407407407407407	0.015151515151515152	0.14285714285714285	1.0	0	1.0
482ea75b5e4c	0.06608439733031304	0.14167841682498472	0.16084879876695327	0.12444969984297151	0.16038528500783836	0.125	0.02564102564102564	0.09523809523809525	1.0	0	0.05555555555555555
6c63340072aa	0.0	0.19396770503618765	0.24889923737319897	0.21526261328334842	0.23895741101628998	0.0392156862745098	0.011494252873563218	0.14285714285714285	1.0	0	0.030303030303030304
4737cd82c9eb	0.06608439733031304	0.42972526741990447	0.6104609495205524	0.5483364103171593	0.6776572156529694	0.022727272727272728	0.008849557522123894	0.04761904761904762	0.8353423914104244	0	1.0
28ac6c2fe563	0.06608439733031304	0.19396770503618765	0.20210167028488468	0.16084890366004248	0.20722254753838798	0.1746031746031746	0.2	0.8571428571428571	0.7406022510826102	0	1.0
225f159e9860	0.3389160702549781	0.4015228341420275	0.3893647654986319	0.36295070573993404	0.36760783254622637	0.14285714285714285	0.0625	0.14285714285714285	0.7406022510826102	0	0.1111111111111111
5628706a2c7e	0.2623129151112843	0.42972526741990447	0.56455340792142	0.5527211306526693	0.48808433439337506	0.024390243902439025	0.038461538461538464	0.04761904761904762	0.8353423914104244	0	1.0
31c2625be723	0.0	0.0	0.03639918008035379	0.0	0.069074182512796	1.0	0.14285714285714285	0.5238095238095238	1.0	1	0.08333333333333333
10fbee232078	0.06608439733031304	0.052289288211202906	0.12444961868659946	0.0986240537385567	0.10947998905075071	0.16666666666666666	0.014925373134328358	0.14285714285714285	1.0	0	0.3333333333333333
5b689e02e319	0.0	0.0	0.03639918008035379	0.0	0.069074182512796	0.1111111111111111	0.08333333333333333	0.5714285714285714	0.7406022510826102	0	0.5
439e09d216d9	0.06608439733031304	0.37274596226375134	0.4219688152624057	0.36830037664521104	0.4589189350412688	0.0392156862745098	0.013888888888888888	0.14285714285714285	0.8353423914104244	0	0.3333333333333333
6fdd74056d64	0.0	0.0	0.11246231544070878	0.0986240537385567	0.069074182512796	0.034482758620689655	0.09090909090909091	0.09523809523809525	1.0	1	0.25
2950200d2578	0.0	0.2598444173170428	0.37193510363131554	0.35296581559500884	0.3207705700156767	0.05263157894736842	0.01282051282051282	0.2857142857142857	0.8353423914104244	0	1.0
4f225bb4d911	0.06608439733031304	0.20755512910583993	0.26432647962818445	0.2569440160127405	0.138148365025592	0.06666666666666667	0.05263157894736842	0.2380952380952381	1.0	0	0.3333333333333333
f2a0a4315195	0.5430966128348967	0.5269326231991397	0.5256181432578809	0.47008315751417046	0.5757602746755276	0.03636363636363636	0.012658227848101266	0.14285714285714285	0.7406022510826102	0	1.0
a6b6e3cf36a4	0.8805509317854763	1.0	1.0	1.0	0.069074182512796	0.14285714285714285	0.009259259259259259	1.0	0.18918229901573577	0	1.0
63540ed8c724	0.11297202341832605	0.16155788157855885	0.23364715892766083	0.16084890366004248	0.276296730051184	0.2	0.5	0.8571428571428571	0.7406022510826102	0	1.0
1dd53fc82d69	0.06608439733031304	0.11816600049205804	0.1808807130935711	0.16084890366004248	0.138148365025592	0.07142857142857142	0.017241379310344827	0.04761904761904762	1.0	0	0.25
3997a50b7cd8	0.0	0.08938912861378186	0.1350231695040073	0.0822567773113617	0.16038528500783836	0.07692307692307693	0.016129032258064516	0.04761904761904762	1.0	0	0.04
bb5436a892c1	0.0	0.0	0.0	0.0	0.0	0.0	0.0	0.0	0.0	0	0.0
f00cb5b08a6b	0.06608439733031304	0.25094701019234067	0.2889630660264346	0.21925311390470442	0.33206411128999513	0.125	0.07142857142857142	0.09523809523809525	1.0	0	0.047619047619047616
ea9d34413f1b	0.06608439733031304	0.052289288211202906	0.16084879876695327	0.15303776336186264	0.069074182512796	0.04081632653061224	0.012048192771084338	0.14285714285714285	1.0	0	1.0
4f7e74b1693c	0.6713378878609267	0.5810155599702417	0.49403880287675733	0.4319969231724721	0.5486226965523323	0.022727272727272728	0.011111111111111112	0.04761904761904762	0.6744523947580044	0	0.2
afa073274618	0.7661039283644008	0.8441891019595081	0.8869796960717886	0.8733079103306942	0.8586774927871119	0.04	0.008928571428571428	0.04761904761904762	0.5833054849228712	0	1.0
0e5dc4730276	0.17905642074863906	0.11816600049205804	0.24310552243687084	0.24006228842175747	0.069074182512796	0.03389830508474576	0.010638297872340425	0.14285714285714285	0.6744523947580044	0	0.3333333333333333
e40326dfa9b6	0.6359598079137424	0.6978926532612499	0.7844671428377498	0.7844676544062703	0.0	0.023809523809523808	0.018518518518518517	0.04761904761904762	0.8353423914104244	0	1.0
c54faef3e7dc	0.30507413907761327	0.3653747416205808	0.4413454608120656	0.41474952712313623	0.4247887549402079	0.02702702702702703	0.01694915254237288	0.04761904761904762	1.0	0	0.04
b59ed1dad51e	0.0	0.2310675454387666	0.37193510363131554	0.3712200317770567	0.069074182512796	0.03773584905660377	0.016666666666666666	0.14285714285714285	0.8353423914104244	0	1.0
f7e9a6739560	0.22594404683665206	0.32045667405254846	0.40445167108458346	0.36528256366046225	0.4159901334763155	0.05555555555555555	0.023255813953488372	0.6666666666666666	0.7406022510826102	0	1.0
30b89717bac5	0.0	0.0	0.03639918008035379	0.0	0.069074182512796	0.03571428571428571	0.1	0.09523809523809525	1.0	1	1.0
5022e6103bb8	0.06608439733031304	0.16155788157855885	0.26665833602805705	0.23025930610483455	0.2629899287771991	1.0	0.3333333333333333	0.14285714285714285	1.0	1	1.0
32779c162dc9	0.0	0.08938912861378186	0.23691193412730824	0.18667454976445727	0.2556048484684772	0.02702702702702703	0.022727272727272728	0.04761904761904762	1.0	0	0.16666666666666666
0fcbe9b75b36	0.11297202341832605	0.3092355778889529	0.3899495976898972	0.3668041506363452	0.3571083431270934	0.5	0.02857142857142857	0.8571428571428571	1.0	1	1.0
8559551465d2	0.9771239714375873	0.9192997660272638	0.9469898526770555	0.9469904702302598	0.0	1.0	0.02702702702702703	1.0	0.32004795996593227	1	1.0
bf53e37e0d28	0.24514081807895213	0.3032362984035436	0.30382153283792823	0.22307375358152826	0.3571083431270934	0.07142857142857142	0.011363636363636364	0.09523809523809525	1.0	0	0.029411764705882353
7012373d248c	0.14934089169295822	0.38951777658204884	0.4696040689005133	0.4676632944921593	0.21895997810150142	0.1	0.017857142857142856	0.2857142857142857	0.34664378435925264	0	1.0
456e9caacb50	0.17905642074863906	0.33077908189246075	0.48337378855285384	0.4765310601812294	0.34843740006704066	0.125	0.020833333333333332	0.09523809523809525	1.0	0	1.0
01c3e53683be	0.06608439733031304	0.052289288211202906	0.1530376635625889	0.1350232575556277	0.10947998905075071	0.02702702702702703	0.013513513513513514	0.04761904761904762	1.0	0	0.01639344262295082
ecd08bf6c822	0.11297202341832605	0.3149681328686091	0.37264476285153675	0.3719353461784922	0.069074182512796	0.03389830508474576	0.014285714285714285	0.14285714285714285	0.6744523947580044	0	0.14285714285714285
18191cbac7cc	0.0	0.0	0.08225672366991757	0.0822567773113617	0.0	0.1111111111111111	0.034482758620689655	0.5714285714285714	0.7406022510826102	0	0.3333333333333333
7e22a9fd89f9	0.30507413907761327	0.37627936829392306	0.46492356569060317	0.4572735065108259	0.3389394565713851	0.07692307692307693	0.011627906976744186	0.04761904761904762	1.0	0	0.16666666666666666
7806941e4a5b	0.17905642074863906	0.4320078270524341	0.510070245874487	0.4868078523925453	0.4888252521600905	0.09090909090909091	0.022222222222222223	0.4761904761904762	1.0	0	1.0
2151e90ff0bd	0.0	0.0	0.03639918008035379	0.0	0.069074182512796	0.03389830508474576	0.010752688172043012	0.14285714285714285	0.6744523947580044	0	0.16666666666666666
4d9c92199632	0.5310181859142654	0.6007931998053314	0.5523395746325763	0.4858114883088076	0.6178992202119339	0.022727272727272728	0.01	0.04761904761904762	0.8353423914104244	0	0.09090909090909091
8bc8d1cd23df	0.47989696652810027	0.5311961934070335	0.6640621244208003	0.628471309295926	0.6950276113690792	0.08695652173913043	0.012345679012345678	0.14285714285714285	0.7406022510826102	0	1.0
ebd3b0ceb37a	0.880917600506931	0.7961791889997339	0.8423923572835764	0.8376743442782604	0.7081127670578984	0.021739130434782608	0.009345794392523364	0.04761904761904762	0.6744523947580044	0	1.0
db5695982144	0.06608439733031304	0.16155788157855885	0.19724797884730702	0.16084890366004248	0.19391574626440314	0.04	0.03125	0.2857142857142857	1.0	1	0.5
941546773c90	0.0	0.0	0.22673825668313485	0.0986240537385567	0.29853365003343035	0.034482758620689655	0.04	0.09523809523809525	1.0	1	0.058823529411764705
a7ad2044b480	0.17905642074863906	0.3149681328686091	0.40445167108458346	0.39053089920676354	0.3284399671522521	0.5	0.027777777777777776	0.8571428571428571	0.8353423914104244	1	0.25
1d2c3fca8353	0.14934089169295822	0.17877825722756366	0.2907407760749784	0.2733112924399355	0.2294594675206344	0.03571428571428571	0.047619047619047616	0.2857142857142857	0.8353423914104244	1	1.0
0d16742315f5	0.14934089169295822	0.32572112959789795	0.42114897920955413	0.41948677147946223	0.16038528500783836	0.02	0.009009009009009009	0.04761904761904762	0.7406022510826102	0	1.0
6370a12c8e9e	0.24514081807895213	0.28335683364996944	0.3851606530447835	0.3697720732509864	0.3167025365891387	0.03529411764705882	0.16666666666666666	0.1904761904761905	0.8353423914104244	1	0.5
cdba21b47239	0.14934089169295822	0.20755512910583993	0.32655128897148417	0.3265515019228631	0.0	0.025	0.01818181818181818	0.04761904761904762	0.8353423914104244	0	1.0
d0216ad21b66	0.14934089169295822	0.26816738584134553	0.3807499416331062	0.3572619215579765	0.34843740006704066	0.045454545454545456	0.05	0.3333333333333333	0.6239426073894736	0	1.0
32f3e0522438	0.2778469664164643	0.48354074211263887	0.6271110125443109	0.5729810009895621	0.6863651425622366	0.2	0.02040816326530612	0.8571428571428571	0.5833054849228712	0	1.0
fcb697bbaa80	0.4882569619479364	0.5412764204197901	0.5034057028794717	0.4416739811001098	0.5586348843619817	0.027777777777777776	0.009900990099009901	0.04761904761904762	0.6744523947580044	0	0.2
8a356e2a4ca4	0.0	0.08938912861378186	0.08225672366991757	0.036399203817070964	0.10947998905075071	0.022727272727272728	0.01639344262295082	0.04761904761904762	0.8353423914104244	0	0.1
f05231a07d01	0.11297202341832605	0.2598444173170428	0.26665833602805705	0.23364731129418437	0.2556048484684772	0.03225806451612903	0.1111111111111111	0.09523809523809525	1.0	1	1.0
870bdb7ff9c8	0.11297202341832605	0.2413899532786789	0.35384141113454926	0.346583429312739	0.21895997810150142	0.03271028037383177	0.009615384615384616	0.5238095238095238	0.247376662786112	0	1.0
d0fe1cca56aa	0.0	0.052289288211202906	0.08225672366991757	0.036399203817070964	0.10947998905075071	0.02	0.00909090909090909	0.04761904761904762	0.7406022510826102	0	0.25
6e884f89e0b6	0.0	0.08938912861378186	0.20210167028488468	0.18667454976445727	0.138148365025592	0.02702702702702703	0.015625	0.04761904761904762	1.0	0	0.014925373134328358
f46b53a2a16a	0.0	0.0	0.0	0.0	0.0	0.058823529411764705	0.030303030303030304	0.2857142857142857	1.0	1	0.047619047619047616
c723cda8a798	0.06608439733031304	0.2413899532786789	0.2795047025172246	0.2643266520013773	0.20722254753838798	0.02702702702702703	0.0136986301369863	0.04761904761904762	1.0	0	0.014705882352941176
38e7c65dfdd2	0.4116538068042425	0.45476387023436265	0.4231846996354073	0.3597442405161959	0.4719762919282766	0.058823529411764705	0.058823529411764705	0.2857142857142857	0.8353423914104244	1	0.03225806451612903
0ec1dbdaddd6	0.24514081807895213	0.4673995464228827	0.5249727671939045	0.4990178295038078	0.5146863162800799	0.041666666666666664	0.02127659574468085	0.3333333333333333	0.6239426073894736	0	1.0
37b047d7ffa2	0.06608439733031304	0.3830683701036636	0.4620979084942046	0.4319969231724721	0.45791738911779134	0.0392156862745098	0.017543859649122806	0.14285714285714285	0.8353423914104244	0	0.09090909090909091
4c9f1ec424c8	0.14934089169295822	0.44285129116709593	0.4908755446209372	0.4586399177067642	0.4952567081526854	0.06818181818181819	0.03333333333333333	0.2380952380952381	1.0	0	1.0
f084174cf4ce	0.557035373968769	0.6119123905882309	0.5998624031791463	0.5319491602593552	0.6719481529484599	0.045454545454545456	0.010416666666666666	0.3333333333333333	0.5494652828006168	0	0.14285714285714285
2d3e6e03b3ed	0.06608439733031304	0.11816600049205804	0.20670634235651703	0.2021018020798915	0.069074182512796	0.03571428571428571	0.25	0.09523809523809525	1.0	1	0.14285714285714285
5241706184b6	0.0	0.0	0.30681419075174	0.24604927197391604	0.34220706014788355	0.022727272727272728	0.009708737864077669	0.04761904761904762	0.8353423914104244	0	0.07142857142857142
8d3383935a74	0.20418054257991852	0.3448615593629846	0.41736414319077336	0.3972250415423424	0.37481480202904494	0.03125	0.02	0.04761904761904762	0.6744523947580044	0	1.0
9bfca09c3c53	0.5840568883339302	0.6113504670300618	0.5451858549904106	0.47290343602146634	0.6154435810378307	0.02857142857142857	0.01020408163265306	0.04761904761904762	0.6239426073894736	0	0.5
c6ae97d234e8	0.0	0.0	0.06222480934329974	0.06222484992148576	0.0	0.02702702702702703	0.011904761904761904	0.04761904761904762	1.0	0	0.012987012987012988
8870deb3cd89	0.7192163022763876	0.7432839736633603	0.733626838882853	0.6902862430604149	0.7878375614353678	0.03167420814479638	0.00980392156862745	0.5238095238095238	0.24289940852075484	0	0.25
1482584928f5	0.2920284441669651	0.2310675454387666	0.4278899559459768	0.4235866383873218	0.2476283540763427	0.023809523809523808	0.018867924528301886	0.04761904761904762	1.0	0	0.2
a8e67ec3eec0	0.17905642074863906	0.32045667405254846	0.35726168857966106	0.33764850999558577	0.308031593529086	0.25	0.041666666666666664	0.5238095238095238	0.6744523947580044	0	0.5
3b2a90971455	0.0	0.2759856130067989	0.223073608110253	0.2067064771543332	0.16038528500783836	0.03389830508474576	0.012195121951219513	0.14285714285714285	0.6744523947580044	0	0.02857142857142857
d0bc44447e65	0.5673870541888975	0.6874022177069344	0.6181220070797211	0.5580739452023848	0.6837899868533016	0.22916666666666669	0.010526315789473684	0.8571428571428571	0.5494652828006168	0	0.3333333333333333
4604f2663587	0.22594404683665206	0.2413899532786789	0.42438433562346894	0.3961434443332668	0.41128124266067956	0.03225806451612903	0.125	0.09523809523809525	1.0	1	0.0625
512c70ac8e6f	0.06608439733031304	0.3356461218611724	0.2619324331157728	0.2067064771543332	0.2880341606142974	0.0392156862745098	0.015384615384615385	0.14285714285714285	1.0	0	1.0
81312e998aac	0.2623129151112843	0.3863333863334036	0.41650094977225893	0.3933810269187905	0.38577671910193473	0.034482758620689655	0.043478260869565216	0.09523809523809525	1.0	1	0.006666666666666667
2967401542eb	0.0	0.052289288211202906	0.11246231544070878	0.06222484992148576	0.138148365025592	0.1	0.05555555555555555	0.5714285714285714	0.7406022510826102	0	0.1
0d2b887e7ad1	0.0	0.052289288211202906	0.1921167866513249	0.18667454976445727	0.069074182512796	0.03225806451612903	0.029411764705882353	0.09523809523809525	1.0	1	0.058823529411764705
0da6f771bfa5	0.0	0.11816600049205804	0.223073608110253	0.22307375358152826	0.0	0.2	0.010869565217391304	0.8571428571428571	0.7406022510826102	0	0.2
afc8bbe5a4d1	0.06608439733031304	0.16155788157855885	0.20670634235651703	0.18667454976445727	0.16038528500783836	0.034482758620689655	0.07692307692307693	0.09523809523809525	1.0	1	0.007142857142857143
eaf43055f658	0.816110086311535	0.7015815654631168	0.7270539814176639	0.653475242730424	0.8182987474796194	0.022727272727272728	0.010309278350515464	0.04761904761904762	0.520586676751911	0	0.5
bbac3d3dec30	0.14934089169295822	0.3492335459308247	0.43731011071919407	0.422781507587797	0.36760783254622637	0.03167420814479638	0.009433962264150943	0.5238095238095238	0.247376662786112	0	0.1111111111111111
4b3d6c320b05	0.3389160702549781	0.37627936829392306	0.4605183118954066	0.4169338558692918	0.48582794409789526	1.0	0.03225806451612903	0.14285714285714285	1.0	1	0.25
313ca82fe335	0.0	0.0	0.0	0.0	0.0	0.0	0.0	0.0	0.0	0	0.0
13374d0158f9	0.06608439733031304	0.2413899532786789	0.3845436648851043	0.3832970694666971	0.10947998905075071	0.02127659574468085	0.009174311926605505	0.04761904761904762	1.0	0	1.0
f1d579860625	0.14934089169295822	0.3653747416205808	0.382032412356413	0.37334909952891454	0.2629899287771991	0.07407407407407407	0.014084507042253521	0.14285714285714285	0.8353423914104244	0	1.0
6cf4ee58ea02	0.06608439733031304	0.21984644927517105	0.3152364339923866	0.3022871383432432	0.2294594675206344	0.03225806451612903	0.06666666666666667	0.09523809523809525	1.0	1	0.045454545454545456
2c9472137fd4	0.14934089169295822	0.3956599494367154	0.46617913054712384	0.4251755556614198	0.48733786662913303	0.2	0.037037037037037035	0.8571428571428571	0.6744523947580044	0	1.0
7dc951d9b531	0.17905642074863906	0.37627936829392306	0.45836799534275946	0.43052522656669684	0.44730599291478756	0.08	0.021739130434782608	0.14285714285714285	0.8353423914104244	0	0.2
7ac2745d4c90	0.06608439733031304	0.3149681328686091	0.40785804161935896	0.40737952521831483	0.069074182512796	0.03389830508474576	0.013157894736842105	0.14285714285714285	0.6744523947580044	0	0.05
967be6917cb8	0.0	0.0	0.06222480934329974	0.036399203817070964	0.069074182512796	0.027777777777777776	0.019230769230769232	0.04761904761904762	1.0	0	0.5
370f35c6869b	0.06608439733031304	0.2310675454387666	0.35641875821878183	0.354709005947806	0.10947998905075071	0.1	0.045454545454545456	0.5714285714285714	0.6239426073894736	0	0.25
9b11529e0071	0.11297202341832605	0.11816600049205804	0.1746871247840085	0.1350232575556277	0.1785541715635467	0.02702702702702703	0.015873015873015872	0.04761904761904762	1.0	0	0.015384615384615385
57b488e7b3db	0.06608439733031304	0.25094701019234067	0.46790793216413384	0.4312640906750884	0.48035542517347557	0.1111111111111111	0.0125	0.14285714285714285	0.8353423914104244	0	0.1111111111111111
d5dc607f61dc	0.4050004675852912	0.47732453868615715	0.5814470313174377	0.5622745469056304	0.5506278543542981	0.08	0.011235955056179775	0.14285714285714285	0.7406022510826102	0	1.0
8027842efbc0	0.06608439733031304	0.08938912861378186	0.2192529709249519	0.21108644251844974	0.10947998905075071	0.045454545454545456	0.025	0.3333333333333333	0.6239426073894736	0	1.0
805d879dc0cf	0.06608439733031304	0.25094701019234067	0.29248396529100307	0.22673840454420918	0.33206411128999513	0.02857142857142857	0.011764705882352941	0.04761904761904762	0.6744523947580044	0	0.07142857142857142
f2258c95c059	0.0	0.0	0.03639918008035379	0.0	0.069074182512796	0.03167420814479638	0.012987012987012988	0.5238095238095238	0.247376662786112	0	0.047619047619047616
97d7fd2a2857	0.3752849385296103	0.3092355778889529	0.41430594008159954	0.1921169119349664	0.5207612317114303	0.02702702702702703	0.014492753623188406	0.04761904761904762	1.0	0	0.013157894736842105
c69dce88c617	0.11297202341832605	0.19396770503618765	0.29248396529100307	0.25166181710041935	0.29853365003343035	0.2	0.009523809523809525	0.8571428571428571	0.7406022510826102	0	0.14285714285714285
dabaacb8e0c2	0.11297202341832605	0.19396770503618765	0.4064139661289901	0.4059276636691618	0.069074182512796	0.09090909090909091	0.03571428571428571	0.2857142857142857	0.5494652828006168	0	1.0
ade6c9a744a5	0.5213331085781631	0.5831355187099546	0.5311058830027904	0.4791587057907776	0.5769867883806371	0.019230769230769232	0.010101010101010102	0.04761904761904762	0.8353423914104244	0	0.3333333333333333
